tsunami_inundation/1860.asc
ncols        89
nrows        96
xllcorner    425855.973699999973
yllcorner    5091051.504999999888
cellsize     55.000000000000
NODATA_value  -9999.00
[rows 0 to 36 of 96, columns 0 to 83 of 89]
-9999.00 0.19 0.19 0.20 0.20 0.21 0.21 0.22 0.22 0.22 0.23 0.23 0.23 0.24 0.24 0.24 0.24 0.25 0.25 0.25 0.25 0.26 0.26 0.26 0.27 0.27 0.27 0.28 0.29 0.29 0.31 0.31 0.32 0.33 0.34 0.36 0.38 0.39 0.40 0.41 0.35 0.00 0.00 0.00 0.00 0.00 0.00 0.00 0.00 0.00 0.00 0.07 0.07 0.07 0.07 0.08 0.08 0.08 0.08 0.00 0.00 0.00 0.00 0.00 0.00 0.00 0.00 0.00 0.00 0.00 0.00 0.00 0.00 0.00 0.00 0.00 0.00 0.00 0.00 0.00 0.00 0.00 0.00 0.00
-9999.00 0.19 0.19 0.20 0.20 0.21 0.21 0.22 0.22 0.22 0.23 0.23 0.24 0.24 0.24 0.24 0.25 0.25 0.25 0.25 0.26 0.26 0.26 0.26 0.27 0.27 0.27 0.28 0.29 0.30 0.31 0.31 0.32 0.33 0.35 0.37 0.38 0.39 0.40 0.41 0.37 0.00 0.00 0.00 0.00 0.00 0.00 0.00 0.00 0.00 0.07 0.07 0.07 0.07 0.07 0.07 0.08 0.08 0.08 0.00 0.00 0.00 0.00 0.00 0.00 0.00 0.00 0.00 0.00 0.00 0.00 0.00 0.00 0.00 0.00 0.00 0.00 0.00 0.00 0.00 0.00 0.00 0.00 0.00
-9999.00 0.19 0.20 0.20 0.20 0.21 0.21 0.22 0.22 0.22 0.23 0.23 0.24 0.24 0.24 0.25 0.25 0.25 0.25 0.25 0.26 0.26 0.26 0.27 0.27 0.27 0.28 0.28 0.28 0.30 0.31 0.31 0.32 0.34 0.35 0.36 0.38 0.39 0.40 0.41 0.39 0.00 0.00 0.00 0.00 0.00 0.00 0.00 0.00 0.07 0.07 0.07 0.07 0.07 0.07 0.08 0.08 0.08 0.00 0.00 0.00 0.00 0.00 0.00 0.00 0.00 0.00 0.00 0.00 0.00 0.00 0.00 0.00 0.00 0.00 0.00 0.00 0.00 0.00 0.00 0.00 0.00 0.00 0.00
-9999.00 0.19 0.20 0.20 0.20 0.21 0.21 0.22 0.22 0.22 0.23 0.23 0.24 0.24 0.24 0.25 0.25 0.25 0.25 0.26 0.26 0.26 0.26 0.27 0.27 0.27 0.28 0.28 0.29 0.30 0.31 0.31 0.32 0.34 0.35 0.36 0.38 0.39 0.40 0.41 0.43 0.00 0.00 0.00 0.00 0.00 0.00 0.00 0.00 0.07 0.07 0.07 0.07 0.07 0.07 0.08 0.08 0.07 0.00 0.00 0.00 0.00 0.00 0.00 0.00 0.00 0.00 0.00 0.00 0.00 0.00 0.00 0.00 0.00 0.00 0.00 0.00 0.00 0.00 0.00 0.00 0.00 0.00 0.00
-9999.00 0.19 0.20 0.20 0.20 0.21 0.21 0.22 0.22 0.22 0.23 0.23 0.24 0.24 0.24 0.25 0.25 0.25 0.26 0.26 0.26 0.26 0.27 0.27 0.27 0.27 0.28 0.28 0.29 0.30 0.31 0.31 0.33 0.34 0.35 0.36 0.38 0.39 0.40 0.42 0.43 0.00 0.00 0.00 0.00 0.00 0.00 0.00 0.07 0.07 0.07 0.07 0.07 0.08 0.08 0.08 0.07 0.07 0.07 0.00 0.00 0.00 0.00 0.00 0.00 0.00 0.00 0.00 0.00 0.00 0.00 0.00 0.00 0.00 0.00 0.00 0.00 0.00 0.00 0.00 0.00 0.00 0.00 0.00
-9999.00 0.19 0.20 0.20 0.20 0.21 0.21 0.22 0.22 0.23 0.23 0.23 0.24 0.24 0.24 0.25 0.25 0.25 0.26 0.26 0.26 0.26 0.27 0.27 0.27 0.27 0.28 0.28 0.29 0.30 0.31 0.32 0.33 0.34 0.35 0.36 0.38 0.39 0.40 0.42 0.43 0.00 0.00 0.00 0.00 0.00 0.00 0.00 0.07 0.07 0.08 0.08 0.08 0.08 0.08 0.08 0.07 0.07 0.07 0.07 0.10 0.00 0.00 0.00 0.00 0.00 0.00 0.00 0.00 0.00 0.00 0.00 0.00 0.00 0.00 0.00 0.00 0.00 0.00 0.00 0.00 0.00 0.00 0.00
-9999.00 0.19 0.20 0.20 0.20 0.21 0.21 0.22 0.22 0.23 0.23 0.23 0.24 0.24 0.24 0.25 0.25 0.26 0.26 0.26 0.26 0.26 0.27 0.27 0.27 0.27 0.28 0.28 0.29 0.30 0.31 0.32 0.33 0.34 0.35 0.36 0.38 0.39 0.40 0.42 0.43 0.00 0.00 0.00 0.00 0.00 0.00 0.00 0.08 0.08 0.08 0.08 0.08 0.08 0.08 0.08 0.08 0.07 0.07 0.07 0.07 0.07 0.00 0.00 0.00 0.00 0.00 0.00 0.00 0.00 0.00 0.00 0.00 0.00 0.00 0.00 0.00 0.00 0.00 0.00 0.00 0.00 0.00 0.00
-9999.00 0.19 0.20 0.20 0.21 0.21 0.21 0.22 0.22 0.23 0.23 0.23 0.24 0.24 0.24 0.25 0.25 0.26 0.26 0.26 0.26 0.26 0.27 0.27 0.27 0.28 0.28 0.28 0.29 0.30 0.31 0.32 0.33 0.34 0.35 0.36 0.37 0.39 0.40 0.41 0.43 0.44 0.00 0.00 0.00 0.00 0.00 0.00 0.08 0.08 0.08 0.08 0.08 0.08 0.08 0.08 0.08 0.08 0.00 0.00 0.07 0.07 0.07 0.08 0.08 0.00 0.00 0.00 0.00 0.00 0.00 0.00 0.00 0.00 0.00 0.00 0.00 0.00 0.00 0.00 0.00 0.00 0.00 0.00
-9999.00 0.19 0.20 0.20 0.21 0.21 0.21 0.22 0.22 0.23 0.23 0.23 0.24 0.24 0.24 0.25 0.25 0.26 0.26 0.26 0.26 0.26 0.27 0.27 0.27 0.28 0.28 0.29 0.29 0.30 0.31 0.32 0.33 0.34 0.35 0.36 0.37 0.39 0.40 0.41 0.43 0.00 0.00 0.00 0.00 0.00 0.00 0.00 0.09 0.09 0.09 0.09 0.09 0.08 0.08 0.08 0.08 0.08 0.00 0.00 0.00 0.07 0.07 0.08 0.08 0.08 0.00 0.00 0.00 0.00 0.00 0.00 0.00 0.00 0.00 0.00 0.00 0.00 0.00 0.00 0.00 0.00 0.00 0.00
-9999.00 0.19 0.20 0.20 0.21 0.21 0.21 0.22 0.22 0.23 0.23 0.23 0.24 0.24 0.24 0.25 0.25 0.25 0.26 0.26 0.26 0.26 0.27 0.27 0.27 0.28 0.28 0.29 0.30 0.30 0.31 0.32 0.33 0.34 0.35 0.36 0.37 0.39 0.40 0.41 0.42 0.00 0.00 0.00 0.00 0.00 0.00 0.10 0.09 0.09 0.09 0.09 0.09 0.09 0.08 0.08 0.08 0.00 0.00 0.00 0.00 0.00 0.00 0.00 0.01 0.07 0.00 0.00 0.00 0.00 0.00 0.00 0.00 0.00 0.00 0.00 0.00 0.00 0.00 0.00 0.00 0.00 0.00 0.00
-9999.00 0.19 0.20 0.20 0.21 0.21 0.21 0.22 0.22 0.23 0.23 0.23 0.24 0.24 0.24 0.25 0.25 0.25 0.26 0.26 0.26 0.26 0.27 0.27 0.27 0.28 0.28 0.29 0.30 0.30 0.31 0.32 0.33 0.33 0.35 0.36 0.37 0.39 0.40 0.41 0.41 0.27 0.20 0.00 0.00 0.00 0.11 0.10 0.09 0.09 0.09 0.09 0.09 0.09 0.09 0.08 0.00 0.00 0.00 0.00 0.00 0.00 0.00 0.00 0.00 0.07 0.00 0.00 0.00 0.00 0.00 0.00 0.00 0.00 0.00 0.00 0.00 0.00 0.00 0.00 0.00 0.00 0.00 0.00
-9999.00 0.19 0.20 0.20 0.21 0.21 0.21 0.22 0.22 0.23 0.23 0.23 0.24 0.24 0.24 0.25 0.25 0.25 0.26 0.26 0.26 0.26 0.27 0.27 0.27 0.28 0.28 0.29 0.30 0.30 0.31 0.32 0.33 0.33 0.35 0.36 0.37 0.38 0.39 0.40 0.41 0.27 0.19 0.12 0.10 0.14 0.12 0.11 0.10 0.09 0.09 0.09 0.09 0.09 0.09 0.08 0.00 0.00 0.00 0.00 0.00 0.00 0.00 0.00 0.00 0.07 0.00 0.00 0.00 0.00 0.00 0.00 0.00 0.00 0.00 0.00 0.00 0.00 0.00 0.00 0.00 0.00 0.00 0.00
0.19 0.20 0.20 0.20 0.21 0.21 0.21 0.22 0.22 0.23 0.23 0.23 0.24 0.24 0.24 0.25 0.25 0.25 0.25 0.26 0.26 0.26 0.27 0.27 0.27 0.28 0.28 0.29 0.30 0.30 0.31 0.32 0.33 0.34 0.35 0.36 0.37 0.38 0.39 0.39 0.37 0.29 0.19 0.12 0.14 0.17 0.14 0.12 0.10 0.09 0.09 0.09 0.09 0.09 0.09 0.00 0.00 0.00 0.00 0.00 0.00 0.00 0.00 0.00 0.00 0.06 0.00 0.00 0.00 0.00 0.00 0.00 0.00 0.00 0.00 0.00 0.00 0.00 0.00 0.00 0.00 0.00 0.00 0.00
0.19 0.20 0.20 0.20 0.21 0.21 0.21 0.22 0.22 0.23 0.23 0.23 0.23 0.24 0.24 0.25 0.25 0.25 0.25 0.26 0.26 0.26 0.27 0.27 0.27 0.28 0.28 0.29 0.30 0.30 0.31 0.32 0.33 0.33 0.34 0.35 0.36 0.37 0.39 0.39 0.38 0.31 0.22 0.16 0.18 0.19 0.17 0.15 0.11 0.09 0.09 0.09 0.09 0.09 0.09 0.00 0.00 0.00 0.00 0.00 0.00 0.00 0.00 0.00 0.00 0.06 0.00 0.00 0.00 0.00 0.00 0.00 0.00 0.00 0.00 0.00 0.00 0.00 0.00 0.00 0.00 0.00 0.00 0.00
0.19 0.20 0.20 0.20 0.21 0.21 0.21 0.22 0.22 0.23 0.23 0.23 0.23 0.24 0.24 0.25 0.25 0.25 0.25 0.26 0.26 0.26 0.26 0.27 0.27 0.28 0.28 0.29 0.29 0.30 0.31 0.32 0.32 0.33 0.34 0.35 0.36 0.37 0.38 0.39 0.38 0.35 0.25 0.20 0.22 0.21 0.20 0.20 0.17 0.09 0.09 0.09 0.09 0.09 0.09 0.00 0.00 0.00 0.00 0.00 0.00 0.00 0.00 0.00 0.00 -0.00 0.00 0.00 0.00 0.00 0.00 0.00 0.00 0.00 0.00 0.00 0.00 0.00 0.00 0.00 0.00 0.00 0.00 0.00
0.19 0.19 0.20 0.20 0.21 0.21 0.21 0.22 0.22 0.23 0.23 0.23 0.23 0.24 0.24 0.25 0.25 0.25 0.25 0.26 0.26 0.26 0.26 0.27 0.27 0.28 0.28 0.29 0.29 0.30 0.30 0.31 0.32 0.33 0.34 0.35 0.36 0.37 0.38 0.38 0.37 0.34 0.28 0.25 0.24 0.23 0.22 0.22 0.19 0.11 0.10 0.09 0.08 0.08 0.00 0.00 0.00 0.00 0.00 0.00 0.00 0.00 0.00 0.00 0.00 0.00 0.00 0.00 0.00 0.00 0.00 0.00 0.00 0.00 0.00 0.00 0.00 0.00 0.00 0.00 0.00 0.00 0.00 0.00
0.19 0.19 0.20 0.20 0.21 0.21 0.21 0.22 0.22 0.22 0.23 0.23 0.23 0.24 0.24 0.24 0.25 0.25 0.25 0.26 0.26 0.26 0.26 0.27 0.27 0.28 0.28 0.29 0.29 0.30 0.30 0.31 0.32 0.33 0.34 0.35 0.36 0.37 0.38 0.38 0.37 0.34 0.29 0.27 0.27 0.25 0.23 0.22 0.19 0.14 0.09 0.08 0.08 0.08 0.00 0.00 0.00 0.00 0.00 0.00 0.00 0.00 0.00 0.00 0.00 0.00 0.00 0.00 0.00 0.00 0.00 0.00 0.00 0.00 0.00 0.00 0.00 0.00 0.00 0.00 0.00 0.00 0.00 0.00
0.19 0.19 0.20 0.20 0.21 0.21 0.21 0.22 0.22 0.22 0.23 0.23 0.23 0.24 0.24 0.24 0.25 0.25 0.25 0.26 0.26 0.26 0.26 0.27 0.27 0.27 0.28 0.29 0.29 0.30 0.30 0.31 0.32 0.33 0.34 0.35 0.36 0.37 0.38 0.38 0.37 0.35 0.33 0.30 0.29 0.26 0.24 0.23 0.15 0.10 0.08 0.08 0.08 0.08 0.00 0.00 0.00 0.00 0.00 0.00 0.00 0.00 0.00 0.00 0.00 0.00 0.00 0.00 0.00 0.00 0.00 0.00 0.00 0.00 0.00 0.00 0.00 0.00 0.00 0.00 0.00 0.00 0.00 0.00
0.19 0.20 0.20 0.20 0.21 0.21 0.21 0.22 0.22 0.22 0.23 0.23 0.23 0.24 0.24 0.24 0.25 0.25 0.25 0.26 0.26 0.26 0.26 0.27 0.27 0.27 0.28 0.29 0.29 0.30 0.30 0.31 0.32 0.33 0.34 0.35 0.36 0.37 0.38 0.38 0.38 0.36 0.35 0.32 0.31 0.29 0.00 0.00 0.10 0.08 0.07 0.07 0.07 0.07 0.00 0.00 0.00 0.00 0.00 0.00 0.00 0.00 0.00 0.00 0.00 0.00 0.00 0.00 0.00 0.00 0.00 0.00 0.00 0.00 0.00 0.00 0.00 0.00 0.00 0.00 0.00 0.00 0.00 0.00
0.19 0.20 0.20 0.20 0.21 0.21 0.21 0.22 0.22 0.22 0.23 0.23 0.24 0.24 0.24 0.24 0.25 0.25 0.25 0.25 0.26 0.26 0.26 0.27 0.27 0.28 0.28 0.29 0.29 0.30 0.30 0.32 0.32 0.33 0.34 0.35 0.36 0.37 0.38 0.39 0.38 0.38 0.37 0.35 0.32 0.08 0.00 0.00 0.00 0.07 0.07 0.07 0.07 0.07 0.07 0.00 0.00 0.00 0.00 0.00 0.00 0.00 0.00 0.00 0.00 0.00 0.00 0.00 0.00 0.00 0.00 0.00 0.00 0.00 0.00 0.00 0.00 0.00 0.00 0.00 0.00 0.00 0.00 0.00
0.19 0.20 0.20 0.20 0.21 0.21 0.21 0.22 0.22 0.22 0.23 0.23 0.24 0.24 0.24 0.24 0.25 0.25 0.25 0.25 0.26 0.26 0.26 0.27 0.27 0.27 0.28 0.29 0.29 0.30 0.30 0.31 0.33 0.34 0.35 0.36 0.37 0.38 0.38 0.39 0.39 0.38 0.38 0.37 0.00 0.00 0.00 0.00 0.00 0.03 0.07 0.07 0.07 0.07 0.06 0.00 0.00 0.00 0.00 0.00 0.00 -0.00 -0.00 -0.00 0.00 0.00 0.00 0.00 0.00 0.00 0.00 0.00 0.00 0.00 0.00 0.00 0.00 0.00 0.00 0.00 0.00 0.00 0.00 0.00
0.19 0.20 0.20 0.21 0.21 0.21 0.21 0.22 0.22 0.22 0.23 0.23 0.24 0.24 0.24 0.24 0.25 0.25 0.25 0.25 0.26 0.26 0.26 0.27 0.27 0.28 0.28 0.29 0.29 0.30 0.31 0.31 0.33 0.34 0.35 0.36 0.37 0.38 0.39 0.39 0.39 0.39 0.39 0.41 0.00 0.00 0.00 0.00 0.00 0.00 0.00 0.07 0.07 0.07 0.00 0.00 0.00 0.00 0.00 0.00 0.00 0.00 0.00 0.00 0.00 0.00 0.00 0.00 0.00 0.00 0.00 0.00 0.00 0.00 0.00 0.00 0.00 0.00 0.00 0.00 0.00 0.00 0.00 0.00
0.19 0.20 0.20 0.21 0.21 0.21 0.22 0.22 0.22 0.22 0.23 0.23 0.24 0.24 0.24 0.24 0.25 0.25 0.25 0.25 0.26 0.26 0.26 0.27 0.27 0.28 0.28 0.29 0.30 0.30 0.31 0.31 0.33 0.34 0.35 0.36 0.37 0.38 0.39 0.40 0.39 0.39 0.32 0.29 0.00 0.00 0.00 0.00 0.00 0.00 0.00 0.06 0.06 0.07 0.00 0.00 0.00 0.00 0.00 0.00 0.00 0.00 0.00 0.00 0.00 0.00 0.00 0.00 0.00 0.00 0.00 0.00 0.00 0.00 0.00 0.00 0.00 0.00 0.00 0.00 0.00 0.00 0.00 0.00
0.19 0.20 0.20 0.21 0.21 0.21 0.22 0.22 0.22 0.22 0.23 0.23 0.24 0.24 0.24 0.24 0.25 0.25 0.25 0.25 0.26 0.26 0.26 0.27 0.27 0.28 0.29 0.29 0.30 0.30 0.31 0.31 0.33 0.34 0.35 0.36 0.37 0.38 0.39 0.40 0.36 0.28 0.24 0.00 0.00 0.00 0.00 0.00 0.00 0.00 0.00 0.00 0.06 0.06 0.00 0.00 0.00 0.00 0.00 0.00 0.00 0.00 0.00 0.00 0.00 0.00 0.00 0.00 0.00 0.00 0.00 0.00 0.00 0.00 0.00 0.00 0.00 0.00 0.00 0.00 0.00 0.00 0.00 0.00
0.20 0.20 0.20 0.20 0.21 0.21 0.22 0.22 0.22 0.23 0.23 0.23 0.24 0.24 0.24 0.24 0.25 0.25 0.25 0.25 0.26 0.26 0.26 0.27 0.27 0.27 0.29 0.29 0.30 0.30 0.31 0.32 0.33 0.34 0.35 0.37 0.38 0.39 0.41 0.38 0.31 0.22 0.20 0.00 0.00 0.00 0.00 0.00 0.00 0.00 0.00 0.06 0.06 0.06 0.00 0.00 0.00 0.00 0.00 0.00 0.00 0.00 0.00 0.00 0.00 0.00 0.00 0.00 0.00 0.00 0.00 0.00 0.00 0.00 0.00 0.00 0.00 0.00 0.00 0.00 0.00 0.00 0.00 0.00
0.20 0.20 0.20 0.21 0.21 0.21 0.22 0.22 0.22 0.23 0.23 0.23 0.24 0.24 0.24 0.24 0.25 0.25 0.25 0.25 0.26 0.26 0.26 0.27 0.28 0.28 0.29 0.29 0.30 0.31 0.31 0.32 0.33 0.34 0.35 0.37 0.38 0.39 0.40 0.36 0.25 0.16 0.06 0.00 0.00 0.00 0.00 0.00 0.00 0.00 0.00 0.06 0.06 0.06 0.00 0.00 0.00 0.00 0.00 0.00 0.00 0.00 0.00 0.00 0.00 0.00 0.00 0.00 0.00 0.00 0.00 0.00 0.00 0.00 0.00 0.00 0.00 0.00 0.00 0.00 0.00 0.00 0.00 0.00
0.20 0.20 0.20 0.21 0.21 0.21 0.22 0.22 0.22 0.23 0.23 0.23 0.24 0.24 0.24 0.24 0.25 0.25 0.25 0.25 0.26 0.26 0.26 0.27 0.27 0.28 0.29 0.30 0.30 0.31 0.31 0.32 0.33 0.34 0.36 0.38 0.39 0.40 0.42 0.32 0.19 0.11 0.00 0.00 0.00 0.00 0.00 0.00 0.00 0.00 0.00 0.06 0.06 0.00 0.00 0.00 0.00 0.00 0.00 0.00 0.00 0.00 0.00 0.00 0.00 0.00 0.00 0.00 0.00 0.00 0.00 0.00 0.00 0.00 0.00 0.00 0.00 0.00 0.00 0.00 0.00 0.00 0.00 0.00
0.20 0.20 0.20 0.21 0.21 0.21 0.22 0.22 0.22 0.23 0.23 0.24 0.24 0.24 0.24 0.24 0.25 0.25 0.25 0.25 0.26 0.26 0.26 0.27 0.28 0.28 0.29 0.30 0.30 0.31 0.32 0.32 0.33 0.35 0.36 0.38 0.40 0.41 0.42 0.29 0.13 0.09 0.00 0.00 0.00 0.00 0.00 0.00 0.00 0.00 0.05 0.05 0.00 0.00 0.00 0.00 0.00 0.00 0.00 0.00 0.00 0.00 0.00 0.00 0.00 0.00 0.00 0.00 0.00 0.00 0.00 0.00 0.00 0.00 0.00 0.00 0.00 0.00 0.00 0.00 0.00 0.00 0.00 0.00
0.20 0.20 0.20 0.21 0.21 0.21 0.22 0.22 0.22 0.23 0.23 0.24 0.24 0.24 0.24 0.24 0.25 0.25 0.25 0.25 0.26 0.26 0.26 0.27 0.27 0.28 0.29 0.30 0.30 0.31 0.32 0.32 0.33 0.35 0.37 0.39 0.40 0.41 0.37 0.26 0.13 0.00 0.00 0.00 0.00 0.00 0.00 0.00 0.00 0.00 0.06 0.06 0.00 0.00 0.00 0.00 0.00 0.00 0.00 0.00 0.00 0.00 0.00 0.00 0.00 0.00 0.00 0.00 0.00 0.00 0.00 0.00 0.00 0.00 0.00 0.00 0.00 0.00 0.00 0.00 0.00 0.00 0.00 0.00
0.20 0.20 0.20 0.21 0.21 0.22 0.22 0.22 0.22 0.23 0.23 0.24 0.24 0.24 0.24 0.24 0.25 0.25 0.25 0.25 0.26 0.26 0.26 0.27 0.27 0.28 0.29 0.30 0.30 0.31 0.32 0.33 0.34 0.35 0.37 0.39 0.40 0.43 0.36 0.27 0.00 0.00 0.00 0.00 0.00 0.00 0.00 0.00 0.00 0.00 0.06 0.00 0.00 0.00 0.00 0.00 0.00 0.00 0.00 0.00 0.00 0.00 0.00 0.00 0.00 0.00 0.00 0.00 0.00 0.00 0.00 0.00 0.00 0.00 0.00 0.00 0.00 0.00 0.00 0.00 0.00 0.00 0.00 0.00
0.20 0.20 0.20 0.21 0.21 0.22 0.22 0.22 0.22 0.23 0.23 0.24 0.24 0.24 0.24 0.25 0.25 0.25 0.25 0.25 0.26 0.26 0.26 0.27 0.28 0.28 0.29 0.30 0.31 0.31 0.32 0.33 0.34 0.35 0.37 0.39 0.41 0.43 0.35 0.31 0.00 0.00 0.00 0.00 0.00 0.00 0.00 0.00 0.00 0.06 0.06 0.00 0.00 0.00 0.00 0.00 0.00 0.00 0.00 0.00 0.00 0.00 0.00 0.00 0.00 0.00 0.00 0.00 0.00 0.00 0.00 0.00 0.00 0.00 0.00 0.00 0.00 0.00 0.00 0.00 0.00 0.00 0.00 0.00
0.20 0.20 0.20 0.21 0.21 0.22 0.22 0.22 0.22 0.23 0.23 0.24 0.24 0.24 0.24 0.25 0.25 0.25 0.25 0.25 0.26 0.26 0.26 0.27 0.28 0.28 0.29 0.30 0.31 0.31 0.32 0.33 0.35 0.36 0.38 0.39 0.41 0.40 0.34 0.33 0.00 0.00 0.00 0.00 0.00 0.00 0.00 0.00 0.00 0.05 0.00 0.00 0.00 0.00 0.00 0.00 0.00 0.00 0.00 0.00 0.00 0.00 0.00 0.00 0.00 0.00 0.00 0.00 0.00 0.00 0.00 0.00 0.00 0.00 0.00 0.00 0.00 0.00 0.00 0.00 0.00 0.00 0.00 0.00
0.20 0.20 0.20 0.21 0.21 0.22 0.22 0.22 0.23 0.23 0.23 0.24 0.24 0.24 0.24 0.25 0.25 0.25 0.25 0.25 0.26 0.26 0.26 0.27 0.28 0.28 0.29 0.30 0.31 0.32 0.33 0.34 0.35 0.36 0.38 0.39 0.41 0.40 0.35 0.32 0.00 0.00 0.00 0.00 0.00 0.00 0.00 0.00 0.00 0.05 0.00 0.00 0.00 0.00 0.00 0.00 0.00 0.00 0.00 0.00 0.00 0.00 0.00 0.00 0.00 0.00 0.00 0.00 0.00 0.00 0.00 0.00 0.00 0.00 0.00 0.00 0.00 0.00 0.00 0.00 0.00 0.00 0.00 0.00
0.20 0.20 0.20 0.21 0.21 0.22 0.22 0.22 0.23 0.23 0.23 0.24 0.24 0.24 0.24 0.25 0.25 0.25 0.25 0.25 0.26 0.26 0.26 0.27 0.28 0.28 0.29 0.30 0.31 0.32 0.33 0.34 0.35 0.36 0.38 0.40 0.42 0.40 0.37 0.00 0.00 0.00 0.00 0.00 0.00 0.00 0.00 0.00 0.00 0.05 0.00 0.00 0.00 0.00 0.00 0.00 0.00 0.00 0.00 0.00 0.00 0.00 0.00 0.00 0.00 0.00 0.00 0.00 0.00 0.00 0.00 0.00 0.00 0.00 0.00 0.00 0.00 0.00 0.00 0.00 0.00 0.00 0.00 0.00
0.20 0.20 0.20 0.21 0.21 0.21 0.22 0.22 0.23 0.23 0.23 0.24 0.24 0.24 0.24 0.25 0.25 0.25 0.25 0.25 0.26 0.26 0.26 0.27 0.28 0.29 0.29 0.30 0.31 0.32 0.33 0.34 0.35 0.36 0.38 0.40 0.41 0.39 0.00 0.00 0.00 0.00 0.00 0.00 0.00 0.00 0.00 0.00 0.00 0.05 0.00 0.00 0.00 0.00 0.00 0.00 0.00 0.00 0.00 0.00 0.00 0.00 0.00 0.00 0.00 0.00 0.00 0.00 0.00 0.00 0.00 0.00 0.00 0.00 0.00 0.00 0.00 0.00 0.00 0.00 0.00 0.00 0.00 0.00
0.20 0.20 0.20 0.21 0.21 0.21 0.22 0.22 0.23 0.23 0.24 0.24 0.24 0.24 0.24 0.25 0.25 0.25 0.25 0.25 0.26 0.26 0.26 0.27 0.28 0.29 0.29 0.30 0.31 0.32 0.33 0.34 0.35 0.37 0.38 0.40 0.41 0.37 0.09 0.00 0.00 0.00 0.00 0.00 0.00 0.00 0.00 0.00 0.00 0.05 0.00 0.00 0.00 0.00 0.00 0.00 0.00 0.00 0.00 0.00 0.00 0.00 0.00 0.00 0.00 0.00 0.00 0.00 0.00 0.00 0.00 0.00 0.00 0.00 0.00 0.00 0.00 0.00 0.00 0.00 0.00 0.00 0.00 0.00
0.19 0.20 0.20 0.21 0.21 0.21 0.22 0.22 0.23 0.23 0.24 0.24 0.24 0.24 0.24 0.25 0.25 0.25 0.25 0.25 0.26 0.26 0.27 0.27 0.28 0.29 0.29 0.30 0.31 0.32 0.33 0.34 0.35 0.37 0.38 0.40 0.41 0.33 0.28 0.00 0.00 0.00 0.00 0.00 0.00 0.00 0.00 0.00 0.00 0.06 0.00 0.00 0.00 0.00 0.00 0.00 0.00 0.00 0.00 0.00 0.00 0.00 0.00 0.00 0.00 0.00 0.00 0.00 0.00 0.00 0.00 0.00 0.00 0.00 0.00 0.00 0.00 0.00 0.00 0.00 0.00 0.00 0.00 0.00
