tsunami_inundation/2040.asc
ncols        89
nrows        96
xllcorner    425855.973699999973
yllcorner    5091051.504999999888
cellsize     55.000000000000
NODATA_value  -9999.00
[rows 0 to 35 of 96, columns 0 to 82 of 89]
-9999.00 0.59 0.55 0.48 0.44 0.41 0.36 0.33 0.31 0.28 0.26 0.24 0.22 0.21 0.18 0.17 0.16 0.14 0.13 0.12 0.11 0.10 0.09 0.09 0.09 0.08 0.08 0.08 0.08 0.07 0.07 0.07 0.07 0.07 0.07 0.07 0.07 0.07 0.08 0.09 0.09 0.00 0.00 0.00 0.00 0.00 0.00 0.00 0.00 0.00 0.00 0.11 0.11 0.11 0.10 0.10 0.09 0.09 0.09 0.00 0.00 0.00 0.00 0.00 0.00 0.00 0.00 0.00 0.00 0.00 0.00 0.00 0.00 0.00 0.00 0.00 0.00 0.00 0.00 0.00 0.00 0.00 0.00
-9999.00 0.59 0.55 0.47 0.44 0.40 0.36 0.33 0.30 0.28 0.26 0.24 0.22 0.21 0.18 0.17 0.15 0.14 0.13 0.12 0.11 0.10 0.10 0.09 0.09 0.09 0.08 0.08 0.08 0.08 0.08 0.07 0.07 0.07 0.07 0.07 0.07 0.08 0.08 0.09 0.11 0.00 0.00 0.00 0.00 0.00 0.00 0.00 0.00 0.00 0.11 0.11 0.11 0.11 0.10 0.10 0.09 0.09 0.09 0.00 0.00 0.00 0.00 0.00 0.00 0.00 0.00 0.00 0.00 0.00 0.00 0.00 0.00 0.00 0.00 0.00 0.00 0.00 0.00 0.00 0.00 0.00 0.00
-9999.00 0.59 0.51 0.47 0.44 0.40 0.37 0.33 0.30 0.28 0.26 0.24 0.22 0.21 0.19 0.16 0.15 0.14 0.13 0.12 0.11 0.11 0.10 0.10 0.09 0.09 0.09 0.09 0.08 0.08 0.08 0.08 0.08 0.08 0.08 0.08 0.08 0.08 0.09 0.10 0.10 0.00 0.00 0.00 0.00 0.00 0.00 0.00 0.00 0.12 0.11 0.11 0.11 0.11 0.11 0.10 0.10 0.09 0.00 0.00 0.00 0.00 0.00 0.00 0.00 0.00 0.00 0.00 0.00 0.00 0.00 0.00 0.00 0.00 0.00 0.00 0.00 0.00 0.00 0.00 0.00 0.00 0.00
-9999.00 0.59 0.51 0.47 0.44 0.40 0.37 0.33 0.30 0.28 0.26 0.24 0.22 0.21 0.19 0.17 0.15 0.14 0.13 0.12 0.12 0.11 0.10 0.10 0.09 0.09 0.09 0.09 0.09 0.09 0.09 0.09 0.08 0.08 0.08 0.08 0.09 0.09 0.09 0.10 0.10 0.00 0.00 0.00 0.00 0.00 0.00 0.00 0.02 0.12 0.12 0.11 0.11 0.11 0.11 0.10 0.10 0.10 0.00 0.00 0.00 0.00 0.00 0.00 0.00 0.00 0.00 0.00 0.00 0.00 0.00 0.00 0.00 0.00 0.00 0.00 0.00 0.00 0.00 0.00 0.00 0.00 0.00
-9999.00 0.59 0.50 0.47 0.43 0.40 0.37 0.33 0.30 0.28 0.26 0.24 0.22 0.21 0.19 0.16 0.15 0.15 0.14 0.13 0.12 0.11 0.11 0.10 0.10 0.10 0.10 0.09 0.09 0.09 0.09 0.09 0.09 0.09 0.09 0.09 0.09 0.09 0.10 0.10 0.09 0.00 0.00 0.00 0.00 0.00 0.00 0.00 0.12 0.12 0.12 0.12 0.12 0.12 0.11 0.11 0.10 0.11 0.11 0.00 0.00 0.00 0.00 0.00 0.00 0.00 0.00 0.00 0.00 0.00 0.00 0.00 0.00 0.00 0.00 0.00 0.00 0.00 0.00 0.00 0.00 0.00 0.00
-9999.00 0.58 0.50 0.47 0.43 0.40 0.37 0.33 0.30 0.28 0.26 0.24 0.22 0.21 0.19 0.16 0.16 0.15 0.14 0.13 0.12 0.12 0.11 0.10 0.10 0.10 0.10 0.10 0.10 0.10 0.10 0.09 0.09 0.09 0.09 0.09 0.10 0.10 0.10 0.10 0.09 0.00 0.00 0.00 0.00 0.00 0.00 0.00 0.13 0.13 0.13 0.13 0.12 0.12 0.12 0.12 0.11 0.11 0.11 0.11 0.11 0.00 0.00 0.00 0.00 0.00 0.00 0.00 0.00 0.00 0.00 0.00 0.00 0.00 0.00 0.00 0.00 0.00 0.00 0.00 0.00 0.00 0.00
-9999.00 0.54 0.50 0.46 0.43 0.40 0.37 0.34 0.30 0.28 0.26 0.24 0.22 0.21 0.19 0.17 0.16 0.15 0.14 0.13 0.13 0.12 0.12 0.11 0.11 0.11 0.11 0.10 0.10 0.10 0.10 0.10 0.10 0.10 0.10 0.10 0.10 0.10 0.10 0.10 0.09 0.00 0.00 0.00 0.00 0.00 0.00 0.00 0.13 0.14 0.14 0.13 0.13 0.13 0.13 0.12 0.11 0.11 0.11 0.11 0.11 0.10 0.00 0.00 0.00 0.00 0.00 0.00 0.00 0.00 0.00 0.00 0.00 0.00 0.00 0.00 0.00 0.00 0.00 0.00 0.00 0.00 0.00
-9999.00 0.54 0.50 0.46 0.43 0.40 0.37 0.34 0.30 0.28 0.26 0.24 0.22 0.21 0.19 0.17 0.16 0.15 0.14 0.13 0.13 0.12 0.12 0.11 0.11 0.11 0.11 0.11 0.11 0.11 0.11 0.11 0.11 0.11 0.10 0.11 0.11 0.11 0.11 0.11 0.11 0.15 0.00 0.00 0.00 0.00 0.00 0.00 0.15 0.14 0.14 0.14 0.14 0.13 0.13 0.13 0.12 0.12 0.00 0.00 0.11 0.11 0.10 0.10 0.10 0.00 0.00 0.00 0.00 0.00 0.00 0.00 0.00 0.00 0.00 0.00 0.00 0.00 0.00 0.00 0.00 0.00 0.00
-9999.00 0.53 0.50 0.46 0.43 0.40 0.36 0.34 0.30 0.28 0.26 0.24 0.22 0.21 0.19 0.17 0.16 0.15 0.14 0.14 0.13 0.13 0.12 0.12 0.12 0.11 0.11 0.11 0.12 0.12 0.12 0.12 0.12 0.12 0.12 0.11 0.12 0.12 0.12 0.12 0.11 0.00 0.00 0.00 0.00 0.00 0.00 0.00 0.15 0.15 0.14 0.14 0.14 0.14 0.14 0.13 0.12 0.13 0.00 0.00 0.00 0.11 0.10 0.10 0.10 0.11 0.00 0.00 0.00 0.00 0.00 0.00 0.00 0.00 0.00 0.00 0.00 0.00 0.00 0.00 0.00 0.00 0.00
-9999.00 0.57 0.49 0.46 0.43 0.39 0.36 0.34 0.30 0.28 0.26 0.24 0.22 0.21 0.19 0.17 0.16 0.15 0.14 0.14 0.13 0.13 0.13 0.12 0.12 0.12 0.12 0.12 0.12 0.12 0.12 0.12 0.12 0.12 0.12 0.13 0.13 0.13 0.13 0.13 0.13 0.00 0.00 0.00 0.00 0.00 0.00 0.18 0.16 0.15 0.15 0.15 0.14 0.14 0.14 0.14 0.13 0.00 0.00 0.00 0.00 0.00 0.00 0.00 0.06 0.10 0.00 0.00 0.00 0.00 0.00 0.00 0.00 0.00 0.00 0.00 0.00 0.00 0.00 0.00 0.00 0.00 0.00
-9999.00 0.59 0.49 0.46 0.42 0.39 0.36 0.33 0.30 0.28 0.26 0.24 0.22 0.21 0.20 0.17 0.16 0.15 0.15 0.14 0.13 0.13 0.13 0.12 0.12 0.12 0.12 0.12 0.12 0.12 0.12 0.13 0.13 0.13 0.13 0.13 0.14 0.14 0.14 0.14 0.15 0.27 0.23 0.00 0.00 0.00 0.17 0.17 0.16 0.16 0.15 0.15 0.15 0.14 0.14 0.14 0.00 0.00 0.00 0.00 0.00 0.00 0.00 0.00 0.00 0.10 0.00 0.00 0.00 0.00 0.00 0.00 0.00 0.00 0.00 0.00 0.00 0.00 0.00 0.00 0.00 0.00 0.00
-9999.00 0.59 0.49 0.46 0.42 0.39 0.36 0.33 0.31 0.28 0.26 0.24 0.22 0.21 0.18 0.17 0.16 0.15 0.15 0.14 0.14 0.13 0.13 0.13 0.12 0.12 0.12 0.12 0.13 0.13 0.13 0.13 0.13 0.13 0.14 0.14 0.14 0.15 0.15 0.15 0.16 0.27 0.28 0.27 0.23 0.21 0.18 0.17 0.16 0.15 0.15 0.15 0.15 0.15 0.14 0.14 0.00 0.00 0.00 0.00 0.00 0.00 0.00 0.00 0.00 0.10 0.00 0.00 0.00 0.00 0.00 0.00 0.00 0.00 0.00 0.00 0.00 0.00 0.00 0.00 0.00 0.00 0.00
0.59 0.52 0.49 0.45 0.42 0.39 0.36 0.33 0.31 0.28 0.26 0.24 0.22 0.20 0.18 0.17 0.16 0.15 0.15 0.14 0.14 0.13 0.13 0.13 0.13 0.13 0.13 0.13 0.13 0.13 0.13 0.13 0.14 0.14 0.14 0.15 0.15 0.16 0.17 0.17 0.21 0.26 0.28 0.27 0.23 0.22 0.20 0.17 0.15 0.15 0.15 0.15 0.15 0.15 0.15 0.09 0.00 0.00 0.00 0.00 0.00 0.00 0.00 0.00 0.00 0.10 0.00 0.00 0.00 0.00 0.00 0.00 0.00 0.00 0.00 0.00 0.00 0.00 0.00 0.00 0.00 0.00 0.00
0.59 0.52 0.48 0.45 0.42 0.38 0.35 0.33 0.31 0.27 0.26 0.24 0.22 0.21 0.18 0.18 0.16 0.15 0.15 0.14 0.14 0.13 0.13 0.13 0.13 0.13 0.13 0.13 0.13 0.13 0.14 0.14 0.14 0.14 0.15 0.16 0.16 0.17 0.18 0.20 0.21 0.25 0.27 0.27 0.25 0.24 0.23 0.20 0.17 0.15 0.15 0.15 0.15 0.15 0.15 0.00 0.00 0.00 0.00 0.00 0.00 0.00 0.00 0.00 0.00 0.09 0.00 0.00 0.00 0.00 0.00 0.00 0.00 0.00 0.00 0.00 0.00 0.00 0.00 0.00 0.00 0.00 0.00
0.58 0.52 0.48 0.45 0.41 0.38 0.35 0.33 0.30 0.27 0.25 0.24 0.22 0.20 0.18 0.18 0.16 0.16 0.15 0.14 0.14 0.14 0.13 0.13 0.13 0.13 0.13 0.13 0.14 0.14 0.14 0.14 0.15 0.15 0.16 0.16 0.17 0.18 0.19 0.21 0.22 0.25 0.26 0.25 0.25 0.25 0.25 0.26 0.23 0.14 0.14 0.14 0.15 0.15 0.15 0.00 0.00 0.00 0.00 0.00 0.00 0.00 0.00 0.00 0.00 0.01 0.00 0.00 0.00 0.00 0.00 0.00 0.00 0.00 0.00 0.00 0.00 0.00 0.00 0.00 0.00 0.00 0.00
0.58 0.54 0.48 0.44 0.41 0.38 0.35 0.32 0.30 0.27 0.25 0.24 0.22 0.19 0.18 0.17 0.16 0.16 0.15 0.14 0.14 0.14 0.13 0.13 0.13 0.13 0.13 0.14 0.14 0.14 0.14 0.15 0.15 0.15 0.16 0.17 0.18 0.19 0.20 0.21 0.23 0.24 0.25 0.25 0.25 0.25 0.25 0.27 0.24 0.15 0.15 0.14 0.14 0.14 0.02 0.00 0.00 0.00 0.00 0.00 0.00 0.00 0.00 0.00 0.00 0.00 0.00 0.00 0.00 0.00 0.00 0.00 0.00 0.00 0.00 0.00 0.00 0.00 0.00 0.00 0.00 0.00 0.00
0.58 0.53 0.48 0.44 0.41 0.38 0.35 0.32 0.30 0.28 0.25 0.23 0.22 0.19 0.18 0.17 0.16 0.16 0.15 0.15 0.14 0.14 0.14 0.13 0.13 0.13 0.13 0.14 0.14 0.14 0.14 0.15 0.15 0.16 0.17 0.17 0.18 0.19 0.20 0.21 0.23 0.24 0.24 0.24 0.26 0.26 0.26 0.26 0.24 0.19 0.13 0.13 0.14 0.14 0.00 0.00 0.00 0.00 0.00 0.00 0.00 0.00 0.00 0.00 0.00 0.00 0.00 0.00 0.00 0.00 0.00 0.00 0.00 0.00 0.00 0.00 0.00 0.00 0.00 0.00 0.00 0.00 0.00
0.57 0.53 0.47 0.44 0.40 0.37 0.34 0.32 0.30 0.28 0.25 0.23 0.22 0.20 0.18 0.17 0.16 0.16 0.15 0.15 0.14 0.14 0.14 0.13 0.13 0.13 0.14 0.14 0.14 0.14 0.14 0.15 0.15 0.16 0.17 0.18 0.19 0.20 0.21 0.22 0.24 0.25 0.25 0.25 0.26 0.25 0.25 0.26 0.21 0.15 0.13 0.13 0.14 0.13 0.00 0.00 0.00 0.00 0.00 0.00 0.00 0.00 0.00 0.00 0.00 0.00 0.00 0.00 0.00 0.00 0.00 0.00 0.00 0.00 0.00 0.00 0.00 0.00 0.00 0.00 0.00 0.00 0.00
0.56 0.53 0.47 0.43 0.40 0.37 0.34 0.32 0.29 0.27 0.25 0.23 0.21 0.19 0.18 0.17 0.16 0.15 0.15 0.14 0.14 0.14 0.14 0.13 0.13 0.13 0.13 0.14 0.14 0.14 0.15 0.15 0.16 0.16 0.17 0.18 0.19 0.21 0.22 0.23 0.24 0.25 0.25 0.26 0.26 0.26 0.00 0.00 0.15 0.13 0.13 0.13 0.13 0.13 0.00 0.00 0.00 0.00 0.00 0.00 0.00 0.00 0.00 0.00 0.00 0.00 0.00 0.00 0.00 0.00 0.00 0.00 0.00 0.00 0.00 0.00 0.00 0.00 0.00 0.00 0.00 0.00 0.00
0.56 0.52 0.48 0.43 0.39 0.36 0.34 0.31 0.29 0.27 0.24 0.23 0.21 0.19 0.18 0.17 0.16 0.15 0.15 0.14 0.14 0.14 0.14 0.13 0.13 0.14 0.14 0.14 0.14 0.14 0.15 0.15 0.16 0.17 0.18 0.19 0.20 0.21 0.22 0.22 0.24 0.25 0.26 0.26 0.25 0.06 0.00 0.00 0.00 0.13 0.13 0.13 0.13 0.13 0.13 0.00 0.00 0.00 0.00 0.00 0.00 0.00 -0.00 -0.00 0.00 0.00 0.00 0.00 0.00 0.00 0.00 0.00 0.00 0.00 0.00 0.00 0.00 0.00 0.00 0.00 0.00 0.00 0.00
0.56 0.51 0.48 0.42 0.39 0.36 0.33 0.31 0.29 0.27 0.25 0.22 0.21 0.19 0.18 0.17 0.16 0.15 0.15 0.14 0.14 0.14 0.13 0.13 0.13 0.13 0.14 0.14 0.14 0.14 0.15 0.15 0.16 0.17 0.18 0.19 0.20 0.21 0.22 0.23 0.24 0.25 0.25 0.25 0.00 0.00 0.00 0.00 0.00 0.09 0.13 0.13 0.13 0.12 0.12 0.00 0.00 0.00 0.00 0.00 0.00 0.00 0.00 -0.00 0.00 0.00 0.00 0.00 0.00 0.00 0.00 0.00 0.00 0.00 0.00 0.00 0.00 0.00 0.00 0.00 0.00 0.00 0.00
0.55 0.51 0.47 0.42 0.39 0.36 0.33 0.30 0.28 0.26 0.24 0.22 0.19 0.18 0.17 0.17 0.16 0.15 0.14 0.14 0.14 0.13 0.13 0.13 0.13 0.13 0.14 0.14 0.14 0.14 0.15 0.15 0.16 0.17 0.18 0.19 0.20 0.21 0.22 0.23 0.24 0.25 0.25 0.27 0.00 0.00 0.00 0.00 0.00 0.00 0.00 0.12 0.12 0.12 0.00 0.00 0.00 0.00 0.00 0.00 0.00 0.00 -0.00 -0.00 0.00 0.00 0.00 0.00 0.00 0.00 0.00 0.00 0.00 0.00 0.00 0.00 0.00 0.00 0.00 0.00 0.00 0.00 0.00
0.55 0.50 0.47 0.41 0.38 0.35 0.32 0.30 0.28 0.26 0.24 0.21 0.20 0.18 0.17 0.16 0.15 0.15 0.14 0.14 0.14 0.13 0.13 0.13 0.13 0.13 0.13 0.14 0.14 0.14 0.15 0.15 0.16 0.17 0.18 0.18 0.19 0.20 0.21 0.23 0.24 0.25 0.28 0.26 0.00 0.00 0.00 0.00 0.00 0.00 0.00 0.11 0.11 0.12 0.00 0.00 0.00 0.00 0.00 0.00 0.00 0.00 0.00 -0.00 0.00 0.00 0.00 0.00 0.00 0.00 0.00 0.00 0.00 0.00 0.00 0.00 0.00 0.00 0.00 0.00 0.00 0.00 0.00
0.54 0.50 0.46 0.41 0.38 0.35 0.32 0.30 0.27 0.26 0.24 0.21 0.18 0.17 0.17 0.16 0.15 0.14 0.14 0.14 0.13 0.13 0.13 0.13 0.13 0.13 0.13 0.14 0.14 0.14 0.14 0.15 0.16 0.16 0.17 0.18 0.19 0.20 0.20 0.22 0.26 0.30 0.32 0.00 0.00 0.00 0.00 0.00 0.00 0.00 0.00 0.00 0.11 0.11 0.00 0.00 0.00 0.00 0.00 0.00 0.00 0.00 0.00 0.00 0.00 0.00 0.00 0.00 0.00 0.00 0.00 0.00 0.00 0.00 0.00 0.00 0.00 0.00 0.00 0.00 0.00 0.00 0.00
0.54 0.50 0.46 0.42 0.37 0.34 0.32 0.29 0.27 0.25 0.23 0.21 0.18 0.17 0.16 0.15 0.15 0.14 0.13 0.13 0.13 0.13 0.12 0.12 0.12 0.12 0.13 0.13 0.14 0.14 0.14 0.14 0.15 0.16 0.17 0.18 0.18 0.19 0.19 0.23 0.28 0.31 0.33 0.00 0.00 0.00 0.00 0.00 0.00 0.00 0.00 0.09 0.11 0.11 0.00 0.00 0.00 0.00 0.00 0.00 0.00 0.00 0.00 0.00 0.00 0.00 0.00 0.00 0.00 0.00 0.00 0.00 0.00 0.00 0.00 0.00 0.00 0.00 0.00 0.00 0.00 0.00 0.00
0.53 0.49 0.45 0.42 0.37 0.34 0.31 0.29 0.27 0.25 0.23 0.21 0.18 0.17 0.16 0.15 0.14 0.14 0.13 0.12 0.12 0.12 0.12 0.12 0.12 0.12 0.12 0.13 0.13 0.13 0.14 0.14 0.15 0.16 0.16 0.17 0.18 0.18 0.18 0.25 0.28 0.31 0.20 0.00 0.00 0.00 0.00 0.00 0.00 0.00 0.00 0.10 0.10 0.11 0.00 0.00 0.00 0.00 0.00 0.00 0.00 0.00 0.00 0.00 0.00 0.00 0.00 0.00 0.00 0.00 0.00 0.00 0.00 0.00 0.00 0.00 0.00 0.00 0.00 0.00 0.00 0.00 0.00
0.53 0.49 0.45 0.42 0.37 0.34 0.31 0.29 0.26 0.24 0.23 0.21 0.17 0.16 0.15 0.14 0.14 0.13 0.12 0.12 0.12 0.12 0.12 0.12 0.12 0.12 0.12 0.13 0.13 0.13 0.13 0.14 0.14 0.15 0.15 0.16 0.17 0.17 0.18 0.25 0.28 0.30 0.00 0.00 0.00 0.00 0.00 0.00 0.00 0.00 0.00 0.10 0.10 0.00 0.00 0.00 0.00 0.00 0.00 0.00 0.00 0.00 0.00 0.00 0.00 0.00 0.00 0.00 0.00 0.00 0.00 0.00 0.00 0.00 0.00 0.00 0.00 0.00 0.00 0.00 0.00 0.00 0.00
0.52 0.48 0.45 0.41 0.36 0.33 0.30 0.28 0.26 0.24 0.22 0.18 0.17 0.16 0.15 0.14 0.13 0.13 0.12 0.12 0.12 0.11 0.11 0.11 0.11 0.12 0.12 0.12 0.12 0.13 0.13 0.13 0.14 0.14 0.15 0.16 0.16 0.16 0.19 0.27 0.28 0.31 0.00 0.00 0.00 0.00 0.00 0.00 0.00 0.00 0.08 0.09 0.00 0.00 0.00 0.00 0.00 0.00 0.00 0.00 0.00 0.00 0.00 0.00 0.00 0.00 0.00 0.00 0.00 0.00 0.00 0.00 0.00 0.00 0.00 0.00 0.00 0.00 0.00 0.00 0.00 0.00 0.00
0.52 0.48 0.44 0.40 0.35 0.33 0.30 0.27 0.25 0.23 0.22 0.18 0.17 0.15 0.15 0.14 0.13 0.12 0.12 0.11 0.11 0.11 0.11 0.11 0.11 0.11 0.12 0.12 0.12 0.12 0.13 0.13 0.13 0.14 0.14 0.14 0.15 0.14 0.26 0.29 0.30 0.00 0.00 0.00 0.00 0.00 0.00 0.00 0.00 0.00 0.09 0.08 0.00 0.00 0.00 0.00 0.00 0.00 0.00 0.00 0.00 0.00 0.00 0.00 0.00 0.00 0.00 0.00 0.00 0.00 0.00 0.00 0.00 0.00 0.00 0.00 0.00 0.00 0.00 0.00 0.00 0.00 0.00
0.51 0.47 0.44 0.40 0.37 0.32 0.29 0.27 0.25 0.23 0.21 0.17 0.16 0.15 0.14 0.13 0.13 0.12 0.11 0.11 0.11 0.11 0.10 0.10 0.11 0.11 0.11 0.12 0.12 0.12 0.12 0.12 0.13 0.13 0.13 0.14 0.14 0.14 0.27 0.31 0.00 0.00 0.00 0.00 0.00 0.00 0.00 0.00 0.00 0.00 0.07 0.00 0.00 0.00 0.00 0.00 0.00 0.00 0.00 0.00 0.00 0.00 0.00 0.00 0.00 0.00 0.00 0.00 0.00 0.00 0.00 0.00 0.00 0.00 0.00 0.00 0.00 0.00 0.00 0.00 0.00 0.00 0.00
0.51 0.47 0.43 0.40 0.36 0.32 0.29 0.27 0.25 0.23 0.19 0.18 0.16 0.15 0.14 0.13 0.12 0.12 0.11 0.11 0.10 0.10 0.10 0.10 0.10 0.10 0.11 0.11 0.11 0.11 0.12 0.12 0.12 0.12 0.13 0.13 0.13 0.16 0.28 0.31 0.00 0.00 0.00 0.00 0.00 0.00 0.00 0.00 0.00 0.07 0.07 0.00 0.00 0.00 0.00 0.00 0.00 0.00 0.00 0.00 0.00 0.00 0.00 0.00 0.00 0.00 0.00 0.00 0.00 0.00 0.00 0.00 0.00 0.00 0.00 0.00 0.00 0.00 0.00 0.00 0.00 0.00 0.00
0.50 0.46 0.43 0.39 0.36 0.31 0.29 0.26 0.24 0.22 0.19 0.17 0.15 0.14 0.13 0.12 0.12 0.11 0.10 0.10 0.10 0.10 0.09 0.09 0.10 0.10 0.10 0.11 0.11 0.11 0.11 0.11 0.12 0.12 0.12 0.12 0.12 0.19 0.29 0.30 0.00 0.00 0.00 0.00 0.00 0.00 0.00 0.00 0.00 0.07 0.00 0.00 0.00 0.00 0.00 0.00 0.00 0.00 0.00 0.00 0.00 0.00 0.00 0.00 0.00 0.00 0.00 0.00 0.00 0.00 0.00 0.00 0.00 0.00 0.00 0.00 0.00 0.00 0.00 0.00 0.00 0.00 0.00
0.50 0.46 0.42 0.39 0.35 0.31 0.28 0.26 0.24 0.22 0.18 0.17 0.15 0.14 0.13 0.12 0.11 0.11 0.10 0.10 0.09 0.09 0.09 0.09 0.09 0.10 0.10 0.10 0.10 0.11 0.11 0.11 0.11 0.11 0.11 0.11 0.11 0.21 0.29 0.27 0.00 0.00 0.00 0.00 0.00 0.00 0.00 0.00 0.00 0.06 0.00 0.00 0.00 0.00 0.00 0.00 0.00 0.00 0.00 0.00 0.00 0.00 0.00 0.00 0.00 0.00 0.00 0.00 0.00 0.00 0.00 0.00 0.00 0.00 0.00 0.00 0.00 0.00 0.00 0.00 0.00 0.00 0.00
0.49 0.45 0.42 0.38 0.35 0.30 0.28 0.25 0.23 0.21 0.19 0.16 0.14 0.13 0.12 0.12 0.11 0.10 0.10 0.09 0.09 0.09 0.09 0.09 0.09 0.09 0.09 0.10 0.10 0.10 0.10 0.10 0.11 0.11 0.11 0.11 0.09 0.23 0.27 0.00 0.00 0.00 0.00 0.00 0.00 0.00 0.00 0.00 0.00 0.06 0.00 0.00 0.00 0.00 0.00 0.00 0.00 0.00 0.00 0.00 0.00 0.00 0.00 0.00 0.00 0.00 0.00 0.00 0.00 0.00 0.00 0.00 0.00 0.00 0.00 0.00 0.00 0.00 0.00 0.00 0.00 0.00 0.00
0.49 0.45 0.41 0.38 0.34 0.31 0.27 0.25 0.23 0.21 0.19 0.16 0.14 0.13 0.12 0.11 0.10 0.10 0.09 0.09 0.09 0.08 0.08 0.08 0.09 0.09 0.09 0.09 0.10 0.10 0.10 0.10 0.10 0.10 0.10 0.10 0.09 0.20 0.00 0.00 0.00 0.00 0.00 0.00 0.00 0.00 0.00 0.00 0.00 0.06 0.00 0.00 0.00 0.00 0.00 0.00 0.00 0.00 0.00 0.00 0.00 0.00 0.00 0.00 0.00 0.00 0.00 0.00 0.00 0.00 0.00 0.00 0.00 0.00 0.00 0.00 0.00 0.00 0.00 0.00 0.00 0.00 0.00
0.48 0.44 0.41 0.37 0.34 0.31 0.27 0.24 0.22 0.20 0.17 0.16 0.14 0.13 0.12 0.11 0.10 0.09 0.09 0.09 0.08 0.08 0.08 0.08 0.08 0.08 0.09 0.09 0.09 0.09 0.09 0.09 0.10 0.10 0.09 0.09 0.09 0.25 0.07 0.00 0.00 0.00 0.00 0.00 0.00 0.00 0.00 0.00 0.00 0.06 0.00 0.00 0.00 0.00 0.00 0.00 0.00 0.00 0.00 0.00 0.00 0.00 0.00 0.00 0.00 0.00 0.00 0.00 0.00 0.00 0.00 0.00 0.00 0.00 0.00 0.00 0.00 0.00 0.00 0.00 0.00 0.00 0.00
