tsunami_inundation/2070.asc
ncols        89
nrows        96
xllcorner    425855.973699999973
yllcorner    5091051.504999999888
cellsize     55.000000000000
NODATA_value  -9999.00
[rows 0 to 35 of 96, columns 0 to 82 of 89]
-9999.00 1.10 1.02 0.87 0.80 0.74 0.64 0.59 0.54 0.49 0.45 0.41 0.37 0.33 0.28 0.26 0.23 0.18 0.16 0.14 0.13 0.11 0.09 0.08 0.07 0.06 0.05 0.04 0.03 0.03 0.02 0.02 0.02 0.02 0.02 0.03 0.03 0.03 0.04 0.05 0.08 0.00 0.00 0.00 0.00 0.00 0.00 0.00 0.00 0.00 0.00 0.12 0.12 0.11 0.11 0.11 0.10 0.10 0.10 0.00 0.00 0.00 0.00 0.00 0.00 0.00 0.00 0.00 0.00 0.00 0.00 0.00 0.00 0.00 0.00 0.00 0.00 0.00 0.00 0.00 0.00 0.00 0.00
-9999.00 1.10 1.01 0.86 0.79 0.73 0.64 0.59 0.53 0.49 0.45 0.41 0.37 0.33 0.28 0.26 0.21 0.18 0.16 0.14 0.13 0.11 0.09 0.08 0.07 0.06 0.05 0.05 0.03 0.03 0.03 0.03 0.03 0.03 0.03 0.03 0.03 0.04 0.04 0.05 0.09 0.00 0.00 0.00 0.00 0.00 0.00 0.00 0.00 0.00 0.12 0.12 0.12 0.12 0.11 0.11 0.10 0.10 0.10 0.00 0.00 0.00 0.00 0.00 0.00 0.00 0.00 0.00 0.00 0.00 0.00 0.00 0.00 0.00 0.00 0.00 0.00 0.00 0.00 0.00 0.00 0.00 0.00
-9999.00 1.10 0.93 0.86 0.79 0.73 0.67 0.58 0.53 0.49 0.45 0.41 0.37 0.33 0.28 0.23 0.21 0.19 0.16 0.15 0.13 0.11 0.10 0.08 0.07 0.06 0.06 0.05 0.04 0.03 0.03 0.03 0.03 0.03 0.03 0.03 0.04 0.04 0.04 0.05 0.08 0.00 0.00 0.00 0.00 0.00 0.00 0.00 0.00 0.12 0.12 0.12 0.12 0.12 0.12 0.11 0.10 0.10 0.00 0.00 0.00 0.00 0.00 0.00 0.00 0.00 0.00 0.00 0.00 0.00 0.00 0.00 0.00 0.00 0.00 0.00 0.00 0.00 0.00 0.00 0.00 0.00 0.00
-9999.00 1.10 0.93 0.86 0.79 0.73 0.67 0.58 0.53 0.49 0.44 0.40 0.37 0.33 0.28 0.26 0.21 0.19 0.17 0.15 0.13 0.11 0.10 0.09 0.08 0.07 0.06 0.05 0.04 0.04 0.04 0.04 0.04 0.04 0.04 0.04 0.04 0.04 0.05 0.05 0.07 0.00 0.00 0.00 0.00 0.00 0.00 0.00 0.03 0.13 0.12 0.12 0.12 0.12 0.12 0.11 0.11 0.10 0.00 0.00 0.00 0.00 0.00 0.00 0.00 0.00 0.00 0.00 0.00 0.00 0.00 0.00 0.00 0.00 0.00 0.00 0.00 0.00 0.00 0.00 0.00 0.00 0.00
-9999.00 1.09 0.93 0.86 0.79 0.73 0.67 0.58 0.53 0.49 0.44 0.40 0.37 0.33 0.30 0.23 0.21 0.19 0.17 0.15 0.13 0.11 0.10 0.09 0.08 0.07 0.06 0.06 0.05 0.04 0.04 0.04 0.04 0.04 0.04 0.04 0.04 0.05 0.05 0.05 0.06 0.00 0.00 0.00 0.00 0.00 0.00 0.00 0.13 0.13 0.13 0.13 0.13 0.13 0.12 0.11 0.11 0.11 0.11 0.00 0.00 0.00 0.00 0.00 0.00 0.00 0.00 0.00 0.00 0.00 0.00 0.00 0.00 0.00 0.00 0.00 0.00 0.00 0.00 0.00 0.00 0.00 0.00
-9999.00 1.09 0.92 0.85 0.79 0.73 0.66 0.58 0.53 0.48 0.44 0.40 0.37 0.33 0.30 0.23 0.21 0.19 0.17 0.15 0.14 0.12 0.10 0.09 0.08 0.08 0.07 0.06 0.05 0.04 0.04 0.04 0.04 0.04 0.04 0.05 0.05 0.05 0.05 0.06 0.06 0.00 0.00 0.00 0.00 0.00 0.00 0.00 0.13 0.14 0.14 0.14 0.13 0.13 0.13 0.12 0.12 0.11 0.11 0.11 0.11 0.00 0.00 0.00 0.00 0.00 0.00 0.00 0.00 0.00 0.00 0.00 0.00 0.00 0.00 0.00 0.00 0.00 0.00 0.00 0.00 0.00 0.00
-9999.00 1.00 0.92 0.85 0.78 0.72 0.66 0.60 0.53 0.48 0.44 0.40 0.36 0.33 0.30 0.23 0.21 0.19 0.17 0.15 0.14 0.12 0.11 0.09 0.09 0.08 0.07 0.06 0.05 0.05 0.05 0.05 0.05 0.05 0.05 0.05 0.05 0.06 0.06 0.06 0.06 0.00 0.00 0.00 0.00 0.00 0.00 0.00 0.14 0.14 0.14 0.14 0.14 0.14 0.14 0.13 0.12 0.12 0.11 0.11 0.11 0.10 0.00 0.00 0.00 0.00 0.00 0.00 0.00 0.00 0.00 0.00 0.00 0.00 0.00 0.00 0.00 0.00 0.00 0.00 0.00 0.00 0.00
-9999.00 1.00 0.92 0.85 0.78 0.72 0.66 0.60 0.52 0.48 0.44 0.40 0.36 0.33 0.30 0.23 0.21 0.19 0.17 0.15 0.14 0.12 0.11 0.10 0.09 0.08 0.07 0.07 0.06 0.05 0.06 0.06 0.06 0.06 0.05 0.05 0.06 0.06 0.07 0.07 0.08 0.11 0.00 0.00 0.00 0.00 0.00 0.00 0.15 0.15 0.15 0.15 0.15 0.14 0.14 0.14 0.13 0.13 0.00 0.00 0.11 0.11 0.11 0.11 0.11 0.00 0.00 0.00 0.00 0.00 0.00 0.00 0.00 0.00 0.00 0.00 0.00 0.00 0.00 0.00 0.00 0.00 0.00
-9999.00 0.99 0.92 0.84 0.78 0.72 0.66 0.60 0.52 0.48 0.44 0.40 0.36 0.33 0.30 0.23 0.21 0.19 0.17 0.15 0.14 0.13 0.11 0.10 0.09 0.08 0.08 0.07 0.06 0.06 0.06 0.06 0.06 0.06 0.06 0.06 0.07 0.07 0.08 0.08 0.08 0.00 0.00 0.00 0.00 0.00 0.00 0.00 0.15 0.15 0.15 0.15 0.15 0.15 0.15 0.14 0.14 0.14 0.00 0.00 0.00 0.11 0.11 0.11 0.11 0.11 0.00 0.00 0.00 0.00 0.00 0.00 0.00 0.00 0.00 0.00 0.00 0.00 0.00 0.00 0.00 0.00 0.00
-9999.00 1.08 0.91 0.84 0.78 0.71 0.65 0.60 0.52 0.48 0.44 0.40 0.36 0.33 0.29 0.23 0.21 0.19 0.17 0.15 0.14 0.13 0.12 0.10 0.09 0.08 0.08 0.07 0.07 0.06 0.06 0.06 0.06 0.07 0.07 0.07 0.07 0.08 0.08 0.09 0.10 0.00 0.00 0.00 0.00 0.00 0.00 0.18 0.16 0.16 0.15 0.15 0.15 0.15 0.15 0.14 0.14 0.00 0.00 0.00 0.00 0.00 0.00 0.00 0.06 0.11 0.00 0.00 0.00 0.00 0.00 0.00 0.00 0.00 0.00 0.00 0.00 0.00 0.00 0.00 0.00 0.00 0.00
-9999.00 1.12 0.91 0.84 0.77 0.71 0.65 0.59 0.52 0.48 0.43 0.39 0.36 0.32 0.29 0.23 0.21 0.19 0.17 0.16 0.14 0.13 0.12 0.10 0.09 0.09 0.08 0.08 0.07 0.07 0.07 0.07 0.07 0.07 0.07 0.07 0.08 0.09 0.09 0.09 0.10 0.26 0.22 0.00 0.00 0.00 0.17 0.17 0.16 0.16 0.16 0.16 0.15 0.15 0.15 0.15 0.00 0.00 0.00 0.00 0.00 0.00 0.00 0.00 0.00 0.10 0.00 0.00 0.00 0.00 0.00 0.00 0.00 0.00 0.00 0.00 0.00 0.00 0.00 0.00 0.00 0.00 0.00
-9999.00 1.12 0.91 0.84 0.77 0.71 0.65 0.59 0.54 0.47 0.43 0.39 0.36 0.32 0.26 0.23 0.21 0.19 0.17 0.16 0.14 0.13 0.12 0.10 0.10 0.09 0.08 0.07 0.07 0.07 0.07 0.07 0.07 0.07 0.08 0.08 0.08 0.09 0.10 0.11 0.11 0.25 0.26 0.27 0.25 0.21 0.18 0.16 0.16 0.15 0.16 0.16 0.16 0.16 0.16 0.15 0.00 0.00 0.00 0.00 0.00 0.00 0.00 0.00 0.00 0.10 0.00 0.00 0.00 0.00 0.00 0.00 0.00 0.00 0.00 0.00 0.00 0.00 0.00 0.00 0.00 0.00 0.00
1.11 0.98 0.90 0.83 0.77 0.70 0.64 0.59 0.54 0.47 0.43 0.39 0.35 0.29 0.26 0.23 0.21 0.19 0.17 0.16 0.14 0.13 0.12 0.11 0.10 0.09 0.09 0.08 0.07 0.07 0.07 0.07 0.08 0.08 0.08 0.09 0.10 0.10 0.11 0.12 0.18 0.24 0.26 0.26 0.23 0.21 0.19 0.16 0.14 0.15 0.15 0.15 0.16 0.16 0.16 0.10 0.00 0.00 0.00 0.00 0.00 0.00 0.00 0.00 0.00 0.10 0.00 0.00 0.00 0.00 0.00 0.00 0.00 0.00 0.00 0.00 0.00 0.00 0.00 0.00 0.00 0.00 0.00
1.11 0.98 0.90 0.83 0.76 0.70 0.64 0.59 0.53 0.47 0.43 0.39 0.35 0.32 0.26 0.24 0.21 0.19 0.17 0.16 0.14 0.13 0.12 0.11 0.10 0.09 0.09 0.08 0.08 0.08 0.08 0.08 0.08 0.09 0.09 0.10 0.10 0.11 0.12 0.15 0.17 0.23 0.25 0.25 0.24 0.22 0.21 0.19 0.16 0.15 0.15 0.15 0.16 0.16 0.16 0.00 0.00 0.00 0.00 0.00 0.00 0.00 0.00 0.00 0.00 0.09 0.00 0.00 0.00 0.00 0.00 0.00 0.00 0.00 0.00 0.00 0.00 0.00 0.00 0.00 0.00 0.00 0.00
1.10 0.97 0.89 0.82 0.76 0.70 0.64 0.58 0.53 0.47 0.43 0.39 0.35 0.29 0.26 0.24 0.21 0.19 0.17 0.16 0.14 0.13 0.12 0.11 0.10 0.09 0.09 0.08 0.08 0.08 0.08 0.08 0.09 0.09 0.10 0.10 0.11 0.12 0.13 0.16 0.17 0.21 0.23 0.22 0.23 0.23 0.23 0.24 0.22 0.14 0.15 0.15 0.15 0.16 0.16 0.00 0.00 0.00 0.00 0.00 0.00 0.00 0.00 0.00 0.00 0.01 0.00 0.00 0.00 0.00 0.00 0.00 0.00 0.00 0.00 0.00 0.00 0.00 0.00 0.00 0.00 0.00 0.00
1.10 1.01 0.89 0.82 0.76 0.69 0.63 0.58 0.53 0.46 0.42 0.38 0.35 0.29 0.26 0.24 0.21 0.19 0.17 0.16 0.14 0.13 0.12 0.11 0.10 0.10 0.09 0.08 0.08 0.08 0.08 0.09 0.09 0.09 0.10 0.11 0.11 0.12 0.14 0.16 0.18 0.20 0.22 0.22 0.23 0.23 0.23 0.25 0.23 0.15 0.15 0.15 0.15 0.15 0.05 0.00 0.00 0.00 0.00 0.00 0.00 0.00 0.00 0.00 0.00 0.00 0.00 0.00 0.00 0.00 0.00 0.00 0.00 0.00 0.00 0.00 0.00 0.00 0.00 0.00 0.00 0.00 0.00
1.09 1.00 0.88 0.82 0.75 0.69 0.63 0.58 0.53 0.48 0.42 0.38 0.34 0.28 0.26 0.24 0.20 0.19 0.17 0.16 0.14 0.13 0.12 0.11 0.10 0.10 0.09 0.09 0.08 0.08 0.09 0.09 0.09 0.10 0.10 0.11 0.12 0.13 0.14 0.17 0.19 0.20 0.21 0.22 0.23 0.23 0.23 0.24 0.22 0.18 0.14 0.14 0.14 0.15 0.00 0.00 0.00 0.00 0.00 0.00 0.00 0.00 0.00 0.00 0.00 0.00 0.00 0.00 0.00 0.00 0.00 0.00 0.00 0.00 0.00 0.00 0.00 0.00 0.00 0.00 0.00 0.00 0.00
1.08 1.00 0.88 0.81 0.75 0.68 0.63 0.57 0.52 0.48 0.42 0.38 0.34 0.31 0.26 0.23 0.20 0.19 0.17 0.16 0.14 0.13 0.12 0.11 0.10 0.10 0.09 0.09 0.09 0.09 0.09 0.09 0.10 0.10 0.11 0.12 0.13 0.14 0.15 0.17 0.20 0.20 0.21 0.21 0.22 0.22 0.23 0.24 0.20 0.15 0.13 0.14 0.14 0.14 0.00 0.00 0.00 0.00 0.00 0.00 0.00 0.00 0.00 0.00 0.00 0.00 0.00 0.00 0.00 0.00 0.00 0.00 0.00 0.00 0.00 0.00 0.00 0.00 0.00 0.00 0.00 0.00 0.00
1.07 0.99 0.87 0.80 0.74 0.68 0.62 0.57 0.52 0.48 0.42 0.38 0.34 0.28 0.26 0.23 0.21 0.18 0.17 0.15 0.14 0.13 0.12 0.11 0.10 0.10 0.09 0.09 0.09 0.09 0.09 0.09 0.10 0.11 0.11 0.12 0.13 0.15 0.16 0.19 0.20 0.20 0.21 0.22 0.22 0.22 0.00 0.00 0.15 0.14 0.14 0.14 0.14 0.14 0.00 0.00 0.00 0.00 0.00 0.00 0.00 0.00 0.00 0.00 0.00 0.00 0.00 0.00 0.00 0.00 0.00 0.00 0.00 0.00 0.00 0.00 0.00 0.00 0.00 0.00 0.00 0.00 0.00
1.06 0.98 0.90 0.79 0.73 0.67 0.62 0.56 0.51 0.47 0.41 0.37 0.34 0.28 0.25 0.23 0.21 0.18 0.17 0.15 0.14 0.13 0.12 0.11 0.11 0.10 0.09 0.09 0.09 0.09 0.09 0.10 0.10 0.11 0.11 0.12 0.14 0.15 0.16 0.18 0.20 0.20 0.21 0.21 0.21 0.05 0.00 0.00 0.00 0.14 0.14 0.14 0.14 0.14 0.14 0.00 0.00 0.00 0.00 0.00 0.00 0.00 -0.00 -0.00 0.00 0.00 0.00 0.00 0.00 0.00 0.00 0.00 0.00 0.00 0.00 0.00 0.00 0.00 0.00 0.00 0.00 0.00 0.00
1.06 0.97 0.89 0.79 0.73 0.66 0.61 0.56 0.51 0.47 0.43 0.37 0.34 0.28 0.25 0.23 0.21 0.18 0.17 0.15 0.14 0.13 0.12 0.11 0.11 0.10 0.09 0.09 0.09 0.09 0.09 0.09 0.10 0.11 0.12 0.13 0.14 0.15 0.17 0.19 0.20 0.20 0.20 0.20 0.00 0.00 0.00 0.00 0.00 0.10 0.14 0.14 0.14 0.14 0.13 0.00 0.00 0.00 0.00 0.00 0.00 0.00 0.00 0.00 0.00 0.00 0.00 0.00 0.00 0.00 0.00 0.00 0.00 0.00 0.00 0.00 0.00 0.00 0.00 0.00 0.00 0.00 0.00
1.05 0.96 0.89 0.78 0.72 0.66 0.60 0.55 0.50 0.46 0.42 0.37 0.30 0.27 0.25 0.23 0.21 0.18 0.16 0.15 0.14 0.13 0.12 0.11 0.11 0.09 0.09 0.09 0.09 0.09 0.09 0.09 0.10 0.11 0.12 0.13 0.14 0.16 0.18 0.19 0.19 0.20 0.20 0.22 0.00 0.00 0.00 0.00 0.00 0.00 0.00 0.13 0.13 0.13 0.00 0.00 0.00 0.00 0.00 0.00 0.00 0.00 0.00 0.00 0.00 0.00 0.00 0.00 0.00 0.00 0.00 0.00 0.00 0.00 0.00 0.00 0.00 0.00 0.00 0.00 0.00 0.00 0.00
1.04 0.96 0.88 0.78 0.71 0.65 0.60 0.54 0.50 0.46 0.42 0.36 0.33 0.27 0.25 0.23 0.20 0.18 0.16 0.15 0.14 0.13 0.12 0.11 0.10 0.09 0.09 0.09 0.09 0.09 0.09 0.09 0.10 0.11 0.12 0.13 0.14 0.16 0.18 0.19 0.19 0.20 0.25 0.23 0.00 0.00 0.00 0.00 0.00 0.00 0.00 0.12 0.13 0.13 0.00 0.00 0.00 0.00 0.00 0.00 0.00 0.00 0.00 0.00 0.00 0.00 0.00 0.00 0.00 0.00 0.00 0.00 0.00 0.00 0.00 0.00 0.00 0.00 0.00 0.00 0.00 0.00 0.00
1.04 0.95 0.87 0.77 0.71 0.65 0.59 0.54 0.49 0.45 0.41 0.36 0.29 0.27 0.24 0.22 0.20 0.18 0.16 0.15 0.13 0.13 0.12 0.11 0.10 0.09 0.09 0.09 0.09 0.09 0.09 0.09 0.10 0.11 0.12 0.13 0.14 0.15 0.16 0.18 0.23 0.28 0.30 0.00 0.00 0.00 0.00 0.00 0.00 0.00 0.00 0.00 0.12 0.13 0.00 0.00 0.00 0.00 0.00 0.00 0.00 0.00 0.00 0.00 0.00 0.00 0.00 0.00 0.00 0.00 0.00 0.00 0.00 0.00 0.00 0.00 0.00 0.00 0.00 0.00 0.00 0.00 0.00
1.03 0.94 0.87 0.80 0.70 0.64 0.59 0.53 0.49 0.45 0.41 0.35 0.29 0.26 0.24 0.22 0.20 0.18 0.16 0.14 0.13 0.12 0.11 0.10 0.10 0.09 0.08 0.09 0.08 0.08 0.09 0.09 0.10 0.10 0.11 0.12 0.14 0.15 0.16 0.20 0.27 0.29 0.31 0.00 0.00 0.00 0.00 0.00 0.00 0.00 0.00 0.11 0.12 0.12 0.00 0.00 0.00 0.00 0.00 0.00 0.00 0.00 0.00 0.00 0.00 0.00 0.00 0.00 0.00 0.00 0.00 0.00 0.00 0.00 0.00 0.00 0.00 0.00 0.00 0.00 0.00 0.00 0.00
1.02 0.94 0.86 0.79 0.70 0.64 0.58 0.53 0.48 0.44 0.40 0.37 0.28 0.26 0.24 0.21 0.19 0.18 0.15 0.14 0.13 0.12 0.11 0.10 0.09 0.08 0.08 0.08 0.08 0.08 0.08 0.09 0.09 0.10 0.10 0.12 0.13 0.14 0.15 0.24 0.28 0.30 0.18 0.00 0.00 0.00 0.00 0.00 0.00 0.00 0.00 0.11 0.11 0.12 0.00 0.00 0.00 0.00 0.00 0.00 0.00 0.00 0.00 0.00 0.00 0.00 0.00 0.00 0.00 0.00 0.00 0.00 0.00 0.00 0.00 0.00 0.00 0.00 0.00 0.00 0.00 0.00 0.00
1.02 0.93 0.86 0.79 0.69 0.63 0.58 0.53 0.48 0.44 0.40 0.36 0.28 0.25 0.23 0.21 0.19 0.17 0.15 0.14 0.12 0.11 0.10 0.10 0.09 0.08 0.08 0.08 0.07 0.07 0.08 0.08 0.08 0.09 0.09 0.11 0.13 0.14 0.15 0.25 0.28 0.31 0.00 0.00 0.00 0.00 0.00 0.00 0.00 0.00 0.00 0.11 0.11 0.00 0.00 0.00 0.00 0.00 0.00 0.00 0.00 -0.00 0.00 0.00 0.00 0.00 0.00 0.00 0.00 0.00 0.00 0.00 0.00 0.00 0.00 0.00 0.00 0.00 0.00 0.00 0.00 0.00 0.00
1.01 0.93 0.85 0.78 0.69 0.63 0.57 0.52 0.47 0.43 0.39 0.30 0.28 0.25 0.23 0.20 0.18 0.17 0.15 0.13 0.12 0.11 0.10 0.09 0.08 0.08 0.07 0.07 0.07 0.07 0.07 0.07 0.08 0.08 0.09 0.10 0.11 0.12 0.17 0.26 0.29 0.31 0.00 0.00 0.00 0.00 0.00 0.00 0.00 0.00 0.09 0.10 0.00 0.00 0.00 0.00 0.00 0.00 0.00 0.00 0.00 0.00 0.00 0.00 0.00 0.00 0.00 0.00 0.00 0.00 0.00 0.00 0.00 0.00 0.00 0.00 0.00 0.00 0.00 0.00 0.00 0.00 0.00
1.00 0.92 0.84 0.77 0.68 0.62 0.56 0.51 0.47 0.43 0.39 0.30 0.27 0.25 0.22 0.20 0.18 0.16 0.15 0.13 0.12 0.11 0.10 0.09 0.08 0.07 0.07 0.07 0.07 0.07 0.07 0.07 0.07 0.07 0.08 0.09 0.10 0.11 0.24 0.28 0.29 0.00 0.00 0.00 0.00 0.00 0.00 0.00 0.00 0.00 0.10 0.09 0.00 0.00 0.00 0.00 0.00 0.00 0.00 0.00 0.00 0.00 0.00 0.00 0.00 0.00 0.00 0.00 0.00 0.00 0.00 0.00 0.00 0.00 0.00 0.00 0.00 0.00 0.00 0.00 0.00 0.00 0.00
1.00 0.91 0.84 0.77 0.71 0.61 0.56 0.51 0.46 0.42 0.38 0.29 0.27 0.24 0.22 0.20 0.18 0.16 0.14 0.12 0.11 0.10 0.09 0.08 0.08 0.07 0.06 0.06 0.06 0.06 0.06 0.06 0.06 0.07 0.07 0.08 0.09 0.12 0.25 0.29 0.00 0.00 0.00 0.00 0.00 0.00 0.00 0.00 0.00 0.00 0.09 0.00 0.00 0.00 0.00 0.00 0.00 0.00 0.00 0.00 0.00 0.00 0.00 0.00 0.00 0.00 0.00 0.00 0.00 0.00 0.00 0.00 0.00 0.00 0.00 0.00 0.00 0.00 0.00 0.00 0.00 0.00 0.00
0.99 0.91 0.83 0.76 0.70 0.61 0.55 0.50 0.46 0.42 0.34 0.31 0.26 0.24 0.21 0.19 0.17 0.15 0.14 0.12 0.11 0.10 0.08 0.08 0.07 0.06 0.06 0.06 0.06 0.06 0.06 0.06 0.06 0.06 0.07 0.08 0.09 0.14 0.26 0.28 0.00 0.00 0.00 0.00 0.00 0.00 0.00 0.00 0.00 0.07 0.08 0.00 0.00 0.00 0.00 0.00 0.00 0.00 0.00 0.00 0.00 0.00 0.00 0.00 0.00 0.00 0.00 0.00 0.00 0.00 0.00 0.00 0.00 0.00 0.00 0.00 0.00 0.00 0.00 0.00 0.00 0.00 0.00
0.98 0.90 0.83 0.76 0.69 0.60 0.55 0.50 0.45 0.41 0.33 0.30 0.26 0.23 0.21 0.18 0.16 0.14 0.13 0.11 0.10 0.09 0.08 0.07 0.06 0.06 0.05 0.05 0.05 0.05 0.05 0.05 0.05 0.05 0.06 0.07 0.08 0.16 0.26 0.27 0.00 0.00 0.00 0.00 0.00 0.00 0.00 0.00 0.00 0.07 0.00 0.00 0.00 0.00 0.00 0.00 0.00 0.00 0.00 0.00 0.00 0.00 0.00 0.00 0.00 0.00 0.00 0.00 0.00 0.00 0.00 0.00 0.00 0.00 0.00 0.00 0.00 0.00 0.00 0.00 0.00 0.00 0.00
0.97 0.89 0.82 0.75 0.69 0.60 0.54 0.49 0.45 0.41 0.32 0.29 0.25 0.22 0.20 0.18 0.16 0.14 0.12 0.11 0.09 0.08 0.07 0.06 0.05 0.05 0.05 0.05 0.05 0.05 0.05 0.05 0.05 0.05 0.06 0.06 0.07 0.18 0.27 0.24 0.00 0.00 0.00 0.00 0.00 0.00 0.00 0.00 0.00 0.07 0.00 0.00 0.00 0.00 0.00 0.00 0.00 0.00 0.00 0.00 0.00 0.00 0.00 0.00 0.00 0.00 0.00 0.00 0.00 0.00 0.00 0.00 0.00 0.00 0.00 0.00 0.00 0.00 0.00 0.00 0.00 0.00 0.00
0.97 0.89 0.81 0.74 0.68 0.59 0.53 0.48 0.44 0.40 0.36 0.28 0.24 0.22 0.19 0.17 0.15 0.13 0.12 0.11 0.09 0.08 0.07 0.05 0.05 0.04 0.04 0.04 0.04 0.04 0.04 0.04 0.04 0.05 0.05 0.06 0.07 0.20 0.25 0.00 0.00 0.00 0.00 0.00 0.00 0.00 0.00 0.00 0.00 0.07 0.00 0.00 0.00 0.00 0.00 0.00 0.00 0.00 0.00 0.00 0.00 0.00 0.00 0.00 0.00 0.00 0.00 0.00 0.00 0.00 0.00 0.00 0.00 0.00 0.00 0.00 0.00 0.00 0.00 0.00 0.00 0.00 0.00
0.96 0.88 0.80 0.74 0.67 0.61 0.53 0.48 0.43 0.39 0.35 0.28 0.24 0.21 0.19 0.17 0.15 0.13 0.11 0.10 0.08 0.07 0.06 0.05 0.04 0.04 0.04 0.03 0.04 0.04 0.04 0.04 0.04 0.04 0.04 0.05 0.06 0.19 0.00 0.00 0.00 0.00 0.00 0.00 0.00 0.00 0.00 0.00 0.00 0.07 0.00 0.00 0.00 0.00 0.00 0.00 0.00 0.00 0.00 0.00 0.00 0.00 0.00 0.00 0.00 0.00 0.00 0.00 0.00 0.00 0.00 0.00 0.00 0.00 0.00 0.00 0.00 0.00 0.00 0.00 0.00 0.00 0.00
0.95 0.87 0.80 0.73 0.66 0.60 0.52 0.47 0.43 0.38 0.31 0.27 0.24 0.21 0.18 0.16 0.14 0.12 0.11 0.10 0.08 0.07 0.06 0.05 0.04 0.03 0.03 0.03 0.03 0.03 0.03 0.03 0.03 0.04 0.04 0.05 0.05 0.23 0.06 0.00 0.00 0.00 0.00 0.00 0.00 0.00 0.00 0.00 0.00 0.06 0.00 0.00 0.00 0.00 0.00 0.00 0.00 0.00 0.00 0.00 0.00 0.00 0.00 0.00 0.00 0.00 0.00 0.00 0.00 0.00 0.00 0.00 0.00 0.00 0.00 0.00 0.00 0.00 0.00 0.00 0.00 0.00 0.00
