tsunami_inundation/2100.asc
ncols        89
nrows        96
xllcorner    425855.973699999973
yllcorner    5091051.504999999888
cellsize     55.000000000000
NODATA_value  -9999.00
[rows 0 to 36 of 96, columns 0 to 82 of 89]
-9999.00 2.17 2.01 1.71 1.56 1.44 1.26 1.15 1.05 0.95 0.86 0.79 0.71 0.64 0.55 0.49 0.44 0.35 0.30 0.26 0.23 0.18 0.16 0.13 0.11 0.09 0.07 0.06 0.04 0.02 0.01 -0.00 -0.01 -0.01 -0.01 -0.01 -0.01 -0.01 -0.01 0.00 0.06 0.00 0.00 0.00 0.00 0.00 0.00 0.00 0.00 0.00 0.00 0.13 0.13 0.12 0.12 0.12 0.11 0.11 0.11 0.00 0.00 0.00 0.00 0.00 0.00 0.00 0.00 0.00 0.00 0.00 0.00 0.00 0.00 0.00 0.00 0.00 0.00 0.00 0.00 0.00 0.00 0.00 0.00
-9999.00 2.16 2.01 1.70 1.56 1.43 1.26 1.15 1.04 0.95 0.86 0.78 0.71 0.64 0.54 0.49 0.39 0.35 0.30 0.26 0.23 0.18 0.16 0.13 0.11 0.09 0.07 0.06 0.03 0.02 0.01 0.00 -0.01 -0.01 -0.01 -0.01 -0.01 -0.01 -0.01 0.00 0.07 0.00 0.00 0.00 0.00 0.00 0.00 0.00 0.00 0.00 0.13 0.13 0.13 0.13 0.12 0.12 0.11 0.11 0.11 0.00 0.00 0.00 0.00 0.00 0.00 0.00 0.00 0.00 0.00 0.00 0.00 0.00 0.00 0.00 0.00 0.00 0.00 0.00 0.00 0.00 0.00 0.00 0.00
-9999.00 2.16 1.85 1.70 1.56 1.43 1.31 1.14 1.04 0.94 0.86 0.78 0.71 0.64 0.54 0.44 0.39 0.35 0.30 0.26 0.23 0.19 0.16 0.13 0.11 0.09 0.07 0.06 0.05 0.02 0.01 0.00 -0.00 -0.01 -0.01 -0.01 -0.00 -0.00 -0.00 0.01 0.06 0.00 0.00 0.00 0.00 0.00 0.00 0.00 0.00 0.13 0.13 0.13 0.13 0.13 0.12 0.12 0.11 0.11 0.00 0.00 0.00 0.00 0.00 0.00 0.00 0.00 0.00 0.00 0.00 0.00 0.00 0.00 0.00 0.00 0.00 0.00 0.00 0.00 0.00 0.00 0.00 0.00 0.00
-9999.00 2.15 1.85 1.70 1.56 1.43 1.31 1.14 1.04 0.94 0.85 0.78 0.71 0.64 0.54 0.49 0.39 0.34 0.30 0.26 0.23 0.19 0.16 0.13 0.11 0.09 0.08 0.06 0.03 0.02 0.01 0.00 -0.00 -0.01 -0.00 -0.00 0.00 0.00 0.00 0.01 0.04 0.00 0.00 0.00 0.00 0.00 0.00 0.00 0.04 0.13 0.13 0.13 0.13 0.13 0.13 0.12 0.11 0.11 0.00 0.00 0.00 0.00 0.00 0.00 0.00 0.00 0.00 0.00 0.00 0.00 0.00 0.00 0.00 0.00 0.00 0.00 0.00 0.00 0.00 0.00 0.00 0.00 0.00
-9999.00 2.15 1.85 1.70 1.55 1.42 1.30 1.14 1.03 0.94 0.85 0.77 0.70 0.63 0.57 0.43 0.39 0.34 0.30 0.26 0.23 0.19 0.16 0.14 0.11 0.09 0.08 0.06 0.05 0.02 0.01 0.01 -0.00 -0.00 -0.00 -0.00 0.00 0.01 0.01 0.01 0.02 0.00 0.00 0.00 0.00 0.00 0.00 0.00 0.14 0.14 0.14 0.14 0.13 0.13 0.13 0.12 0.12 0.12 0.12 0.00 0.00 0.00 0.00 0.00 0.00 0.00 0.00 0.00 0.00 0.00 0.00 0.00 0.00 0.00 0.00 0.00 0.00 0.00 0.00 0.00 0.00 0.00 0.00
-9999.00 2.15 1.84 1.69 1.55 1.42 1.30 1.13 1.03 0.93 0.85 0.77 0.70 0.63 0.57 0.43 0.38 0.34 0.30 0.26 0.23 0.20 0.16 0.14 0.11 0.10 0.08 0.06 0.03 0.02 0.01 0.01 0.00 -0.00 -0.00 0.00 0.01 0.01 0.01 0.01 0.02 0.00 0.00 0.00 0.00 0.00 0.00 0.00 0.14 0.14 0.15 0.14 0.14 0.14 0.14 0.13 0.13 0.12 0.12 0.12 0.11 0.01 0.00 0.00 0.00 0.00 0.00 0.00 0.00 0.00 0.00 0.00 0.00 0.00 0.00 0.00 0.00 0.00 0.00 0.00 0.00 0.00 0.00
-9999.00 1.99 1.84 1.69 1.55 1.42 1.30 1.19 1.03 0.93 0.85 0.77 0.70 0.63 0.56 0.43 0.38 0.34 0.30 0.26 0.23 0.20 0.16 0.14 0.11 0.10 0.08 0.06 0.04 0.02 0.02 0.01 0.00 0.00 0.00 0.00 0.01 0.01 0.01 0.01 0.02 0.00 0.00 0.00 0.00 0.00 0.00 0.00 0.15 0.15 0.15 0.15 0.15 0.15 0.15 0.14 0.13 0.13 0.12 0.12 0.12 0.11 0.00 0.00 0.00 0.00 0.00 0.00 0.00 0.00 0.00 0.00 0.00 0.00 0.00 0.00 0.00 0.00 0.00 0.00 0.00 0.00 0.00
-9999.00 1.99 1.83 1.68 1.54 1.41 1.29 1.18 1.02 0.93 0.84 0.77 0.69 0.62 0.56 0.43 0.38 0.34 0.30 0.26 0.23 0.20 0.16 0.14 0.11 0.10 0.08 0.06 0.04 0.03 0.02 0.01 0.01 0.01 0.00 0.01 0.01 0.02 0.02 0.02 0.04 0.09 0.00 0.00 0.00 0.00 0.00 0.00 0.15 0.15 0.15 0.15 0.15 0.15 0.15 0.15 0.14 0.14 0.00 0.00 0.12 0.11 0.11 0.11 0.12 0.00 0.00 0.00 0.00 0.00 0.00 0.00 0.00 0.00 0.00 0.00 0.00 0.00 0.00 0.00 0.00 0.00 0.00
-9999.00 1.98 1.83 1.68 1.54 1.41 1.29 1.18 1.02 0.93 0.84 0.76 0.69 0.62 0.56 0.42 0.38 0.34 0.30 0.26 0.23 0.20 0.16 0.14 0.11 0.10 0.08 0.05 0.04 0.03 0.02 0.02 0.01 0.01 0.01 0.01 0.02 0.02 0.02 0.03 0.04 0.00 0.00 0.00 0.00 0.00 0.00 0.00 0.15 0.15 0.15 0.16 0.16 0.16 0.16 0.15 0.14 0.16 0.00 0.00 0.00 0.12 0.11 0.11 0.11 0.11 0.00 0.00 0.00 0.00 0.00 0.00 0.00 0.00 0.00 0.00 0.00 0.00 0.00 0.00 0.00 0.00 0.00
-9999.00 2.13 1.82 1.67 1.53 1.40 1.29 1.18 1.02 0.92 0.84 0.76 0.69 0.62 0.56 0.42 0.38 0.33 0.29 0.26 0.23 0.20 0.17 0.14 0.11 0.10 0.08 0.07 0.04 0.03 0.02 0.02 0.01 0.01 0.01 0.02 0.02 0.03 0.03 0.03 0.05 0.00 0.00 0.00 0.00 0.00 0.00 0.17 0.16 0.16 0.16 0.16 0.16 0.16 0.16 0.16 0.13 0.00 0.00 0.00 0.00 0.00 0.00 0.00 0.07 0.11 0.00 0.00 0.00 0.00 0.00 0.00 0.00 0.00 0.00 0.00 0.00 0.00 0.00 0.00 0.00 0.00 0.00
-9999.00 2.21 1.82 1.67 1.53 1.40 1.28 1.17 1.01 0.92 0.83 0.76 0.68 0.62 0.55 0.42 0.38 0.33 0.29 0.26 0.23 0.20 0.17 0.13 0.11 0.10 0.08 0.07 0.04 0.04 0.03 0.02 0.02 0.01 0.02 0.02 0.02 0.03 0.03 0.04 0.06 0.25 0.20 0.00 0.00 0.00 0.17 0.16 0.16 0.16 0.16 0.16 0.16 0.16 0.16 0.16 0.00 0.00 0.00 0.00 0.00 0.00 0.00 0.00 0.00 0.11 0.00 0.00 0.00 0.00 0.00 0.00 0.00 0.00 0.00 0.00 0.00 0.00 0.00 0.00 0.00 0.00 0.00
-9999.00 2.20 1.81 1.66 1.52 1.39 1.28 1.16 1.06 0.91 0.83 0.75 0.68 0.61 0.49 0.42 0.37 0.33 0.29 0.26 0.22 0.20 0.17 0.13 0.11 0.10 0.08 0.06 0.05 0.04 0.03 0.02 0.02 0.02 0.02 0.02 0.03 0.03 0.04 0.05 0.06 0.24 0.25 0.26 0.25 0.19 0.17 0.16 0.15 0.15 0.16 0.16 0.16 0.16 0.16 0.16 0.00 0.00 0.00 0.00 0.00 0.00 0.00 0.00 0.00 0.11 0.00 0.00 0.00 0.00 0.00 0.00 0.00 0.00 0.00 0.00 0.00 0.00 0.00 0.00 0.00 0.00 0.00
2.19 1.96 1.80 1.65 1.51 1.39 1.27 1.16 1.05 0.91 0.83 0.75 0.68 0.55 0.49 0.42 0.37 0.33 0.29 0.25 0.22 0.20 0.17 0.13 0.11 0.10 0.08 0.06 0.05 0.04 0.03 0.02 0.02 0.02 0.02 0.03 0.03 0.04 0.05 0.07 0.16 0.23 0.24 0.25 0.22 0.19 0.18 0.16 0.14 0.15 0.15 0.15 0.16 0.16 0.16 0.11 0.00 0.00 0.00 0.00 0.00 0.00 0.00 0.00 0.00 0.10 0.00 0.00 0.00 0.00 0.00 0.00 0.00 0.00 0.00 0.00 0.00 0.00 0.00 0.00 0.00 0.00 0.00
2.19 1.95 1.79 1.64 1.50 1.38 1.26 1.15 1.05 0.90 0.82 0.75 0.67 0.61 0.49 0.44 0.37 0.33 0.29 0.25 0.22 0.19 0.17 0.13 0.11 0.10 0.08 0.06 0.05 0.04 0.03 0.03 0.02 0.02 0.03 0.03 0.04 0.05 0.06 0.09 0.13 0.21 0.23 0.23 0.22 0.20 0.20 0.18 0.15 0.15 0.15 0.16 0.16 0.16 0.16 0.00 0.00 0.00 0.00 0.00 0.00 0.00 0.00 0.00 0.00 0.09 0.00 0.00 0.00 0.00 0.00 0.00 0.00 0.00 0.00 0.00 0.00 0.00 0.00 0.00 0.00 0.00 0.00
2.18 1.94 1.79 1.63 1.50 1.37 1.26 1.15 1.04 0.90 0.82 0.74 0.67 0.54 0.48 0.43 0.37 0.33 0.29 0.25 0.22 0.19 0.17 0.14 0.11 0.10 0.08 0.06 0.05 0.04 0.03 0.03 0.03 0.03 0.03 0.04 0.05 0.06 0.07 0.11 0.13 0.18 0.21 0.20 0.20 0.21 0.21 0.22 0.20 0.14 0.15 0.15 0.16 0.16 0.16 0.00 0.00 0.00 0.00 0.00 0.00 0.00 0.00 0.00 0.00 0.02 0.00 0.00 0.00 0.00 0.00 0.00 0.00 0.00 0.00 0.00 0.00 0.00 0.00 0.00 0.00 0.00 0.00
2.17 2.02 1.78 1.63 1.49 1.37 1.25 1.14 1.04 0.89 0.81 0.74 0.67 0.54 0.48 0.43 0.36 0.32 0.28 0.25 0.22 0.19 0.17 0.14 0.11 0.10 0.08 0.06 0.05 0.04 0.04 0.03 0.03 0.03 0.04 0.04 0.05 0.06 0.08 0.10 0.14 0.16 0.18 0.19 0.20 0.21 0.21 0.22 0.21 0.15 0.15 0.15 0.15 0.16 0.05 0.00 0.00 0.00 0.00 0.00 0.00 0.00 0.00 0.00 0.00 0.00 0.00 0.00 0.00 0.00 0.00 0.00 0.00 0.00 0.00 0.00 0.00 0.00 0.00 0.00 0.00 0.00 0.00
2.17 2.01 1.77 1.62 1.48 1.36 1.25 1.14 1.03 0.93 0.81 0.73 0.66 0.53 0.48 0.43 0.36 0.32 0.28 0.25 0.22 0.19 0.17 0.14 0.11 0.10 0.09 0.06 0.05 0.05 0.04 0.03 0.03 0.03 0.04 0.05 0.06 0.07 0.08 0.11 0.15 0.16 0.17 0.18 0.19 0.20 0.21 0.21 0.20 0.17 0.14 0.14 0.15 0.15 0.00 0.00 0.00 0.00 0.00 0.00 0.00 0.00 0.00 0.00 0.00 0.00 0.00 0.00 0.00 0.00 0.00 0.00 0.00 0.00 0.00 0.00 0.00 0.00 0.00 0.00 0.00 0.00 0.00
2.16 2.00 1.76 1.61 1.47 1.35 1.24 1.13 1.02 0.92 0.80 0.73 0.66 0.59 0.47 0.42 0.36 0.32 0.28 0.24 0.22 0.19 0.16 0.14 0.11 0.10 0.07 0.06 0.05 0.05 0.04 0.03 0.03 0.04 0.04 0.05 0.06 0.07 0.09 0.11 0.15 0.16 0.17 0.18 0.19 0.19 0.20 0.21 0.18 0.15 0.14 0.14 0.15 0.15 0.00 0.00 0.00 0.00 0.00 0.00 0.00 0.00 0.00 0.00 0.00 0.00 0.00 0.00 0.00 0.00 0.00 0.00 0.00 0.00 0.00 0.00 0.00 0.00 0.00 0.00 0.00 0.00 0.00
2.14 1.99 1.75 1.60 1.47 1.34 1.23 1.12 1.01 0.92 0.80 0.72 0.65 0.52 0.47 0.42 0.38 0.31 0.28 0.24 0.21 0.19 0.16 0.14 0.11 0.10 0.08 0.06 0.05 0.05 0.04 0.04 0.03 0.04 0.05 0.06 0.07 0.08 0.10 0.14 0.15 0.16 0.17 0.18 0.18 0.19 0.00 0.00 0.15 0.14 0.14 0.15 0.15 0.14 0.00 0.00 0.00 0.00 0.00 0.00 0.00 0.00 0.00 0.00 0.00 0.00 0.00 0.00 0.00 0.00 0.00 0.00 0.00 0.00 0.00 0.00 0.00 0.00 0.00 0.00 0.00 0.00 0.00
2.13 1.97 1.81 1.59 1.45 1.33 1.22 1.11 1.01 0.91 0.79 0.72 0.65 0.52 0.47 0.42 0.37 0.31 0.27 0.24 0.21 0.19 0.16 0.14 0.12 0.08 0.07 0.06 0.05 0.05 0.04 0.04 0.04 0.04 0.05 0.06 0.07 0.09 0.10 0.13 0.15 0.16 0.17 0.17 0.17 0.04 0.00 0.00 0.00 0.15 0.15 0.15 0.15 0.15 0.15 0.00 0.00 0.00 0.00 0.00 0.00 0.00 -0.00 0.00 0.00 0.00 0.00 0.00 0.00 0.00 0.00 0.00 0.00 0.00 0.00 0.00 0.00 0.00 0.00 0.00 0.00 0.00 0.00
2.12 1.97 1.81 1.58 1.44 1.32 1.22 1.11 1.00 0.91 0.82 0.71 0.64 0.52 0.46 0.42 0.37 0.31 0.27 0.24 0.21 0.18 0.16 0.14 0.12 0.10 0.07 0.06 0.05 0.05 0.04 0.04 0.04 0.04 0.05 0.06 0.07 0.09 0.11 0.14 0.15 0.16 0.16 0.16 0.00 0.00 0.00 0.00 0.00 0.10 0.15 0.15 0.15 0.15 0.14 0.00 0.00 0.00 0.00 0.00 0.00 0.00 0.00 0.00 0.00 0.00 0.00 0.00 0.00 0.00 0.00 0.00 0.00 0.00 0.00 0.00 0.00 0.00 0.00 0.00 0.00 0.00 0.00
2.12 1.96 1.80 1.57 1.44 1.32 1.20 1.09 0.99 0.89 0.81 0.71 0.56 0.51 0.46 0.41 0.37 0.30 0.27 0.24 0.21 0.18 0.16 0.14 0.12 0.08 0.07 0.06 0.05 0.05 0.04 0.04 0.04 0.04 0.05 0.06 0.08 0.09 0.12 0.14 0.15 0.16 0.16 0.18 0.00 0.00 0.00 0.00 0.00 0.00 0.00 0.14 0.14 0.14 0.00 0.00 0.00 0.00 0.00 0.00 0.00 0.00 -0.00 0.00 0.00 0.00 0.00 0.00 0.00 0.00 0.00 0.00 0.00 0.00 0.00 0.00 0.00 0.00 0.00 0.00 0.00 0.00 0.00
2.10 1.94 1.78 1.56 1.42 1.31 1.19 1.08 0.98 0.89 0.81 0.70 0.63 0.50 0.45 0.41 0.36 0.32 0.27 0.23 0.21 0.18 0.16 0.13 0.12 0.08 0.07 0.06 0.05 0.05 0.04 0.04 0.04 0.04 0.05 0.06 0.08 0.09 0.12 0.14 0.15 0.16 0.23 0.20 0.00 0.00 0.00 0.00 0.00 0.00 0.00 0.14 0.14 0.14 0.00 0.00 0.00 0.00 0.00 0.00 0.00 0.00 0.00 0.00 0.00 0.00 0.00 0.00 0.00 0.00 0.00 0.00 0.00 0.00 0.00 0.00 0.00 0.00 0.00 0.00 0.00 0.00 0.00
2.09 1.93 1.77 1.55 1.42 1.30 1.19 1.08 0.98 0.88 0.80 0.69 0.56 0.50 0.45 0.40 0.36 0.32 0.26 0.23 0.20 0.18 0.15 0.13 0.11 0.08 0.07 0.06 0.05 0.04 0.04 0.04 0.03 0.04 0.05 0.06 0.08 0.10 0.11 0.14 0.21 0.26 0.28 0.00 0.00 0.00 0.00 0.00 0.00 0.00 0.00 0.00 0.14 0.14 0.00 0.00 0.00 0.00 0.00 0.00 0.00 0.00 0.00 0.00 0.00 0.00 0.00 0.00 0.00 0.00 0.00 0.00 0.00 0.00 0.00 0.00 0.00 0.00 0.00 0.00 0.00 0.00 0.00
2.09 1.93 1.77 1.61 1.41 1.29 1.18 1.07 0.97 0.88 0.80 0.69 0.55 0.49 0.44 0.40 0.35 0.31 0.26 0.23 0.20 0.17 0.15 0.13 0.11 0.09 0.06 0.05 0.05 0.04 0.04 0.03 0.03 0.04 0.04 0.06 0.08 0.10 0.12 0.18 0.25 0.28 0.28 0.00 0.00 0.00 0.00 0.00 0.00 0.00 0.00 0.13 0.13 0.14 0.00 0.00 0.00 0.00 0.00 0.00 0.00 0.00 0.00 0.00 0.00 0.00 0.00 0.00 0.00 0.00 0.00 0.00 0.00 0.00 0.00 0.00 0.00 0.00 0.00 0.00 0.00 0.00 0.00
2.08 1.92 1.76 1.60 1.40 1.28 1.17 1.06 0.96 0.87 0.79 0.72 0.55 0.49 0.44 0.39 0.35 0.31 0.25 0.22 0.19 0.17 0.15 0.12 0.09 0.07 0.06 0.05 0.04 0.03 0.03 0.03 0.03 0.03 0.04 0.06 0.08 0.09 0.10 0.23 0.27 0.29 0.16 0.00 0.00 0.00 0.00 0.00 0.00 0.00 0.00 0.13 0.13 0.14 0.00 0.00 0.00 0.00 0.00 0.00 0.00 0.00 0.00 0.00 0.00 0.00 0.00 0.00 0.00 0.00 0.00 0.00 0.00 0.00 0.00 0.00 0.00 0.00 0.00 0.00 0.00 0.00 0.00
2.07 1.91 1.75 1.60 1.40 1.28 1.17 1.06 0.96 0.87 0.79 0.71 0.54 0.48 0.43 0.39 0.34 0.30 0.25 0.22 0.19 0.17 0.14 0.12 0.10 0.06 0.05 0.04 0.04 0.03 0.03 0.02 0.02 0.02 0.03 0.05 0.07 0.08 0.13 0.25 0.28 0.30 0.00 0.00 0.00 0.00 0.00 0.00 0.00 0.00 0.00 0.13 0.12 0.00 0.00 0.00 0.00 0.00 0.00 0.00 0.00 0.00 0.00 0.00 0.00 0.00 0.00 0.00 0.00 0.00 0.00 0.00 0.00 0.00 0.00 0.00 0.00 0.00 0.00 0.00 0.00 0.00 0.00
2.06 1.90 1.74 1.59 1.39 1.27 1.15 1.05 0.95 0.86 0.78 0.60 0.54 0.48 0.43 0.38 0.34 0.30 0.26 0.21 0.19 0.16 0.14 0.12 0.08 0.06 0.05 0.04 0.03 0.03 0.02 0.02 0.02 0.02 0.03 0.05 0.06 0.07 0.15 0.25 0.28 0.30 0.00 0.00 0.00 0.00 0.00 0.00 0.00 0.00 0.12 0.11 0.00 0.00 0.00 0.00 0.00 0.00 0.00 0.00 0.00 0.00 0.00 0.00 0.00 0.00 0.00 0.00 0.00 0.00 0.00 0.00 0.00 0.00 0.00 0.00 0.00 0.00 0.00 0.00 0.00 0.00 0.00
2.04 1.88 1.72 1.57 1.37 1.26 1.15 1.04 0.94 0.85 0.77 0.59 0.53 0.47 0.42 0.38 0.33 0.29 0.26 0.21 0.18 0.16 0.13 0.11 0.09 0.06 0.04 0.04 0.03 0.02 0.02 0.02 0.01 0.02 0.02 0.04 0.05 0.06 0.23 0.26 0.29 0.00 0.00 0.00 0.00 0.00 0.00 0.00 0.00 0.00 0.11 0.11 0.00 0.00 0.00 0.00 0.00 0.00 0.00 0.00 0.00 0.00 0.00 0.00 0.00 0.00 0.00 0.00 0.00 0.00 0.00 0.00 0.00 0.00 0.00 0.00 0.00 0.00 0.00 0.00 0.00 0.00 0.00
2.03 1.87 1.71 1.56 1.43 1.25 1.14 1.03 0.93 0.84 0.76 0.59 0.52 0.47 0.42 0.37 0.33 0.29 0.25 0.21 0.18 0.15 0.13 0.11 0.09 0.06 0.04 0.03 0.02 0.01 0.01 0.01 0.01 0.01 0.02 0.03 0.04 0.10 0.24 0.27 0.00 0.00 0.00 0.00 0.00 0.00 0.00 0.00 0.00 0.00 0.09 0.00 0.00 0.00 0.00 0.00 0.00 0.00 0.00 0.00 0.00 0.00 0.00 0.00 0.00 0.00 0.00 0.00 0.00 0.00 0.00 0.00 0.00 0.00 0.00 0.00 0.00 0.00 0.00 0.00 0.00 0.00 0.00
2.02 1.86 1.70 1.55 1.42 1.24 1.13 1.02 0.92 0.83 0.68 0.61 0.52 0.46 0.41 0.36 0.32 0.28 0.25 0.20 0.17 0.15 0.12 0.10 0.07 0.05 0.03 0.02 0.01 0.01 0.00 0.00 0.00 0.00 0.01 0.03 0.04 0.12 0.24 0.26 0.00 0.00 0.00 0.00 0.00 0.00 0.00 0.00 0.00 0.09 0.09 0.00 0.00 0.00 0.00 0.00 0.00 0.00 0.00 0.00 0.00 0.00 0.00 0.00 0.00 0.00 0.00 0.00 0.00 0.00 0.00 0.00 0.00 0.00 0.00 0.00 0.00 0.00 0.00 0.00 0.00 0.00 0.00
2.01 1.85 1.69 1.54 1.41 1.23 1.11 1.01 0.91 0.83 0.67 0.60 0.51 0.45 0.40 0.35 0.31 0.27 0.24 0.19 0.17 0.14 0.12 0.10 0.06 0.04 0.03 0.02 0.01 0.00 -0.00 -0.01 -0.00 -0.00 0.01 0.02 0.03 0.15 0.24 0.25 0.00 0.00 0.00 0.00 0.00 0.00 0.00 0.00 0.00 0.08 0.00 0.00 0.00 0.00 0.00 0.00 0.00 0.00 0.00 0.00 0.00 0.00 0.00 0.00 0.00 0.00 0.00 0.00 0.00 0.00 0.00 0.00 0.00 0.00 0.00 0.00 0.00 0.00 0.00 0.00 0.00 0.00 0.00
2.00 1.84 1.68 1.53 1.39 1.22 1.10 1.00 0.90 0.82 0.66 0.59 0.50 0.44 0.39 0.35 0.30 0.26 0.23 0.20 0.16 0.13 0.11 0.07 0.05 0.04 0.02 0.01 0.00 -0.00 -0.01 -0.01 -0.01 -0.01 0.00 0.01 0.03 0.16 0.24 0.22 0.00 0.00 0.00 0.00 0.00 0.00 0.00 0.00 0.00 0.07 0.00 0.00 0.00 0.00 0.00 0.00 0.00 0.00 0.00 0.00 0.00 0.00 0.00 0.00 0.00 0.00 0.00 0.00 0.00 0.00 0.00 0.00 0.00 0.00 0.00 0.00 0.00 0.00 0.00 0.00 0.00 0.00 0.00
1.99 1.82 1.66 1.51 1.38 1.20 1.08 0.98 0.89 0.80 0.72 0.58 0.49 0.43 0.39 0.34 0.30 0.26 0.22 0.19 0.15 0.13 0.10 0.06 0.05 0.03 0.02 0.00 -0.00 -0.01 -0.02 -0.02 -0.01 -0.01 -0.00 0.01 0.03 0.18 0.22 0.00 0.00 0.00 0.00 0.00 0.00 0.00 0.00 0.00 0.00 0.07 0.00 0.00 0.00 0.00 0.00 0.00 0.00 0.00 0.00 0.00 0.00 0.00 0.00 0.00 0.00 0.00 0.00 0.00 0.00 0.00 0.00 0.00 0.00 0.00 0.00 0.00 0.00 0.00 0.00 0.00 0.00 0.00 0.00
1.97 1.80 1.64 1.50 1.37 1.24 1.07 0.97 0.87 0.79 0.71 0.57 0.48 0.43 0.38 0.33 0.29 0.25 0.22 0.19 0.15 0.12 0.10 0.06 0.04 0.03 0.01 -0.00 -0.01 -0.02 -0.02 -0.02 -0.02 -0.02 -0.01 0.00 0.01 0.17 0.00 0.00 0.00 0.00 0.00 0.00 0.00 0.00 0.00 0.00 0.00 0.07 0.00 0.00 0.00 0.00 0.00 0.00 0.00 0.00 0.00 0.00 0.00 0.00 0.00 0.00 0.00 0.00 0.00 0.00 0.00 0.00 0.00 0.00 0.00 0.00 0.00 0.00 0.00 0.00 0.00 0.00 0.00 0.00 0.00
1.95 1.79 1.63 1.48 1.35 1.23 1.06 0.96 0.86 0.78 0.63 0.56 0.50 0.42 0.37 0.32 0.28 0.24 0.21 0.18 0.14 0.11 0.09 0.07 0.04 0.02 0.01 -0.01 -0.02 -0.03 -0.03 -0.03 -0.03 -0.02 -0.02 -0.00 0.01 0.22 0.05 0.00 0.00 0.00 0.00 0.00 0.00 0.00 0.00 0.00 0.00 0.07 0.00 0.00 0.00 0.00 0.00 0.00 0.00 0.00 0.00 0.00 0.00 0.00 0.00 0.00 0.00 0.00 0.00 0.00 0.00 0.00 0.00 0.00 0.00 0.00 0.00 0.00 0.00 0.00 0.00 0.00 0.00 0.00 0.00
1.94 1.77 1.62 1.47 1.34 1.22 1.05 0.94 0.85 0.77 0.62 0.55 0.49 0.41 0.36 0.32 0.27 0.24 0.20 0.17 0.13 0.10 0.08 0.06 0.03 0.01 -0.00 -0.02 -0.02 -0.03 -0.03 -0.04 -0.03 -0.03 -0.02 -0.01 -0.00 0.24 0.27 0.06 0.00 0.00 0.00 0.00 0.00 0.00 0.00 0.00 0.00 0.07 0.00 0.00 0.00 0.00 0.00 0.00 0.00 0.00 0.00 0.00 0.00 0.00 0.00 0.00 0.00 0.00 0.00 0.00 0.00 0.00 0.00 0.00 0.00 0.00 0.00 0.00 0.00 0.00 0.00 0.00 0.00 0.00 0.00
