tsunami_inundation/2130.asc
ncols        89
nrows        96
xllcorner    425855.973699999973
yllcorner    5091051.504999999888
cellsize     55.000000000000
NODATA_value  -9999.00
[rows 0 to 36 of 96, columns 0 to 82 of 89]
-9999.00 3.71 3.57 3.27 3.10 2.92 2.62 2.42 2.23 2.05 1.87 1.69 1.52 1.37 1.17 1.05 0.94 0.75 0.66 0.58 0.51 0.42 0.36 0.31 0.26 0.22 0.18 0.15 0.11 0.08 0.04 0.02 0.00 -0.01 -0.03 -0.05 -0.05 -0.05 -0.05 -0.05 0.05 0.00 0.00 0.00 0.00 0.00 0.00 0.00 0.00 0.00 0.00 0.14 0.14 0.13 0.13 0.13 0.12 0.12 0.12 0.00 0.00 0.00 0.00 0.00 0.00 0.00 0.00 0.00 0.00 0.00 0.00 0.00 0.00 0.00 0.00 0.00 0.00 0.00 0.00 0.00 0.00 0.00 0.00
-9999.00 3.70 3.56 3.26 3.09 2.91 2.61 2.41 2.22 2.04 1.86 1.68 1.52 1.37 1.17 1.05 0.83 0.74 0.66 0.58 0.51 0.41 0.36 0.31 0.26 0.22 0.18 0.15 0.08 0.06 0.04 0.02 0.00 -0.01 -0.03 -0.04 -0.05 -0.05 -0.05 -0.04 0.06 0.00 0.00 0.00 0.00 0.00 0.00 0.00 0.00 0.00 0.14 0.14 0.14 0.13 0.13 0.13 0.12 0.12 0.12 0.00 0.00 0.00 0.00 0.00 0.00 0.00 0.00 0.00 0.00 0.00 0.00 0.00 0.00 0.00 0.00 0.00 0.00 0.00 0.00 0.00 0.00 0.00 0.00
-9999.00 3.70 3.41 3.26 3.09 2.90 2.70 2.40 2.21 2.03 1.85 1.68 1.51 1.36 1.17 0.93 0.83 0.74 0.66 0.58 0.51 0.41 0.36 0.31 0.26 0.22 0.18 0.15 0.12 0.06 0.04 0.02 0.00 -0.01 -0.03 -0.04 -0.05 -0.05 -0.05 -0.04 0.05 0.00 0.00 0.00 0.00 0.00 0.00 0.00 0.00 0.14 0.14 0.14 0.14 0.14 0.13 0.13 0.12 0.12 0.00 0.00 0.00 0.00 0.00 0.00 0.00 0.00 0.00 0.00 0.00 0.00 0.00 0.00 0.00 0.00 0.00 0.00 0.00 0.00 0.00 0.00 0.00 0.00 0.00
-9999.00 3.70 3.41 3.25 3.09 2.90 2.70 2.39 2.21 2.03 1.84 1.67 1.50 1.36 1.16 1.04 0.83 0.74 0.66 0.58 0.50 0.41 0.36 0.31 0.26 0.22 0.18 0.15 0.08 0.06 0.04 0.02 0.00 -0.01 -0.02 -0.04 -0.04 -0.05 -0.04 -0.04 0.01 0.00 0.00 0.00 0.00 0.00 0.00 0.00 0.05 0.14 0.14 0.14 0.14 0.14 0.14 0.13 0.13 0.12 0.00 0.00 0.00 0.00 0.00 0.00 0.00 0.00 0.00 0.00 0.00 0.00 0.00 0.00 0.00 0.00 0.00 0.00 0.00 0.00 0.00 0.00 0.00 0.00 0.00
-9999.00 3.70 3.41 3.25 3.08 2.90 2.69 2.39 2.20 2.02 1.84 1.66 1.50 1.35 1.22 0.92 0.82 0.73 0.65 0.57 0.50 0.41 0.36 0.31 0.26 0.22 0.18 0.15 0.12 0.06 0.04 0.02 0.00 -0.01 -0.02 -0.04 -0.04 -0.04 -0.04 -0.04 -0.02 0.00 0.00 0.00 0.00 0.00 0.00 0.00 0.15 0.15 0.14 0.14 0.14 0.14 0.14 0.13 0.13 0.13 0.13 0.00 0.00 0.00 0.00 0.00 0.00 0.00 0.00 0.00 0.00 0.00 0.00 0.00 0.00 0.00 0.00 0.00 0.00 0.00 0.00 0.00 0.00 0.00 0.00
-9999.00 3.69 3.40 3.25 3.08 2.89 2.69 2.38 2.19 2.01 1.83 1.65 1.49 1.34 1.21 0.92 0.82 0.73 0.65 0.57 0.50 0.43 0.35 0.30 0.26 0.21 0.18 0.15 0.08 0.06 0.04 0.02 0.00 -0.01 -0.02 -0.03 -0.04 -0.04 -0.04 -0.04 -0.03 0.00 0.00 0.00 0.00 0.00 0.00 0.00 0.15 0.15 0.15 0.15 0.15 0.15 0.15 0.14 0.14 0.13 0.13 0.13 0.12 0.01 0.00 0.00 0.00 0.00 0.00 0.00 0.00 0.00 0.00 0.00 0.00 0.00 0.00 0.00 0.00 0.00 0.00 0.00 0.00 0.00 0.00
-9999.00 3.55 3.40 3.24 3.07 2.89 2.68 2.48 2.19 2.01 1.82 1.65 1.48 1.34 1.21 0.91 0.81 0.72 0.64 0.56 0.49 0.43 0.35 0.30 0.26 0.21 0.18 0.15 0.09 0.06 0.04 0.02 0.00 -0.01 -0.02 -0.03 -0.04 -0.04 -0.04 -0.04 -0.03 0.00 0.00 0.00 0.00 0.00 0.00 0.00 0.16 0.16 0.16 0.16 0.15 0.15 0.16 0.15 0.14 0.14 0.13 0.12 0.12 0.12 0.00 0.00 0.00 0.00 0.00 0.00 0.00 0.00 0.00 0.00 0.00 0.00 0.00 0.00 0.00 0.00 0.00 0.00 0.00 0.00 0.00
-9999.00 3.54 3.39 3.24 3.07 2.88 2.68 2.47 2.18 2.00 1.82 1.64 1.48 1.33 1.20 0.91 0.81 0.72 0.64 0.56 0.49 0.43 0.35 0.30 0.25 0.21 0.18 0.14 0.09 0.06 0.04 0.02 0.00 -0.01 -0.02 -0.03 -0.04 -0.04 -0.03 -0.03 -0.02 0.07 0.00 0.00 0.00 0.00 0.00 0.00 0.15 0.16 0.16 0.16 0.16 0.16 0.16 0.15 0.15 0.14 0.00 0.00 0.12 0.12 0.12 0.12 0.12 0.00 0.00 0.00 0.00 0.00 0.00 0.00 0.00 0.00 0.00 0.00 0.00 0.00 0.00 0.00 0.00 0.00 0.00
-9999.00 3.54 3.39 3.23 3.06 2.88 2.67 2.47 2.18 2.00 1.81 1.63 1.47 1.33 1.19 0.90 0.80 0.72 0.64 0.56 0.49 0.43 0.35 0.30 0.25 0.21 0.17 0.11 0.09 0.05 0.04 0.02 0.00 -0.01 -0.02 -0.03 -0.03 -0.03 -0.03 -0.03 -0.01 0.00 0.00 0.00 0.00 0.00 0.00 0.00 0.15 0.16 0.16 0.16 0.16 0.16 0.16 0.16 0.15 0.16 0.00 0.00 0.00 0.12 0.12 0.12 0.12 0.12 0.00 0.00 0.00 0.00 0.00 0.00 0.00 0.00 0.00 0.00 0.00 0.00 0.00 0.00 0.00 0.00 0.00
-9999.00 3.68 3.38 3.23 3.06 2.87 2.67 2.46 2.17 1.99 1.81 1.63 1.46 1.32 1.19 0.90 0.80 0.71 0.63 0.55 0.48 0.42 0.37 0.29 0.25 0.21 0.17 0.14 0.08 0.05 0.04 0.02 0.00 -0.01 -0.02 -0.03 -0.03 -0.03 -0.03 -0.02 0.00 0.00 0.00 0.00 0.00 0.00 0.00 0.15 0.16 0.16 0.16 0.16 0.16 0.16 0.16 0.16 0.14 0.00 0.00 0.00 0.00 0.00 0.00 0.00 0.07 0.12 0.00 0.00 0.00 0.00 0.00 0.00 0.00 0.00 0.00 0.00 0.00 0.00 0.00 0.00 0.00 0.00 0.00
-9999.00 3.75 3.38 3.22 3.05 2.86 2.66 2.45 2.17 1.98 1.80 1.62 1.45 1.31 1.18 0.89 0.79 0.71 0.63 0.55 0.48 0.42 0.37 0.29 0.25 0.21 0.17 0.14 0.08 0.06 0.03 0.02 0.00 -0.01 -0.02 -0.03 -0.03 -0.03 -0.02 -0.02 0.01 0.24 0.19 0.00 0.00 0.00 0.16 0.15 0.15 0.16 0.16 0.16 0.16 0.16 0.17 0.17 0.00 0.00 0.00 0.00 0.00 0.00 0.00 0.00 0.00 0.11 0.00 0.00 0.00 0.00 0.00 0.00 0.00 0.00 0.00 0.00 0.00 0.00 0.00 0.00 0.00 0.00 0.00
-9999.00 3.74 3.37 3.21 3.04 2.86 2.65 2.44 2.25 1.97 1.79 1.61 1.45 1.30 1.05 0.88 0.79 0.70 0.62 0.55 0.48 0.42 0.36 0.29 0.24 0.20 0.17 0.11 0.08 0.06 0.03 0.02 0.00 -0.01 -0.02 -0.03 -0.03 -0.03 -0.02 -0.01 0.01 0.23 0.24 0.25 0.24 0.17 0.16 0.15 0.15 0.15 0.16 0.16 0.16 0.17 0.17 0.17 0.00 0.00 0.00 0.00 0.00 0.00 0.00 0.00 0.00 0.11 0.00 0.00 0.00 0.00 0.00 0.00 0.00 0.00 0.00 0.00 0.00 0.00 0.00 0.00 0.00 0.00 0.00
3.74 3.52 3.36 3.21 3.04 2.85 2.64 2.44 2.25 1.97 1.78 1.60 1.44 1.17 1.04 0.88 0.78 0.70 0.62 0.54 0.48 0.42 0.36 0.29 0.24 0.20 0.17 0.11 0.08 0.06 0.03 0.02 0.00 -0.01 -0.02 -0.02 -0.02 -0.02 -0.01 0.00 0.13 0.22 0.23 0.23 0.20 0.17 0.16 0.15 0.13 0.14 0.15 0.16 0.16 0.17 0.17 0.11 0.00 0.00 0.00 0.00 0.00 0.00 0.00 0.00 0.00 0.11 0.00 0.00 0.00 0.00 0.00 0.00 0.00 0.00 0.00 0.00 0.00 0.00 0.00 0.00 0.00 0.00 0.00
3.73 3.51 3.36 3.20 3.03 2.84 2.64 2.43 2.24 1.96 1.77 1.59 1.43 1.29 1.04 0.92 0.78 0.70 0.62 0.54 0.47 0.41 0.36 0.28 0.24 0.20 0.17 0.11 0.08 0.06 0.03 0.01 -0.00 -0.01 -0.02 -0.02 -0.02 -0.01 0.00 0.03 0.09 0.20 0.22 0.22 0.20 0.18 0.17 0.16 0.14 0.14 0.15 0.16 0.16 0.17 0.17 0.00 0.00 0.00 0.00 0.00 0.00 0.00 0.00 0.00 0.00 0.10 0.00 0.00 0.00 0.00 0.00 0.00 0.00 0.00 0.00 0.00 0.00 0.00 0.00 0.00 0.00 0.00 0.00
3.73 3.51 3.35 3.20 3.03 2.83 2.63 2.42 2.23 1.95 1.76 1.59 1.43 1.15 1.03 0.92 0.77 0.69 0.61 0.54 0.47 0.41 0.35 0.30 0.23 0.20 0.16 0.10 0.08 0.06 0.03 0.01 -0.00 -0.01 -0.02 -0.02 -0.02 -0.01 0.01 0.05 0.08 0.16 0.19 0.18 0.17 0.18 0.18 0.19 0.19 0.14 0.15 0.15 0.16 0.16 0.17 0.00 0.00 0.00 0.00 0.00 0.00 0.00 0.00 0.00 0.00 0.02 0.00 0.00 0.00 0.00 0.00 0.00 0.00 0.00 0.00 0.00 0.00 0.00 0.00 0.00 0.00 0.00 0.00
3.72 3.58 3.35 3.19 3.02 2.83 2.62 2.41 2.22 1.94 1.76 1.58 1.42 1.15 1.02 0.91 0.77 0.68 0.60 0.53 0.46 0.41 0.35 0.30 0.23 0.19 0.16 0.10 0.08 0.06 0.04 0.01 -0.00 -0.01 -0.02 -0.02 -0.01 -0.00 0.02 0.04 0.08 0.12 0.15 0.16 0.17 0.18 0.18 0.19 0.19 0.14 0.15 0.15 0.16 0.16 0.06 0.00 0.00 0.00 0.00 0.00 0.00 0.00 0.00 0.00 0.00 0.00 0.00 0.00 0.00 0.00 0.00 0.00 0.00 0.00 0.00 0.00 0.00 0.00 0.00 0.00 0.00 0.00 0.00
3.72 3.57 3.34 3.18 3.01 2.82 2.61 2.41 2.22 2.03 1.74 1.57 1.41 1.14 1.01 0.90 0.76 0.68 0.60 0.53 0.46 0.40 0.35 0.30 0.23 0.19 0.16 0.10 0.07 0.05 0.04 0.01 -0.00 -0.01 -0.02 -0.02 -0.01 0.00 0.02 0.05 0.09 0.12 0.14 0.15 0.16 0.17 0.18 0.18 0.18 0.16 0.14 0.15 0.15 0.16 0.00 0.00 0.00 0.00 0.00 0.00 0.00 0.00 0.00 0.00 0.00 0.00 0.00 0.00 0.00 0.00 0.00 0.00 0.00 0.00 0.00 0.00 0.00 0.00 0.00 0.00 0.00 0.00 0.00
3.71 3.57 3.34 3.18 3.00 2.80 2.60 2.39 2.20 2.02 1.73 1.56 1.40 1.26 1.01 0.89 0.76 0.67 0.59 0.52 0.46 0.40 0.35 0.30 0.23 0.19 0.13 0.10 0.07 0.05 0.04 0.01 0.00 -0.01 -0.01 -0.01 -0.01 0.01 0.03 0.05 0.09 0.11 0.13 0.14 0.15 0.16 0.17 0.18 0.16 0.15 0.14 0.15 0.16 0.16 0.00 0.00 0.00 0.00 0.00 0.00 0.00 0.00 0.00 0.00 0.00 0.00 0.00 0.00 0.00 0.00 0.00 0.00 0.00 0.00 0.00 0.00 0.00 0.00 0.00 0.00 0.00 0.00 0.00
3.69 3.56 3.33 3.17 2.99 2.79 2.58 2.38 2.19 2.01 1.72 1.55 1.39 1.12 1.00 0.89 0.79 0.67 0.59 0.52 0.45 0.39 0.34 0.29 0.22 0.19 0.15 0.10 0.07 0.05 0.04 0.01 0.00 -0.01 -0.01 -0.01 -0.00 0.02 0.04 0.08 0.10 0.11 0.13 0.14 0.15 0.16 0.00 0.00 0.15 0.15 0.15 0.15 0.15 0.15 0.00 0.00 0.00 0.00 0.00 0.00 0.00 0.00 0.00 0.00 0.00 0.00 0.00 0.00 0.00 0.00 0.00 0.00 0.00 0.00 0.00 0.00 0.00 0.00 0.00 0.00 0.00 0.00 0.00
3.68 3.54 3.39 3.15 2.97 2.77 2.57 2.37 2.19 2.00 1.72 1.54 1.39 1.12 0.99 0.88 0.79 0.66 0.58 0.51 0.45 0.39 0.34 0.29 0.24 0.15 0.12 0.09 0.07 0.05 0.03 0.01 -0.00 -0.01 -0.01 -0.01 0.00 0.02 0.04 0.07 0.10 0.11 0.13 0.14 0.14 0.03 0.00 0.00 0.00 0.15 0.15 0.15 0.16 0.16 0.16 0.00 0.00 0.00 0.00 0.00 0.00 0.00 -0.00 0.00 0.00 0.00 0.00 0.00 0.00 0.00 0.00 0.00 0.00 0.00 0.00 0.00 0.00 0.00 0.00 0.00 0.00 0.00 0.00
3.68 3.53 3.38 3.14 2.96 2.76 2.56 2.36 2.18 1.99 1.79 1.53 1.38 1.11 0.99 0.88 0.78 0.66 0.58 0.51 0.44 0.38 0.33 0.28 0.24 0.18 0.12 0.09 0.07 0.05 0.03 0.02 -0.00 -0.01 -0.01 -0.01 0.00 0.02 0.04 0.09 0.10 0.11 0.12 0.13 0.00 0.00 0.00 0.00 0.00 0.11 0.15 0.15 0.16 0.15 0.15 0.00 0.00 0.00 0.00 0.00 0.00 -0.00 -0.00 -0.00 0.00 0.00 0.00 0.00 0.00 0.00 0.00 0.00 0.00 0.00 0.00 0.00 0.00 0.00 0.00 0.00 0.00 0.00 0.00
3.67 3.52 3.37 3.13 2.95 2.75 2.54 2.34 2.15 1.96 1.77 1.52 1.22 1.10 0.98 0.87 0.77 0.65 0.57 0.50 0.44 0.38 0.33 0.28 0.23 0.14 0.12 0.09 0.06 0.05 0.03 0.01 -0.00 -0.01 -0.01 -0.01 0.01 0.03 0.06 0.09 0.10 0.11 0.12 0.14 0.00 0.00 0.00 0.00 0.00 0.00 0.00 0.15 0.15 0.15 0.00 0.00 0.00 0.00 0.00 0.00 0.00 0.00 -0.00 -0.00 0.00 0.00 0.00 0.00 0.00 0.00 0.00 0.00 0.00 0.00 0.00 0.00 0.00 0.00 0.00 0.00 0.00 0.00 0.00
3.66 3.51 3.36 3.12 2.94 2.73 2.53 2.33 2.14 1.95 1.76 1.50 1.35 1.08 0.97 0.86 0.76 0.68 0.57 0.49 0.43 0.38 0.32 0.27 0.23 0.14 0.11 0.09 0.06 0.04 0.03 0.01 -0.01 -0.01 -0.01 -0.01 0.01 0.03 0.06 0.09 0.10 0.12 0.21 0.18 0.00 0.00 0.00 0.00 0.00 0.00 0.00 0.15 0.15 0.15 0.00 0.00 0.00 0.00 0.00 0.00 0.00 0.00 0.00 0.00 0.00 0.00 0.00 0.00 0.00 0.00 0.00 0.00 0.00 0.00 0.00 0.00 0.00 0.00 0.00 0.00 0.00 0.00 0.00
3.65 3.51 3.35 3.11 2.93 2.72 2.52 2.32 2.13 1.94 1.75 1.49 1.20 1.07 0.95 0.85 0.75 0.67 0.55 0.49 0.42 0.37 0.32 0.27 0.22 0.14 0.11 0.08 0.06 0.04 0.03 0.01 -0.01 -0.01 -0.01 -0.01 0.01 0.03 0.05 0.10 0.19 0.24 0.26 0.00 0.00 0.00 0.00 0.00 0.00 0.00 0.00 0.00 0.15 0.15 0.00 0.00 0.00 0.00 0.00 0.00 0.00 -0.00 0.00 0.00 0.00 0.00 0.00 0.00 0.00 0.00 0.00 0.00 0.00 0.00 0.00 0.00 0.00 0.00 0.00 0.00 0.00 0.00 0.00
3.65 3.50 3.35 3.19 2.92 2.71 2.50 2.31 2.12 1.93 1.74 1.48 1.19 1.06 0.95 0.84 0.75 0.66 0.55 0.48 0.42 0.36 0.31 0.26 0.22 0.18 0.10 0.08 0.06 0.04 0.02 0.01 -0.01 -0.02 -0.02 -0.01 0.01 0.03 0.06 0.16 0.24 0.26 0.27 0.00 0.00 0.00 0.00 0.00 0.00 0.00 0.00 0.15 0.14 0.15 0.00 0.00 0.00 0.00 0.00 0.00 0.00 0.00 0.00 0.00 0.00 0.00 0.00 0.00 0.00 0.00 0.00 0.00 0.00 0.00 0.00 0.00 0.00 0.00 0.00 0.00 0.00 0.00 0.00
3.64 3.49 3.34 3.18 2.90 2.70 2.49 2.29 2.10 1.91 1.72 1.55 1.18 1.06 0.94 0.83 0.74 0.66 0.54 0.47 0.41 0.35 0.30 0.25 0.17 0.12 0.09 0.07 0.05 0.03 0.02 0.00 -0.01 -0.02 -0.02 -0.01 0.01 0.03 0.04 0.22 0.26 0.28 0.14 0.00 0.00 0.00 0.00 0.00 0.00 0.00 0.00 0.14 0.14 0.15 0.00 0.00 0.00 0.00 0.00 0.00 0.00 0.00 0.00 0.00 0.00 0.00 0.00 0.00 0.00 0.00 0.00 0.00 0.00 0.00 0.00 0.00 0.00 0.00 0.00 0.00 0.00 0.00 0.00
3.63 3.48 3.33 3.17 2.89 2.69 2.48 2.28 2.09 1.90 1.71 1.53 1.17 1.04 0.92 0.82 0.73 0.65 0.53 0.46 0.40 0.35 0.30 0.25 0.20 0.12 0.09 0.06 0.04 0.03 0.01 -0.00 -0.01 -0.02 -0.03 -0.01 0.01 0.03 0.08 0.25 0.27 0.28 0.00 0.00 0.00 0.00 0.00 0.00 0.00 0.00 0.00 0.14 0.14 0.00 0.00 0.00 0.00 0.00 0.00 0.00 0.00 0.00 0.00 0.00 0.00 0.00 0.00 0.00 0.00 0.00 0.00 0.00 0.00 0.00 0.00 0.00 0.00 0.00 0.00 0.00 0.00 0.00 0.00
3.63 3.48 3.32 3.16 2.88 2.67 2.46 2.26 2.07 1.88 1.69 1.29 1.16 1.03 0.91 0.81 0.72 0.64 0.56 0.46 0.40 0.34 0.29 0.24 0.16 0.11 0.08 0.06 0.04 0.02 0.01 -0.01 -0.01 -0.03 -0.03 -0.01 0.00 0.01 0.13 0.25 0.28 0.29 0.00 0.00 0.00 0.00 0.00 0.00 0.00 0.00 0.12 0.12 0.00 0.00 0.00 0.00 0.00 0.00 0.00 0.00 0.00 0.00 0.00 0.00 0.00 0.00 0.00 0.00 0.00 0.00 0.00 0.00 0.00 0.00 0.00 0.00 0.00 0.00 0.00 0.00 0.00 0.00 0.00
3.62 3.47 3.31 3.14 2.87 2.66 2.45 2.25 2.05 1.86 1.67 1.28 1.14 1.02 0.90 0.80 0.71 0.63 0.55 0.45 0.39 0.33 0.28 0.24 0.19 0.12 0.08 0.06 0.04 0.02 0.00 -0.01 -0.02 -0.03 -0.03 -0.02 -0.01 0.00 0.22 0.25 0.28 0.00 0.00 0.00 0.00 0.00 0.00 0.00 0.00 0.00 0.13 0.11 0.00 0.00 0.00 0.00 0.00 0.00 0.00 0.00 0.00 0.00 0.00 0.00 0.00 0.00 0.00 0.00 0.00 0.00 0.00 0.00 0.00 0.00 0.00 0.00 0.00 0.00 0.00 0.00 0.00 0.00 0.00
3.61 3.46 3.30 3.14 2.95 2.64 2.43 2.23 2.04 1.85 1.66 1.27 1.13 1.00 0.89 0.79 0.70 0.62 0.54 0.44 0.38 0.33 0.28 0.23 0.19 0.12 0.07 0.05 0.03 0.01 -0.00 -0.02 -0.03 -0.03 -0.03 -0.02 -0.01 0.07 0.23 0.26 0.00 0.00 0.00 0.00 0.00 0.00 0.00 0.00 0.00 0.00 0.11 0.00 0.00 0.00 0.00 0.00 0.00 0.00 0.00 0.00 0.00 0.00 0.00 0.00 0.00 0.00 0.00 0.00 0.00 0.00 0.00 0.00 0.00 0.00 0.00 0.00 0.00 0.00 0.00 0.00 0.00 0.00 0.00
3.61 3.46 3.30 3.13 2.94 2.63 2.42 2.22 2.02 1.83 1.47 1.32 1.12 0.99 0.88 0.78 0.69 0.61 0.53 0.43 0.37 0.32 0.26 0.22 0.14 0.11 0.07 0.04 0.02 0.01 -0.01 -0.02 -0.03 -0.04 -0.04 -0.02 -0.02 0.11 0.23 0.24 0.00 0.00 0.00 0.00 0.00 0.00 0.00 0.00 0.00 0.10 0.11 0.00 0.00 0.00 0.00 0.00 0.00 0.00 0.00 0.00 0.00 0.00 0.00 0.00 0.00 0.00 0.00 0.00 0.00 0.00 0.00 0.00 0.00 0.00 0.00 0.00 0.00 0.00 0.00 0.00 0.00 0.00 0.00
3.61 3.45 3.29 3.12 2.93 2.61 2.40 2.20 2.01 1.81 1.45 1.31 1.10 0.98 0.86 0.76 0.68 0.59 0.52 0.42 0.36 0.31 0.26 0.21 0.14 0.10 0.06 0.04 0.02 0.00 -0.01 -0.03 -0.04 -0.05 -0.04 -0.03 -0.02 0.13 0.22 0.24 0.00 0.00 0.00 0.00 0.00 0.00 0.00 0.00 0.00 0.09 0.00 0.00 0.00 0.00 0.00 0.00 0.00 0.00 0.00 0.00 0.00 0.00 0.00 0.00 0.00 0.00 0.00 0.00 0.00 0.00 0.00 0.00 0.00 0.00 0.00 0.00 0.00 0.00 0.00 0.00 0.00 0.00 0.00
3.60 3.45 3.28 3.11 2.92 2.60 2.39 2.18 1.99 1.79 1.43 1.28 1.08 0.95 0.85 0.75 0.66 0.58 0.51 0.44 0.35 0.30 0.25 0.16 0.13 0.10 0.05 0.03 0.01 -0.01 -0.02 -0.04 -0.05 -0.05 -0.05 -0.04 -0.03 0.15 0.23 0.20 0.00 0.00 0.00 0.00 0.00 0.00 0.00 0.00 0.00 0.08 0.00 0.00 0.00 0.00 0.00 0.00 0.00 0.00 0.00 0.00 0.00 0.00 0.00 0.00 0.00 0.00 0.00 0.00 0.00 0.00 0.00 0.00 0.00 0.00 0.00 0.00 0.00 0.00 0.00 0.00 0.00 0.00 0.00
3.60 3.44 3.27 3.09 2.89 2.57 2.36 2.16 1.96 1.76 1.58 1.27 1.06 0.94 0.83 0.74 0.65 0.57 0.50 0.43 0.35 0.29 0.24 0.16 0.12 0.09 0.06 0.03 0.01 -0.01 -0.03 -0.04 -0.05 -0.06 -0.06 -0.04 -0.01 0.17 0.21 0.00 0.00 0.00 0.00 0.00 0.00 0.00 0.00 0.00 0.00 0.08 0.00 0.00 0.00 0.00 0.00 0.00 0.00 0.00 0.00 0.00 0.00 0.00 0.00 0.00 0.00 0.00 0.00 0.00 0.00 0.00 0.00 0.00 0.00 0.00 0.00 0.00 0.00 0.00 0.00 0.00 0.00 0.00 0.00
3.59 3.43 3.26 3.08 2.88 2.66 2.34 2.14 1.94 1.74 1.56 1.25 1.05 0.93 0.82 0.73 0.64 0.56 0.49 0.42 0.34 0.28 0.23 0.15 0.12 0.08 0.06 0.02 -0.00 -0.02 -0.04 -0.05 -0.06 -0.07 -0.07 -0.06 -0.05 0.16 0.00 0.00 0.00 0.00 0.00 0.00 0.00 0.00 0.00 0.00 0.00 0.08 0.00 0.00 0.00 0.00 0.00 0.00 0.00 0.00 0.00 0.00 0.00 0.00 0.00 0.00 0.00 0.00 0.00 0.00 0.00 0.00 0.00 0.00 0.00 0.00 0.00 0.00 0.00 0.00 0.00 0.00 0.00 0.00 0.00
3.58 3.43 3.26 3.07 2.86 2.64 2.32 2.12 1.92 1.72 1.38 1.23 1.10 0.91 0.81 0.72 0.63 0.55 0.48 0.41 0.33 0.27 0.23 0.18 0.11 0.08 0.05 0.01 -0.01 -0.03 -0.05 -0.06 -0.07 -0.07 -0.08 -0.06 -0.06 0.20 0.04 0.00 0.00 0.00 0.00 0.00 0.00 0.00 0.00 0.00 0.00 0.08 0.00 0.00 0.00 0.00 0.00 0.00 0.00 0.00 0.00 0.00 0.00 0.00 0.00 0.00 0.00 0.00 0.00 0.00 0.00 0.00 0.00 0.00 0.00 0.00 0.00 0.00 0.00 0.00 0.00 0.00 0.00 0.00 0.00
3.58 3.42 3.25 3.06 2.85 2.63 2.30 2.10 1.90 1.70 1.36 1.22 1.08 0.90 0.80 0.70 0.62 0.54 0.47 0.40 0.31 0.26 0.21 0.17 0.10 0.07 0.04 0.00 -0.02 -0.04 -0.05 -0.07 -0.08 -0.08 -0.08 -0.07 -0.07 0.23 0.26 0.06 0.00 0.00 0.00 0.00 0.00 0.00 0.00 0.00 0.00 0.08 0.00 0.00 0.00 0.00 0.00 0.00 0.00 0.00 0.00 0.00 0.00 0.00 0.00 0.00 0.00 0.00 0.00 0.00 0.00 0.00 0.00 0.00 0.00 0.00 0.00 0.00 0.00 0.00 0.00 0.00 0.00 0.00 0.00
