tsunami_inundation/2160.asc
ncols        89
nrows        96
xllcorner    425855.973699999973
yllcorner    5091051.504999999888
cellsize     55.000000000000
NODATA_value  -9999.00
[rows 0 to 36 of 96, columns 0 to 83 of 89]
-9999.00 4.65 4.59 4.45 4.37 4.28 4.13 4.02 3.89 3.75 3.60 3.44 3.26 3.06 2.72 2.49 2.26 1.81 1.59 1.40 1.24 1.01 0.89 0.78 0.68 0.58 0.50 0.42 0.33 0.27 0.17 0.13 0.09 0.05 0.01 -0.03 -0.06 -0.08 -0.09 -0.09 0.04 0.00 0.00 0.00 0.00 0.00 0.00 0.00 0.00 0.00 0.00 0.14 0.15 0.14 0.14 0.14 0.14 0.14 0.14 0.00 0.00 0.00 0.00 0.00 0.00 0.00 0.00 0.00 0.00 0.00 0.00 0.00 0.00 0.00 0.00 0.00 0.00 0.00 0.00 0.00 0.00 0.00 0.00 0.00
-9999.00 4.66 4.59 4.45 4.37 4.28 4.12 4.01 3.88 3.75 3.60 3.43 3.26 3.06 2.72 2.48 2.03 1.80 1.59 1.40 1.23 1.01 0.88 0.77 0.67 0.58 0.50 0.42 0.27 0.21 0.17 0.13 0.09 0.04 0.01 -0.03 -0.06 -0.08 -0.09 -0.08 0.05 0.00 0.00 0.00 0.00 0.00 0.00 0.00 0.00 0.00 0.15 0.15 0.15 0.14 0.14 0.14 0.14 0.14 0.14 0.00 0.00 0.00 0.00 0.00 0.00 0.00 0.00 0.00 0.00 0.00 0.00 0.00 0.00 0.00 0.00 0.00 0.00 0.00 0.00 0.00 0.00 0.00 0.00 0.00
-9999.00 4.66 4.52 4.45 4.37 4.27 4.17 4.00 3.88 3.74 3.59 3.43 3.25 3.05 2.71 2.25 2.02 1.80 1.58 1.39 1.23 1.01 0.88 0.77 0.67 0.58 0.49 0.42 0.35 0.21 0.17 0.13 0.08 0.04 0.01 -0.02 -0.06 -0.08 -0.09 -0.08 0.04 0.00 0.00 0.00 0.00 0.00 0.00 0.00 0.00 0.15 0.15 0.15 0.15 0.15 0.14 0.14 0.14 0.14 0.00 0.00 0.00 0.00 0.00 0.00 0.00 0.00 0.00 0.00 0.00 0.00 0.00 0.00 0.00 0.00 0.00 0.00 0.00 0.00 0.00 0.00 0.00 0.00 0.00 0.00
-9999.00 4.66 4.52 4.45 4.36 4.27 4.17 4.00 3.87 3.74 3.59 3.42 3.24 3.04 2.71 2.47 2.01 1.79 1.58 1.39 1.22 1.00 0.88 0.77 0.67 0.57 0.49 0.41 0.26 0.21 0.17 0.12 0.08 0.04 0.00 -0.03 -0.06 -0.08 -0.09 -0.09 -0.01 0.00 0.00 0.00 0.00 0.00 0.00 0.00 0.06 0.15 0.15 0.15 0.15 0.15 0.15 0.14 0.14 0.14 0.01 0.00 0.00 0.00 0.00 0.00 0.00 0.00 0.00 0.00 0.00 0.00 0.00 0.00 0.00 0.00 0.00 0.00 0.00 0.00 0.00 0.00 0.00 0.00 0.00 0.00
-9999.00 4.65 4.52 4.45 4.36 4.27 4.17 4.00 3.87 3.73 3.58 3.41 3.23 3.03 2.81 2.22 1.99 1.77 1.56 1.38 1.21 1.00 0.87 0.76 0.66 0.57 0.48 0.41 0.35 0.21 0.16 0.12 0.08 0.04 0.00 -0.03 -0.06 -0.08 -0.09 -0.09 -0.05 0.00 0.00 0.00 0.00 0.00 0.00 0.00 0.16 0.15 0.15 0.15 0.15 0.15 0.15 0.14 0.14 0.14 0.14 0.00 0.00 0.00 0.00 0.00 0.00 0.00 0.00 0.00 0.00 0.00 0.00 0.00 0.00 0.00 0.00 0.00 0.00 0.00 0.00 0.00 0.00 0.00 0.00 0.00
-9999.00 4.65 4.52 4.44 4.36 4.27 4.17 3.99 3.87 3.73 3.57 3.40 3.22 3.03 2.80 2.21 1.99 1.76 1.55 1.37 1.20 1.05 0.87 0.76 0.65 0.56 0.48 0.41 0.26 0.21 0.16 0.12 0.07 0.04 0.00 -0.03 -0.06 -0.08 -0.09 -0.09 -0.06 0.00 0.00 0.00 0.00 0.00 0.00 0.00 0.16 0.16 0.16 0.16 0.15 0.16 0.15 0.15 0.15 0.14 0.14 0.13 0.13 0.02 0.00 0.00 0.00 0.00 0.00 0.00 0.00 0.00 0.00 0.00 0.00 0.00 0.00 0.00 0.00 0.00 0.00 0.00 0.00 0.00 0.00 0.00
-9999.00 4.58 4.51 4.44 4.36 4.27 4.16 4.05 3.86 3.72 3.57 3.40 3.22 3.02 2.79 2.20 1.98 1.75 1.54 1.36 1.20 1.05 0.86 0.75 0.65 0.56 0.47 0.40 0.28 0.20 0.16 0.12 0.07 0.03 0.00 -0.03 -0.06 -0.08 -0.09 -0.09 -0.07 0.00 0.00 0.00 0.00 0.00 0.00 0.00 0.16 0.16 0.16 0.16 0.16 0.16 0.16 0.16 0.15 0.15 0.13 0.13 0.13 0.12 0.00 0.00 0.00 0.00 0.00 0.00 0.00 0.00 0.00 0.00 0.00 0.00 0.00 0.00 0.00 0.00 0.00 0.00 0.00 0.00 0.00 0.00
-9999.00 4.58 4.51 4.44 4.36 4.27 4.16 4.05 3.86 3.72 3.56 3.39 3.21 3.01 2.78 2.19 1.97 1.74 1.53 1.35 1.19 1.04 0.85 0.74 0.65 0.55 0.47 0.40 0.27 0.20 0.15 0.11 0.07 0.03 -0.00 -0.03 -0.05 -0.08 -0.09 -0.09 -0.06 0.04 0.00 0.00 0.00 0.00 0.00 0.00 0.16 0.16 0.16 0.16 0.16 0.16 0.16 0.16 0.15 0.15 0.00 0.00 0.13 0.13 0.12 0.12 0.12 0.00 0.00 0.00 0.00 0.00 0.00 0.00 0.00 0.00 0.00 0.00 0.00 0.00 0.00 0.00 0.00 0.00 0.00 0.00
-9999.00 4.57 4.50 4.43 4.35 4.26 4.16 4.05 3.86 3.71 3.55 3.38 3.20 3.00 2.77 2.18 1.96 1.73 1.53 1.35 1.19 1.04 0.84 0.74 0.64 0.55 0.46 0.33 0.27 0.19 0.15 0.11 0.07 0.03 -0.00 -0.03 -0.05 -0.08 -0.09 -0.09 -0.06 0.00 0.00 0.00 0.00 0.00 0.00 0.00 0.15 0.16 0.16 0.16 0.16 0.16 0.16 0.16 0.16 0.17 0.00 0.00 0.00 0.12 0.12 0.12 0.12 0.12 0.00 0.00 0.00 0.00 0.00 0.00 0.00 0.00 0.00 0.00 0.00 0.00 0.00 0.00 0.00 0.00 0.00 0.00
-9999.00 4.64 4.50 4.43 4.35 4.26 4.16 4.04 3.85 3.71 3.55 3.37 3.19 2.99 2.76 2.17 1.95 1.72 1.52 1.34 1.18 1.03 0.90 0.73 0.63 0.54 0.46 0.39 0.26 0.19 0.15 0.11 0.07 0.03 -0.00 -0.03 -0.05 -0.08 -0.09 -0.09 -0.04 0.00 0.00 0.00 0.00 0.00 0.00 0.14 0.15 0.15 0.16 0.16 0.16 0.16 0.17 0.16 0.16 0.00 0.00 0.00 0.00 0.00 0.00 0.00 0.08 0.12 0.00 0.00 0.00 0.00 0.00 0.00 0.00 0.00 0.00 0.00 0.00 0.00 0.00 0.00 0.00 0.00 0.00 0.00
-9999.00 4.68 4.50 4.42 4.35 4.26 4.16 4.04 3.85 3.70 3.54 3.36 3.18 2.98 2.75 2.16 1.94 1.72 1.51 1.33 1.17 1.02 0.89 0.72 0.63 0.54 0.46 0.38 0.26 0.21 0.14 0.10 0.06 0.03 -0.01 -0.03 -0.05 -0.08 -0.08 -0.08 -0.04 0.22 0.18 0.00 0.00 0.00 0.15 0.15 0.15 0.15 0.16 0.16 0.16 0.16 0.17 0.16 0.00 0.00 0.00 0.00 0.00 0.00 0.00 0.00 0.00 0.12 0.00 0.00 0.00 0.00 0.00 0.00 0.00 0.00 0.00 0.00 0.00 0.00 0.00 0.00 0.00 0.00 0.00 0.00
-9999.00 4.67 4.49 4.42 4.34 4.26 4.15 4.04 3.91 3.69 3.53 3.35 3.17 2.97 2.49 2.15 1.93 1.71 1.50 1.32 1.16 1.02 0.88 0.72 0.62 0.53 0.45 0.32 0.26 0.20 0.14 0.10 0.06 0.02 -0.01 -0.04 -0.05 -0.07 -0.08 -0.08 -0.04 0.21 0.22 0.23 0.22 0.15 0.14 0.13 0.14 0.14 0.15 0.16 0.16 0.17 0.17 0.16 0.00 0.00 0.00 0.00 0.00 0.00 0.00 0.00 0.00 0.12 0.00 0.00 0.00 0.00 0.00 0.00 0.00 0.00 0.00 0.00 0.00 0.00 0.00 0.00 0.00 0.00 0.00 0.00
4.67 4.56 4.49 4.41 4.34 4.25 4.15 4.03 3.90 3.69 3.52 3.35 3.16 2.73 2.48 2.14 1.92 1.70 1.49 1.32 1.16 1.01 0.88 0.71 0.62 0.53 0.45 0.31 0.25 0.20 0.13 0.09 0.05 0.02 -0.01 -0.04 -0.06 -0.07 -0.07 -0.06 0.12 0.21 0.22 0.22 0.18 0.15 0.14 0.13 0.13 0.14 0.15 0.15 0.16 0.17 0.17 0.11 0.00 0.00 0.00 0.00 0.00 0.00 0.00 0.00 0.00 0.11 0.00 0.00 0.00 0.00 0.00 0.00 0.00 0.00 0.00 0.00 0.00 0.00 0.00 0.00 0.00 0.00 0.00 0.00
4.67 4.56 4.48 4.41 4.33 4.25 4.15 4.03 3.90 3.68 3.52 3.34 3.16 2.95 2.47 2.24 1.91 1.69 1.49 1.31 1.15 1.00 0.87 0.71 0.61 0.52 0.44 0.31 0.25 0.20 0.13 0.09 0.05 0.01 -0.02 -0.04 -0.06 -0.07 -0.06 -0.03 0.06 0.19 0.21 0.20 0.17 0.15 0.15 0.14 0.13 0.14 0.15 0.16 0.16 0.17 0.17 0.00 0.00 0.00 0.00 0.00 0.00 0.00 0.00 0.00 0.00 0.11 0.00 0.00 0.00 0.00 0.00 0.00 0.00 0.00 0.00 0.00 0.00 0.00 0.00 0.00 0.00 0.00 0.00 0.00
4.66 4.55 4.48 4.41 4.33 4.24 4.14 4.02 3.89 3.68 3.51 3.34 3.15 2.70 2.46 2.23 1.90 1.68 1.48 1.30 1.14 0.99 0.86 0.75 0.60 0.51 0.43 0.30 0.24 0.19 0.13 0.08 0.04 0.01 -0.02 -0.04 -0.06 -0.06 -0.05 -0.02 0.02 0.14 0.17 0.16 0.14 0.15 0.16 0.16 0.16 0.14 0.15 0.15 0.16 0.16 0.17 0.00 0.00 0.00 0.00 0.00 0.00 0.00 0.00 0.00 0.00 0.02 0.00 0.00 0.00 0.00 0.00 0.00 0.00 0.00 0.00 0.00 0.00 0.00 0.00 0.00 0.00 0.00 0.00 0.00
4.66 4.59 4.48 4.40 4.33 4.24 4.14 4.02 3.89 3.67 3.51 3.33 3.14 2.69 2.45 2.21 1.88 1.66 1.46 1.29 1.13 0.98 0.85 0.74 0.60 0.51 0.43 0.30 0.24 0.19 0.14 0.08 0.04 0.00 -0.02 -0.04 -0.06 -0.06 -0.04 -0.03 0.02 0.07 0.11 0.13 0.14 0.15 0.15 0.16 0.16 0.14 0.15 0.15 0.16 0.16 0.06 0.00 0.00 0.00 0.00 0.00 0.00 0.00 0.00 0.00 0.00 0.00 0.00 0.00 0.00 0.00 0.00 0.00 0.00 0.00 0.00 0.00 0.00 0.00 0.00 0.00 0.00 0.00 0.00 0.00
4.65 4.58 4.47 4.40 4.32 4.24 4.13 4.01 3.88 3.74 3.50 3.32 3.13 2.68 2.43 2.20 1.86 1.64 1.45 1.28 1.12 0.97 0.84 0.74 0.59 0.50 0.42 0.29 0.23 0.18 0.14 0.07 0.03 0.00 -0.03 -0.04 -0.05 -0.06 -0.04 -0.02 0.03 0.06 0.10 0.12 0.13 0.14 0.15 0.16 0.16 0.15 0.14 0.15 0.16 0.16 0.00 0.00 0.00 0.00 0.00 0.00 0.00 0.00 0.00 0.00 0.00 0.00 0.00 0.00 0.00 0.00 0.00 0.00 0.00 0.00 0.00 0.00 0.00 0.00 0.00 0.00 0.00 0.00 0.00 0.00
4.65 4.58 4.47 4.40 4.32 4.23 4.12 4.01 3.87 3.73 3.49 3.31 3.12 2.91 2.42 2.19 1.85 1.63 1.43 1.27 1.11 0.96 0.84 0.73 0.58 0.49 0.35 0.29 0.23 0.18 0.13 0.07 0.03 -0.00 -0.03 -0.05 -0.05 -0.05 -0.04 -0.01 0.04 0.07 0.09 0.11 0.12 0.13 0.14 0.15 0.14 0.14 0.15 0.15 0.16 0.16 0.00 0.00 0.00 0.00 0.00 0.00 0.00 0.00 0.00 0.00 0.00 0.00 0.00 0.00 0.00 0.00 0.00 0.00 0.00 0.00 0.00 0.00 0.00 0.00 0.00 0.00 0.00 0.00 0.00 0.00
4.63 4.57 4.47 4.39 4.31 4.22 4.12 4.00 3.87 3.73 3.48 3.30 3.11 2.65 2.41 2.18 1.95 1.61 1.42 1.26 1.10 0.95 0.83 0.72 0.58 0.49 0.41 0.28 0.22 0.17 0.13 0.07 0.03 -0.01 -0.03 -0.05 -0.05 -0.05 -0.03 0.02 0.04 0.07 0.08 0.10 0.11 0.13 0.00 0.00 0.14 0.15 0.15 0.16 0.16 0.16 0.00 0.00 0.00 0.00 0.00 0.00 0.00 0.00 0.00 0.00 0.00 0.00 0.00 0.00 0.00 0.00 0.00 0.00 0.00 0.00 0.00 0.00 0.00 0.00 0.00 0.00 0.00 0.00 0.00 0.00
4.63 4.56 4.49 4.39 4.30 4.21 4.11 4.00 3.86 3.72 3.47 3.29 3.10 2.64 2.40 2.17 1.94 1.60 1.41 1.25 1.09 0.94 0.82 0.71 0.62 0.41 0.34 0.27 0.22 0.17 0.12 0.06 0.02 -0.01 -0.03 -0.05 -0.05 -0.05 -0.02 0.01 0.04 0.06 0.08 0.09 0.10 0.02 0.00 0.00 0.00 0.15 0.16 0.16 0.16 0.16 0.16 0.00 0.00 0.00 0.00 0.00 0.00 0.00 -0.00 -0.00 0.00 0.00 0.00 0.00 0.00 0.00 0.00 0.00 0.00 0.00 0.00 0.00 0.00 0.00 0.00 0.00 0.00 0.00 0.00 0.00
4.62 4.56 4.49 4.38 4.30 4.21 4.11 3.99 3.86 3.71 3.54 3.28 3.09 2.63 2.38 2.15 1.92 1.59 1.40 1.24 1.07 0.93 0.81 0.70 0.60 0.47 0.33 0.27 0.21 0.16 0.12 0.08 0.02 -0.01 -0.04 -0.05 -0.05 -0.04 -0.02 0.03 0.04 0.06 0.07 0.08 0.00 0.00 0.00 0.00 0.00 0.11 0.16 0.16 0.16 0.16 0.15 0.00 0.00 0.00 0.00 0.00 0.00 0.00 0.00 0.00 0.00 0.00 0.00 0.00 0.00 0.00 0.00 0.00 0.00 0.00 0.00 0.00 0.00 0.00 0.00 0.00 0.00 0.00 0.00 0.00
4.62 4.55 4.49 4.38 4.30 4.21 4.10 3.98 3.84 3.69 3.52 3.27 2.84 2.61 2.36 2.13 1.90 1.57 1.38 1.22 1.06 0.92 0.80 0.69 0.60 0.39 0.33 0.26 0.21 0.16 0.12 0.08 0.02 -0.01 -0.04 -0.05 -0.05 -0.04 0.00 0.03 0.04 0.06 0.07 0.11 0.00 0.00 0.00 0.00 0.00 0.00 0.00 0.16 0.16 0.16 0.00 0.00 0.00 0.00 0.00 0.00 0.00 0.00 0.00 -0.00 0.00 0.00 0.00 0.00 0.00 0.00 0.00 0.00 0.00 0.00 0.00 0.00 0.00 0.00 0.00 0.00 0.00 0.00 0.00 0.00
4.62 4.55 4.48 4.37 4.29 4.20 4.10 3.98 3.84 3.68 3.51 3.25 3.05 2.58 2.35 2.12 1.87 1.65 1.37 1.21 1.05 0.91 0.79 0.69 0.59 0.38 0.32 0.26 0.20 0.15 0.11 0.07 0.01 -0.02 -0.04 -0.05 -0.05 -0.04 -0.00 0.02 0.03 0.07 0.19 0.16 0.00 0.00 0.00 0.00 0.00 0.00 0.00 0.16 0.16 0.16 0.00 0.00 0.00 0.00 0.00 0.00 0.00 0.00 0.00 -0.00 0.00 0.00 0.00 0.00 0.00 0.00 0.00 0.00 0.00 0.00 0.00 0.00 0.00 0.00 0.00 0.00 0.00 0.00 0.00 0.00
4.61 4.55 4.48 4.37 4.29 4.20 4.09 3.97 3.83 3.67 3.50 3.24 2.81 2.56 2.32 2.09 1.86 1.63 1.35 1.20 1.03 0.90 0.78 0.68 0.58 0.38 0.31 0.25 0.20 0.15 0.11 0.07 0.01 -0.02 -0.04 -0.06 -0.05 -0.04 -0.02 0.04 0.17 0.23 0.25 0.00 0.00 0.00 0.00 0.00 0.00 0.00 0.00 0.00 0.16 0.16 0.00 0.00 0.00 0.00 0.00 0.00 0.00 0.00 0.00 0.00 0.00 0.00 0.00 0.00 0.00 0.00 0.00 0.00 0.00 0.00 0.00 0.00 0.00 0.00 0.00 0.00 0.00 0.00 0.00 0.00
4.61 4.55 4.48 4.41 4.29 4.20 4.09 3.96 3.82 3.66 3.49 3.22 2.80 2.54 2.30 2.07 1.84 1.62 1.33 1.17 1.02 0.88 0.76 0.66 0.56 0.47 0.29 0.24 0.19 0.14 0.10 0.06 0.01 -0.02 -0.05 -0.06 -0.05 -0.04 -0.02 0.15 0.23 0.25 0.25 0.00 0.00 0.00 0.00 0.00 0.00 0.00 0.00 0.15 0.16 0.16 0.00 0.00 0.00 0.00 0.00 0.00 0.00 0.00 0.00 0.00 0.00 0.00 0.00 0.00 0.00 0.00 0.00 0.00 0.00 0.00 0.00 0.00 0.00 0.00 0.00 0.00 0.00 0.00 0.00 0.00
4.61 4.55 4.48 4.41 4.29 4.19 4.09 3.96 3.81 3.66 3.48 3.31 2.78 2.53 2.28 2.05 1.82 1.60 1.31 1.15 1.00 0.86 0.75 0.64 0.46 0.35 0.28 0.23 0.17 0.13 0.10 0.06 0.02 -0.02 -0.05 -0.06 -0.05 -0.04 -0.03 0.21 0.25 0.26 0.13 0.00 0.00 0.00 0.00 0.00 0.00 0.00 0.00 0.16 0.15 0.16 0.00 0.00 0.00 0.00 0.00 0.00 0.00 0.00 0.00 0.00 0.00 0.00 0.00 0.00 0.00 0.00 0.00 0.00 0.00 0.00 0.00 0.00 0.00 0.00 0.00 0.00 0.00 0.00 0.00 0.00
4.61 4.55 4.48 4.41 4.28 4.19 4.08 3.95 3.81 3.65 3.48 3.30 2.76 2.50 2.26 2.02 1.79 1.57 1.29 1.13 0.98 0.85 0.73 0.63 0.53 0.34 0.27 0.22 0.17 0.12 0.09 0.05 0.02 -0.02 -0.05 -0.06 -0.06 -0.05 0.04 0.24 0.26 0.27 0.00 0.00 0.00 0.00 0.00 0.00 0.00 0.00 0.00 0.16 0.15 0.00 0.00 0.00 0.00 0.00 0.00 0.00 0.00 0.00 0.00 0.00 0.00 0.00 0.00 0.00 0.00 0.00 0.00 0.00 0.00 0.00 0.00 0.00 0.00 0.00 0.00 0.00 0.00 0.00 0.00 0.00
4.61 4.55 4.48 4.41 4.28 4.19 4.08 3.94 3.79 3.63 3.46 2.98 2.74 2.48 2.24 2.00 1.77 1.55 1.36 1.11 0.96 0.83 0.72 0.62 0.44 0.33 0.26 0.21 0.16 0.12 0.08 0.04 0.01 -0.02 -0.06 -0.06 -0.06 -0.06 0.11 0.24 0.26 0.28 0.00 0.00 0.00 0.00 0.00 0.00 0.00 0.00 0.13 0.13 0.00 0.00 0.00 0.00 0.00 0.00 0.00 0.00 0.00 0.00 0.00 0.00 0.00 0.00 0.00 0.00 0.00 0.00 0.00 0.00 0.00 0.00 0.00 0.00 0.00 0.00 0.00 0.00 0.00 0.00 0.00 0.00
4.62 4.55 4.48 4.40 4.28 4.18 4.07 3.94 3.79 3.62 3.45 2.96 2.72 2.46 2.21 1.98 1.74 1.53 1.34 1.10 0.95 0.82 0.71 0.61 0.51 0.35 0.26 0.20 0.15 0.11 0.07 0.04 0.01 -0.03 -0.06 -0.07 -0.07 -0.06 0.21 0.24 0.27 0.00 0.00 0.00 0.00 0.00 0.00 0.00 0.00 0.00 0.14 0.13 0.00 0.00 0.00 0.00 0.00 0.00 0.00 0.00 0.00 0.00 0.00 0.00 0.00 0.00 0.00 0.00 0.00 0.00 0.00 0.00 0.00 0.00 0.00 0.00 0.00 0.00 0.00 0.00 0.00 0.00 0.00 0.00
4.62 4.55 4.48 4.40 4.32 4.18 4.07 3.93 3.78 3.62 3.44 2.95 2.70 2.44 2.19 1.96 1.72 1.51 1.32 1.08 0.93 0.80 0.69 0.59 0.50 0.34 0.25 0.19 0.14 0.10 0.06 0.03 -0.00 -0.03 -0.07 -0.07 -0.07 0.05 0.21 0.25 0.00 0.00 0.00 0.00 0.00 0.00 0.00 0.00 0.00 0.00 0.13 0.00 0.00 0.00 0.00 0.00 0.00 0.00 0.00 0.00 0.00 0.00 0.00 0.00 0.00 0.00 0.00 0.00 0.00 0.00 0.00 0.00 0.00 0.00 0.00 0.00 0.00 0.00 0.00 0.00 0.00 0.00 0.00 0.00
4.62 4.55 4.48 4.40 4.32 4.18 4.06 3.92 3.77 3.61 3.25 3.04 2.68 2.42 2.17 1.93 1.70 1.48 1.30 1.06 0.91 0.79 0.67 0.57 0.40 0.33 0.23 0.18 0.13 0.09 0.06 0.02 -0.01 -0.04 -0.07 -0.08 -0.08 0.10 0.21 0.23 0.00 0.00 0.00 0.00 0.00 0.00 0.00 0.00 0.00 0.12 0.12 0.00 0.00 0.00 0.00 0.00 0.00 0.00 0.00 0.00 0.00 0.00 0.00 0.00 0.00 0.00 0.00 0.00 0.00 0.00 0.00 0.00 0.00 0.00 0.00 0.00 0.00 0.00 0.00 0.00 0.00 0.00 0.00 0.00
4.62 4.55 4.48 4.40 4.32 4.17 4.05 3.92 3.77 3.60 3.24 3.03 2.65 2.39 2.15 1.89 1.66 1.45 1.27 1.03 0.89 0.77 0.66 0.56 0.39 0.32 0.22 0.17 0.13 0.09 0.05 0.01 -0.02 -0.05 -0.08 -0.09 -0.09 0.12 0.21 0.22 0.00 0.00 0.00 0.00 0.00 0.00 0.00 0.00 0.00 0.10 0.00 0.00 0.00 0.00 0.00 0.00 0.00 0.00 0.00 0.00 0.00 0.00 0.00 0.00 0.00 0.00 0.00 0.00 0.00 0.00 0.00 0.00 0.00 0.00 0.00 0.00 0.00 0.00 0.00 0.00 0.00 0.00 0.00 0.00
4.63 4.56 4.48 4.40 4.32 4.17 4.05 3.91 3.76 3.60 3.22 3.00 2.62 2.36 2.11 1.87 1.63 1.43 1.25 1.09 0.87 0.75 0.64 0.46 0.38 0.31 0.22 0.16 0.12 0.08 0.04 0.00 -0.03 -0.06 -0.09 -0.10 -0.10 0.14 0.21 0.19 0.00 0.00 0.00 0.00 0.00 0.00 0.00 0.00 0.00 0.09 0.00 0.00 0.00 0.00 0.00 0.00 0.00 0.00 0.00 0.00 0.00 0.00 0.00 0.00 0.00 0.00 0.00 0.00 0.00 0.00 0.00 0.00 0.00 0.00 0.00 0.00 0.00 0.00 0.00 0.00 0.00 0.00 0.00 0.00
4.63 4.56 4.48 4.40 4.31 4.16 4.04 3.90 3.75 3.58 3.40 2.98 2.60 2.33 2.09 1.84 1.61 1.41 1.23 1.07 0.85 0.74 0.63 0.44 0.37 0.30 0.24 0.16 0.11 0.07 0.03 -0.01 -0.04 -0.06 -0.10 -0.11 -0.06 0.16 0.19 0.00 0.00 0.00 0.00 0.00 0.00 0.00 0.00 0.00 0.00 0.09 0.00 0.00 0.00 0.00 0.00 0.00 0.00 0.00 0.00 0.00 0.00 0.00 0.00 0.00 0.00 0.00 0.00 0.00 0.00 0.00 0.00 0.00 0.00 0.00 0.00 0.00 0.00 0.00 0.00 0.00 0.00 0.00 0.00 0.00
4.63 4.56 4.48 4.40 4.31 4.21 4.03 3.89 3.74 3.57 3.39 2.96 2.57 2.31 2.06 1.82 1.59 1.39 1.21 1.05 0.84 0.72 0.62 0.43 0.36 0.29 0.23 0.15 0.10 0.06 0.02 -0.01 -0.05 -0.08 -0.10 -0.12 -0.12 0.14 0.00 0.00 0.00 0.00 0.00 0.00 0.00 0.00 0.00 0.00 0.00 0.09 0.00 0.00 0.00 0.00 0.00 0.00 0.00 0.00 0.00 0.00 0.00 0.00 0.00 0.00 0.00 0.00 0.00 0.00 0.00 0.00 0.00 0.00 0.00 0.00 0.00 0.00 0.00 0.00 0.00 0.00 0.00 0.00 0.00 0.00
4.64 4.56 4.48 4.40 4.30 4.20 4.02 3.89 3.74 3.57 3.18 2.94 2.68 2.29 2.04 1.79 1.56 1.36 1.19 1.03 0.82 0.71 0.60 0.51 0.35 0.28 0.22 0.14 0.09 0.05 0.01 -0.02 -0.06 -0.09 -0.11 -0.13 -0.13 0.19 0.04 0.00 0.00 0.00 0.00 0.00 0.00 0.00 0.00 0.00 0.00 0.09 0.00 0.00 0.00 0.00 0.00 0.00 0.00 0.00 0.00 0.00 0.00 0.00 0.00 0.00 0.00 0.00 0.00 0.00 0.00 0.00 0.00 0.00 0.00 0.00 0.00 0.00 0.00 0.00 0.00 0.00 0.00 0.00 0.00 0.00
4.64 4.56 4.48 4.40 4.30 4.20 4.02 3.88 3.73 3.56 3.17 2.93 2.66 2.27 2.02 1.77 1.54 1.34 1.17 1.01 0.80 0.68 0.58 0.49 0.33 0.27 0.21 0.13 0.09 0.04 0.00 -0.03 -0.07 -0.10 -0.12 -0.14 -0.14 0.22 0.25 0.05 0.00 0.00 0.00 0.00 0.00 0.00 0.00 0.00 0.00 0.09 0.00 0.00 0.00 0.00 0.00 0.00 0.00 0.00 0.00 0.00 0.00 0.00 0.00 0.00 0.00 0.00 0.00 0.00 0.00 0.00 0.00 0.00 0.00 0.00 0.00 0.00 0.00 0.00 0.00 0.00 0.00 0.00 0.00 0.00
