tsunami_inundation/2190.asc
ncols        89
nrows        96
xllcorner    425855.973699999973
yllcorner    5091051.504999999888
cellsize     55.000000000000
NODATA_value  -9999.00
[rows 0 to 36 of 96, columns 0 to 83 of 89]
-9999.00 5.05 5.03 4.97 4.93 4.90 4.84 4.80 4.76 4.71 4.65 4.58 4.50 4.41 4.29 4.19 4.08 3.78 3.59 3.40 3.20 2.80 2.50 2.21 1.92 1.63 1.40 1.19 0.92 0.78 0.55 0.45 0.35 0.26 0.17 0.07 0.01 -0.03 -0.07 -0.10 0.04 0.00 0.00 0.00 0.00 0.00 0.00 0.00 0.00 0.00 0.00 0.15 0.16 0.15 0.15 0.15 0.15 0.15 0.15 0.00 0.00 0.00 0.00 0.00 0.00 0.00 0.00 0.00 0.00 0.00 0.00 0.00 0.00 0.00 0.00 0.00 0.00 0.00 0.00 0.00 0.00 0.00 0.00 0.00
-9999.00 5.05 5.03 4.97 4.93 4.89 4.83 4.79 4.75 4.70 4.64 4.57 4.49 4.41 4.29 4.19 3.94 3.77 3.59 3.40 3.19 2.79 2.49 2.20 1.91 1.63 1.39 1.18 0.78 0.66 0.55 0.44 0.35 0.25 0.16 0.06 0.01 -0.03 -0.07 -0.10 0.04 0.00 0.00 0.00 0.00 0.00 0.00 0.00 0.00 0.00 0.16 0.16 0.16 0.15 0.15 0.15 0.15 0.15 0.15 0.00 0.00 0.00 0.00 0.00 0.00 0.00 0.00 0.00 0.00 0.00 0.00 0.00 0.00 0.00 0.00 0.00 0.00 0.00 0.00 0.00 0.00 0.00 0.00 0.00
-9999.00 5.05 5.00 4.97 4.93 4.89 4.85 4.79 4.74 4.70 4.64 4.57 4.49 4.41 4.29 4.07 3.93 3.77 3.59 3.39 3.18 2.78 2.49 2.20 1.90 1.62 1.38 1.18 0.99 0.66 0.54 0.44 0.34 0.24 0.16 0.09 0.00 -0.04 -0.07 -0.10 0.03 0.00 0.00 0.00 0.00 0.00 0.00 0.00 0.00 0.16 0.16 0.16 0.16 0.16 0.15 0.15 0.15 0.15 0.00 0.00 0.00 0.00 0.00 0.00 0.00 0.00 0.00 0.00 0.00 0.00 0.00 0.00 0.00 0.00 0.00 0.00 0.00 0.00 0.00 0.00 0.00 0.00 0.00 0.00
-9999.00 5.05 5.00 4.97 4.93 4.89 4.84 4.78 4.74 4.69 4.63 4.56 4.48 4.40 4.28 4.19 3.93 3.77 3.58 3.39 3.17 2.77 2.48 2.19 1.89 1.61 1.37 1.17 0.77 0.65 0.54 0.43 0.33 0.23 0.15 0.08 -0.00 -0.04 -0.08 -0.11 -0.03 0.00 0.00 0.00 0.00 0.00 0.00 0.00 0.07 0.16 0.16 0.16 0.16 0.16 0.16 0.15 0.15 0.15 0.03 0.00 0.00 0.00 0.00 0.00 0.00 0.00 0.00 0.00 0.00 0.00 0.00 0.00 0.00 0.00 0.00 0.00 0.00 0.00 0.00 0.00 0.00 0.00 0.00 0.00
-9999.00 5.05 5.00 4.97 4.93 4.89 4.84 4.78 4.74 4.69 4.63 4.56 4.48 4.40 4.32 4.05 3.91 3.75 3.57 3.38 3.16 2.76 2.46 2.17 1.87 1.60 1.36 1.16 0.98 0.64 0.53 0.43 0.32 0.23 0.15 0.08 -0.01 -0.05 -0.08 -0.11 -0.07 0.00 0.00 0.00 0.00 0.00 0.00 0.00 0.16 0.16 0.16 0.16 0.16 0.16 0.16 0.15 0.15 0.15 0.15 0.00 0.00 0.00 0.00 0.00 0.00 0.00 0.00 0.00 0.00 0.00 0.00 0.00 0.00 0.00 0.00 0.00 0.00 0.00 0.00 0.00 0.00 0.00 0.00 0.00
-9999.00 5.05 5.00 4.96 4.93 4.88 4.84 4.78 4.73 4.68 4.62 4.55 4.47 4.39 4.31 4.05 3.91 3.75 3.56 3.37 3.15 2.89 2.45 2.16 1.85 1.58 1.35 1.15 0.76 0.64 0.52 0.42 0.32 0.22 0.14 0.07 -0.01 -0.05 -0.09 -0.11 -0.09 0.00 0.00 0.00 0.00 0.00 0.00 0.00 0.16 0.16 0.16 0.16 0.16 0.16 0.16 0.16 0.15 0.15 0.15 0.15 0.14 0.03 0.00 0.00 0.00 0.00 0.00 0.00 0.00 0.00 0.00 0.00 0.00 0.00 0.00 0.00 0.00 0.00 0.00 0.00 0.00 0.00 0.00 0.00
-9999.00 5.02 4.99 4.96 4.93 4.88 4.84 4.80 4.73 4.68 4.61 4.54 4.47 4.39 4.31 4.04 3.90 3.74 3.56 3.36 3.15 2.88 2.43 2.14 1.84 1.57 1.34 1.14 0.82 0.63 0.52 0.41 0.31 0.22 0.14 0.07 -0.01 -0.06 -0.09 -0.12 -0.10 0.00 0.00 0.00 0.00 0.00 0.00 0.00 0.16 0.16 0.16 0.16 0.16 0.16 0.16 0.16 0.15 0.16 0.14 0.14 0.14 0.13 0.00 0.00 0.00 0.00 0.00 0.00 0.00 0.00 0.00 0.00 0.00 0.00 0.00 0.00 0.00 0.00 0.00 0.00 0.00 0.00 0.00 0.00
-9999.00 5.02 4.99 4.96 4.92 4.88 4.84 4.80 4.73 4.67 4.61 4.54 4.46 4.38 4.30 4.04 3.90 3.74 3.55 3.36 3.14 2.87 2.42 2.13 1.83 1.56 1.33 1.13 0.80 0.62 0.50 0.40 0.30 0.21 0.13 0.06 0.01 -0.06 -0.09 -0.12 -0.10 0.03 0.00 0.00 0.00 0.00 0.00 0.00 0.16 0.16 0.16 0.16 0.16 0.16 0.16 0.16 0.16 0.16 0.00 0.00 0.14 0.13 0.13 0.13 0.12 0.00 0.00 0.00 0.00 0.00 0.00 0.00 0.00 0.00 0.00 0.00 0.00 0.00 0.00 0.00 0.00 0.00 0.00 0.00
-9999.00 5.01 4.98 4.95 4.92 4.88 4.84 4.80 4.73 4.67 4.60 4.53 4.45 4.38 4.30 4.03 3.89 3.73 3.55 3.35 3.13 2.86 2.41 2.12 1.81 1.54 1.32 0.94 0.79 0.61 0.50 0.40 0.30 0.21 0.13 0.06 -0.00 -0.07 -0.10 -0.13 -0.10 0.00 0.00 0.00 0.00 0.00 0.00 0.00 0.15 0.15 0.16 0.16 0.16 0.16 0.16 0.16 0.16 0.17 0.00 0.00 0.00 0.13 0.13 0.13 0.13 0.12 0.00 0.00 0.00 0.00 0.00 0.00 0.00 0.00 0.00 0.00 0.00 0.00 0.00 0.00 0.00 0.00 0.00 0.00
-9999.00 5.04 4.98 4.95 4.92 4.88 4.84 4.79 4.72 4.67 4.60 4.52 4.45 4.37 4.29 4.03 3.89 3.73 3.54 3.34 3.12 2.84 2.54 2.10 1.80 1.53 1.31 1.10 0.78 0.60 0.49 0.39 0.30 0.20 0.12 0.05 -0.01 -0.07 -0.11 -0.13 -0.08 0.00 0.00 0.00 0.00 0.00 0.00 0.14 0.15 0.15 0.15 0.16 0.16 0.16 0.17 0.17 0.17 0.00 0.00 0.00 0.00 0.00 0.00 0.00 0.08 0.12 0.00 0.00 0.00 0.00 0.00 0.00 0.00 0.00 0.00 0.00 0.00 0.00 0.00 0.00 0.00 0.00 0.00 0.00
-9999.00 5.06 4.98 4.95 4.92 4.88 4.84 4.79 4.72 4.66 4.59 4.51 4.44 4.36 4.28 4.02 3.89 3.72 3.53 3.33 3.11 2.83 2.53 2.08 1.79 1.52 1.30 1.10 0.78 0.65 0.48 0.39 0.29 0.20 0.12 0.05 -0.01 -0.08 -0.11 -0.13 -0.08 0.21 0.17 0.00 0.00 0.00 0.14 0.14 0.14 0.15 0.15 0.16 0.16 0.16 0.17 0.17 0.00 0.00 0.00 0.00 0.00 0.00 0.00 0.00 0.00 0.12 0.00 0.00 0.00 0.00 0.00 0.00 0.00 0.00 0.00 0.00 0.00 0.00 0.00 0.00 0.00 0.00 0.00 0.00
-9999.00 5.06 4.97 4.95 4.91 4.88 4.84 4.79 4.74 4.66 4.58 4.51 4.43 4.35 4.18 4.01 3.88 3.72 3.53 3.32 3.10 2.82 2.51 2.07 1.77 1.51 1.29 0.91 0.77 0.65 0.48 0.38 0.29 0.19 0.11 0.04 -0.01 -0.06 -0.11 -0.13 -0.09 0.20 0.21 0.22 0.21 0.13 0.13 0.12 0.13 0.14 0.15 0.15 0.16 0.16 0.16 0.16 0.00 0.00 0.00 0.00 0.00 0.00 0.00 0.00 0.00 0.12 0.00 0.00 0.00 0.00 0.00 0.00 0.00 0.00 0.00 0.00 0.00 0.00 0.00 0.00 0.00 0.00 0.00 0.00
5.05 5.00 4.97 4.94 4.91 4.88 4.84 4.79 4.74 4.65 4.58 4.50 4.42 4.26 4.17 4.01 3.87 3.71 3.52 3.31 3.09 2.80 2.50 2.06 1.76 1.50 1.28 0.91 0.76 0.64 0.47 0.37 0.28 0.18 0.11 0.03 -0.02 -0.07 -0.12 -0.13 0.11 0.19 0.21 0.21 0.16 0.13 0.12 0.12 0.12 0.13 0.15 0.15 0.16 0.16 0.16 0.11 0.00 0.00 0.00 0.00 0.00 0.00 0.00 0.00 0.00 0.12 0.00 0.00 0.00 0.00 0.00 0.00 0.00 0.00 0.00 0.00 0.00 0.00 0.00 0.00 0.00 0.00 0.00 0.00
5.05 5.00 4.97 4.94 4.91 4.88 4.84 4.79 4.74 4.65 4.58 4.50 4.42 4.34 4.16 4.06 3.87 3.70 3.51 3.30 3.07 2.79 2.49 2.04 1.75 1.49 1.27 0.90 0.76 0.63 0.46 0.36 0.26 0.17 0.09 0.03 -0.03 -0.07 -0.11 -0.10 0.04 0.17 0.19 0.19 0.15 0.13 0.13 0.12 0.12 0.14 0.14 0.15 0.16 0.16 0.16 0.00 0.00 0.00 0.00 0.00 0.00 0.00 0.00 0.00 0.00 0.11 0.00 0.00 0.00 0.00 0.00 0.00 0.00 0.00 0.00 0.00 0.00 0.00 0.00 0.00 0.00 0.00 0.00 0.00
5.05 5.00 4.97 4.94 4.91 4.88 4.84 4.79 4.74 4.65 4.57 4.49 4.41 4.25 4.16 4.05 3.85 3.69 3.50 3.30 3.06 2.78 2.47 2.17 1.72 1.47 1.25 0.88 0.75 0.62 0.45 0.35 0.25 0.16 0.09 0.02 -0.03 -0.07 -0.10 -0.09 -0.04 0.12 0.16 0.14 0.12 0.13 0.13 0.14 0.14 0.13 0.14 0.15 0.16 0.16 0.16 0.00 0.00 0.00 0.00 0.00 0.00 0.00 0.00 0.00 0.00 0.02 0.00 0.00 0.00 0.00 0.00 0.00 0.00 0.00 0.00 0.00 0.00 0.00 0.00 0.00 0.00 0.00 0.00 0.00
5.04 5.01 4.97 4.94 4.91 4.87 4.83 4.79 4.74 4.64 4.57 4.49 4.41 4.25 4.15 4.03 3.84 3.67 3.48 3.28 3.05 2.76 2.45 2.16 1.71 1.45 1.24 0.87 0.74 0.61 0.50 0.35 0.24 0.15 0.08 0.01 -0.04 -0.07 -0.10 -0.09 -0.04 0.02 0.08 0.10 0.10 0.12 0.13 0.13 0.14 0.13 0.14 0.15 0.15 0.16 0.06 0.00 0.00 0.00 0.00 0.00 0.00 0.00 0.00 0.00 0.00 0.00 0.00 0.00 0.00 0.00 0.00 0.00 0.00 0.00 0.00 0.00 0.00 0.00 0.00 0.00 0.00 0.00 0.00 0.00
5.04 5.01 4.97 4.94 4.91 4.87 4.83 4.78 4.73 4.67 4.57 4.48 4.40 4.24 4.14 4.03 3.82 3.66 3.47 3.27 3.04 2.74 2.44 2.14 1.69 1.44 1.23 0.86 0.73 0.60 0.49 0.34 0.24 0.15 0.07 0.01 -0.04 -0.08 -0.09 -0.08 -0.02 0.02 0.06 0.08 0.09 0.11 0.12 0.13 0.14 0.14 0.14 0.15 0.16 0.16 0.00 0.00 0.00 0.00 0.00 0.00 0.00 0.00 0.00 0.00 0.00 0.00 0.00 0.00 0.00 0.00 0.00 0.00 0.00 0.00 0.00 0.00 0.00 0.00 0.00 0.00 0.00 0.00 0.00 0.00
5.04 5.01 4.96 4.93 4.90 4.87 4.83 4.78 4.73 4.67 4.56 4.48 4.40 4.32 4.13 4.02 3.81 3.64 3.46 3.26 3.02 2.72 2.42 2.13 1.68 1.43 1.02 0.85 0.72 0.59 0.48 0.33 0.23 0.14 0.07 0.00 -0.05 -0.08 -0.08 -0.07 -0.01 0.02 0.05 0.07 0.08 0.10 0.11 0.13 0.13 0.14 0.15 0.15 0.16 0.16 0.00 0.00 0.00 0.00 0.00 0.00 0.00 0.00 0.00 0.00 0.00 0.00 0.00 0.00 0.00 0.00 0.00 0.00 0.00 0.00 0.00 0.00 0.00 0.00 0.00 0.00 0.00 0.00 0.00 0.00
5.03 5.00 4.96 4.93 4.90 4.87 4.83 4.78 4.73 4.67 4.56 4.48 4.39 4.23 4.13 4.01 3.87 3.63 3.45 3.25 3.01 2.71 2.40 2.11 1.66 1.41 1.20 0.84 0.71 0.58 0.47 0.33 0.22 0.13 0.06 -0.01 -0.05 -0.08 -0.08 -0.03 -0.01 0.02 0.04 0.05 0.07 0.09 0.00 0.00 0.14 0.15 0.16 0.16 0.16 0.16 0.00 0.00 0.00 0.00 0.00 0.00 0.00 0.00 0.00 0.00 0.00 0.00 0.00 0.00 0.00 0.00 0.00 0.00 0.00 0.00 0.00 0.00 0.00 0.00 0.00 0.00 0.00 0.00 0.00 0.00
5.02 5.00 4.97 4.93 4.90 4.86 4.83 4.78 4.73 4.67 4.56 4.47 4.39 4.22 4.12 4.00 3.86 3.62 3.43 3.24 2.99 2.69 2.39 2.09 1.78 1.19 0.98 0.83 0.69 0.57 0.46 0.32 0.21 0.13 0.05 -0.01 -0.06 -0.08 -0.08 -0.05 -0.01 0.01 0.03 0.04 0.06 0.02 0.00 0.00 0.00 0.16 0.16 0.16 0.16 0.16 0.16 0.00 0.00 0.00 0.00 0.00 0.00 0.00 -0.00 -0.00 0.00 0.00 0.00 0.00 0.00 0.00 0.00 0.00 0.00 0.00 0.00 0.00 0.00 0.00 0.00 0.00 0.00 0.00 0.00 0.00
5.02 5.00 4.97 4.93 4.90 4.86 4.83 4.78 4.73 4.67 4.59 4.47 4.39 4.22 4.12 3.99 3.85 3.61 3.42 3.23 2.97 2.66 2.36 2.06 1.75 1.37 0.97 0.81 0.68 0.56 0.45 0.36 0.20 0.12 0.04 -0.02 -0.06 -0.08 -0.08 -0.03 -0.01 0.00 0.02 0.03 0.00 0.00 0.00 0.00 0.00 0.11 0.16 0.16 0.16 0.16 0.16 0.00 0.00 0.00 0.00 0.00 0.00 0.00 0.00 0.00 0.00 0.00 0.00 0.00 0.00 0.00 0.00 0.00 0.00 0.00 0.00 0.00 0.00 0.00 0.00 0.00 0.00 0.00 0.00 0.00
5.02 5.00 4.97 4.93 4.90 4.86 4.83 4.79 4.73 4.66 4.58 4.46 4.30 4.21 4.11 3.98 3.84 3.59 3.40 3.20 2.95 2.64 2.33 2.04 1.73 1.15 0.96 0.80 0.67 0.55 0.44 0.35 0.20 0.11 0.04 -0.02 -0.07 -0.08 -0.06 -0.03 -0.02 -0.00 0.00 0.07 0.00 0.00 0.00 0.00 0.00 0.00 0.00 0.16 0.17 0.17 0.00 0.00 0.00 0.00 0.00 0.00 0.00 0.00 0.00 0.00 0.00 0.00 0.00 0.00 0.00 0.00 0.00 0.00 0.00 0.00 0.00 0.00 0.00 0.00 0.00 0.00 0.00 0.00 0.00 0.00
5.02 5.00 4.97 4.93 4.90 4.87 4.83 4.79 4.73 4.66 4.58 4.46 4.38 4.21 4.10 3.98 3.82 3.66 3.39 3.19 2.93 2.62 2.31 2.01 1.71 1.13 0.94 0.79 0.66 0.54 0.43 0.34 0.19 0.10 0.03 -0.03 -0.07 -0.08 -0.07 -0.04 -0.04 0.03 0.17 0.14 0.00 0.00 0.00 0.00 0.00 0.00 0.00 0.17 0.17 0.16 0.00 0.00 0.00 0.00 0.00 0.00 0.00 0.00 0.00 0.00 0.00 0.00 0.00 0.00 0.00 0.00 0.00 0.00 0.00 0.00 0.00 0.00 0.00 0.00 0.00 0.00 0.00 0.00 0.00 0.00
5.02 5.00 4.98 4.93 4.90 4.87 4.83 4.79 4.73 4.66 4.58 4.46 4.30 4.20 4.09 3.96 3.82 3.65 3.36 3.17 2.88 2.59 2.29 1.99 1.68 1.11 0.93 0.78 0.65 0.53 0.43 0.33 0.18 0.10 0.02 -0.04 -0.08 -0.09 -0.09 -0.01 0.16 0.22 0.23 0.00 0.00 0.00 0.00 0.00 0.00 0.00 0.00 0.00 0.17 0.16 0.00 0.00 0.00 0.00 0.00 0.00 0.00 0.00 0.00 0.00 0.00 0.00 0.00 0.00 0.00 0.00 0.00 0.00 0.00 0.00 0.00 0.00 0.00 0.00 0.00 0.00 0.00 0.00 0.00 0.00
5.02 5.00 4.98 4.95 4.90 4.87 4.83 4.79 4.73 4.66 4.58 4.46 4.29 4.20 4.08 3.95 3.81 3.64 3.35 3.13 2.86 2.55 2.24 1.93 1.63 1.37 0.88 0.76 0.64 0.52 0.41 0.32 0.17 0.09 0.01 -0.06 -0.09 -0.10 -0.10 0.14 0.22 0.24 0.24 0.00 0.00 0.00 0.00 0.00 0.00 0.00 0.00 0.16 0.16 0.16 0.00 0.00 0.00 0.00 0.00 0.00 0.00 0.00 0.00 0.00 0.00 0.00 0.00 0.00 0.00 0.00 0.00 0.00 0.00 0.00 0.00 0.00 0.00 0.00 0.00 0.00 0.00 0.00 0.00 0.00
5.03 5.00 4.98 4.95 4.90 4.87 4.83 4.78 4.72 4.65 4.58 4.50 4.29 4.19 4.08 3.95 3.80 3.63 3.33 3.11 2.82 2.51 2.20 1.89 1.34 1.03 0.86 0.74 0.60 0.48 0.40 0.31 0.21 0.09 0.01 -0.06 -0.10 -0.11 -0.11 0.21 0.24 0.25 0.11 0.00 0.00 0.00 0.00 0.00 0.00 0.00 0.00 0.16 0.16 0.17 0.00 0.00 0.00 0.00 0.00 0.00 0.00 0.00 0.00 0.00 0.00 0.00 0.00 0.00 0.00 0.00 0.00 0.00 0.00 0.00 0.00 0.00 0.00 0.00 0.00 0.00 0.00 0.00 0.00 0.00
5.03 5.00 4.98 4.95 4.91 4.87 4.83 4.78 4.72 4.65 4.58 4.50 4.29 4.19 4.07 3.93 3.79 3.62 3.32 3.09 2.80 2.48 2.17 1.86 1.56 1.01 0.84 0.70 0.58 0.46 0.37 0.28 0.20 0.09 0.01 -0.07 -0.10 -0.11 0.00 0.23 0.25 0.26 0.00 0.00 0.00 0.00 0.00 0.00 0.00 0.00 0.00 0.17 0.16 0.00 0.00 0.00 0.00 0.00 0.00 0.00 0.00 -0.00 0.00 0.00 0.00 0.00 0.00 0.00 0.00 0.00 0.00 0.00 0.00 0.00 0.00 0.00 0.00 0.00 0.00 0.00 0.00 0.00 0.00 0.00
5.03 5.01 4.98 4.95 4.91 4.88 4.84 4.78 4.72 4.65 4.58 4.38 4.29 4.18 4.06 3.93 3.78 3.61 3.41 3.07 2.77 2.45 2.14 1.83 1.29 0.98 0.82 0.68 0.56 0.45 0.35 0.27 0.19 0.09 -0.00 -0.08 -0.11 -0.12 0.11 0.23 0.25 0.26 0.00 0.00 0.00 0.00 0.00 0.00 0.00 0.00 0.14 0.15 0.00 0.00 0.00 0.00 0.00 0.00 0.00 0.00 0.00 0.00 0.00 0.00 0.00 0.00 0.00 0.00 0.00 0.00 0.00 0.00 0.00 0.00 0.00 0.00 0.00 0.00 0.00 0.00 0.00 0.00 0.00 0.00
5.04 5.01 4.99 4.96 4.91 4.88 4.84 4.78 4.72 4.65 4.58 4.38 4.28 4.18 4.06 3.92 3.77 3.60 3.40 3.05 2.74 2.42 2.11 1.79 1.50 1.05 0.79 0.66 0.54 0.43 0.34 0.26 0.18 0.08 -0.02 -0.09 -0.12 -0.13 0.20 0.23 0.26 0.00 0.00 0.00 0.00 0.00 0.00 0.00 0.00 0.00 0.16 0.15 0.00 0.00 0.00 0.00 0.00 0.00 0.00 0.00 0.00 0.00 0.00 0.00 0.00 0.00 0.00 0.00 0.00 0.00 0.00 0.00 0.00 0.00 0.00 0.00 0.00 0.00 0.00 0.00 0.00 0.00 0.00 0.00
5.04 5.02 4.99 4.96 4.93 4.88 4.84 4.78 4.72 4.65 4.58 4.38 4.28 4.17 4.05 3.92 3.76 3.59 3.39 3.03 2.71 2.39 2.07 1.75 1.47 1.02 0.77 0.64 0.51 0.41 0.32 0.23 0.15 0.08 -0.04 -0.10 -0.13 0.04 0.20 0.24 0.00 0.00 0.00 0.00 0.00 0.00 0.00 0.00 0.00 0.00 0.13 0.00 0.00 0.00 0.00 0.00 0.00 0.00 0.00 0.00 0.00 0.00 0.00 0.00 0.00 0.00 0.00 0.00 0.00 0.00 0.00 0.00 0.00 0.00 0.00 0.00 0.00 0.00 0.00 0.00 0.00 0.00 0.00 0.00
5.05 5.02 4.99 4.96 4.93 4.88 4.83 4.78 4.72 4.65 4.50 4.42 4.28 4.17 4.05 3.91 3.76 3.58 3.38 3.01 2.69 2.36 2.02 1.70 1.19 0.98 0.74 0.61 0.50 0.40 0.31 0.22 0.13 0.06 -0.05 -0.11 -0.13 0.09 0.20 0.22 0.00 0.00 0.00 0.00 0.00 0.00 0.00 0.00 0.00 0.13 0.13 0.00 0.00 0.00 0.00 0.00 0.00 0.00 0.00 0.00 0.00 0.00 0.00 0.00 0.00 0.00 0.00 0.00 0.00 0.00 0.00 0.00 0.00 0.00 0.00 0.00 0.00 0.00 0.00 0.00 0.00 0.00 0.00 0.00
5.06 5.03 5.00 4.97 4.93 4.88 4.83 4.78 4.72 4.65 4.50 4.42 4.28 4.17 4.05 3.91 3.75 3.56 3.36 2.97 2.64 2.31 1.98 1.66 1.16 0.96 0.72 0.59 0.48 0.38 0.29 0.20 0.11 0.05 -0.06 -0.12 -0.14 0.12 0.20 0.21 0.00 0.00 0.00 0.00 0.00 0.00 0.00 0.00 0.00 0.11 0.00 0.00 0.00 0.00 0.00 0.00 0.00 0.00 0.00 0.00 0.00 0.00 0.00 0.00 0.00 0.00 0.00 0.00 0.00 0.00 0.00 0.00 0.00 0.00 0.00 0.00 0.00 0.00 0.00 0.00 0.00 0.00 0.00 0.00
5.06 5.03 5.00 4.97 4.93 4.88 4.83 4.78 4.72 4.65 4.50 4.41 4.28 4.17 4.04 3.90 3.74 3.55 3.34 3.10 2.61 2.28 1.94 1.36 1.13 0.94 0.70 0.57 0.46 0.36 0.27 0.18 0.10 0.03 -0.07 -0.12 -0.15 0.13 0.20 0.18 0.00 0.00 0.00 0.00 0.00 0.00 0.00 0.00 0.00 0.10 0.00 0.00 0.00 0.00 0.00 0.00 0.00 0.00 0.00 0.00 0.00 0.00 0.00 0.00 0.00 0.00 0.00 0.00 0.00 0.00 0.00 0.00 0.00 0.00 0.00 0.00 0.00 0.00 0.00 0.00 0.00 0.00 0.00 0.00
5.07 5.04 5.01 4.97 4.93 4.88 4.83 4.78 4.72 4.65 4.58 4.41 4.28 4.17 4.04 3.90 3.73 3.54 3.33 3.07 2.58 2.24 1.91 1.33 1.11 0.91 0.76 0.56 0.44 0.35 0.25 0.16 0.08 0.02 -0.08 -0.13 -0.10 0.15 0.18 0.00 0.00 0.00 0.00 0.00 0.00 0.00 0.00 0.00 0.00 0.10 0.00 0.00 0.00 0.00 0.00 0.00 0.00 0.00 0.00 0.00 0.00 0.00 0.00 0.00 0.00 0.00 0.00 0.00 0.00 0.00 0.00 0.00 0.00 0.00 0.00 0.00 0.00 0.00 0.00 0.00 0.00 0.00 0.00 0.00
5.08 5.05 5.01 4.97 4.94 4.90 4.83 4.78 4.72 4.65 4.58 4.41 4.27 4.17 4.04 3.89 3.72 3.53 3.31 3.05 2.55 2.21 1.87 1.31 1.09 0.90 0.74 0.54 0.43 0.33 0.24 0.15 0.07 0.00 -0.05 -0.14 -0.17 0.13 0.00 0.00 0.00 0.00 0.00 0.00 0.00 0.00 0.00 0.00 0.00 0.10 0.00 0.00 0.00 0.00 0.00 0.00 0.00 0.00 0.00 0.00 0.00 0.00 0.00 0.00 0.00 0.00 0.00 0.00 0.00 0.00 0.00 0.00 0.00 0.00 0.00 0.00 0.00 0.00 0.00 0.00 0.00 0.00 0.00 0.00
5.08 5.05 5.02 4.98 4.94 4.90 4.83 4.78 4.73 4.66 4.49 4.41 4.32 4.17 4.04 3.89 3.71 3.51 3.29 3.02 2.52 2.18 1.84 1.53 1.06 0.88 0.71 0.51 0.41 0.31 0.22 0.13 0.06 -0.01 -0.06 -0.15 -0.18 0.18 0.03 0.00 0.00 0.00 0.00 0.00 0.00 0.00 0.00 0.00 0.00 0.09 0.00 0.00 0.00 0.00 0.00 0.00 0.00 0.00 0.00 0.00 0.00 0.00 0.00 0.00 0.00 0.00 0.00 0.00 0.00 0.00 0.00 0.00 0.00 0.00 0.00 0.00 0.00 0.00 0.00 0.00 0.00 0.00 0.00 0.00
5.09 5.06 5.02 4.98 4.94 4.90 4.84 4.79 4.73 4.66 4.50 4.41 4.32 4.17 4.04 3.88 3.70 3.50 3.28 3.00 2.47 2.13 1.78 1.49 1.03 0.85 0.70 0.50 0.39 0.29 0.20 0.12 0.05 -0.02 -0.07 -0.16 -0.19 0.21 0.24 0.05 0.00 0.00 0.00 0.00 0.00 0.00 0.00 0.00 0.00 0.09 0.00 0.00 0.00 0.00 0.00 0.00 0.00 0.00 0.00 0.00 0.00 0.00 0.00 0.00 0.00 0.00 0.00 0.00 0.00 0.00 0.00 0.00 0.00 0.00 0.00 0.00 0.00 0.00 0.00 0.00 0.00 0.00 0.00 0.00
