tsunami_inundation/2220.asc
ncols        89
nrows        96
xllcorner    425855.973699999973
yllcorner    5091051.504999999888
cellsize     55.000000000000
NODATA_value  -9999.00
[rows 0 to 36 of 96, columns 0 to 83 of 89]
-9999.00 5.17 5.17 5.16 5.15 5.14 5.13 5.12 5.11 5.10 5.09 5.06 5.02 4.99 4.94 4.92 4.88 4.77 4.70 4.63 4.57 4.47 4.39 4.28 4.14 3.98 3.79 3.57 3.16 2.78 1.92 1.53 1.20 0.92 0.70 0.44 0.30 0.18 0.09 0.01 0.03 0.00 0.00 0.00 0.00 0.00 0.00 0.00 0.00 0.00 0.00 0.16 0.16 0.16 0.16 0.16 0.16 0.16 0.16 0.00 0.00 0.00 0.00 0.00 0.00 0.00 0.00 0.00 0.00 0.00 0.00 0.00 0.00 0.00 0.00 0.00 0.00 0.00 0.00 0.00 0.00 0.00 0.00 0.00
-9999.00 5.17 5.17 5.16 5.15 5.13 5.11 5.11 5.10 5.09 5.08 5.06 5.02 4.99 4.94 4.92 4.83 4.77 4.70 4.63 4.56 4.46 4.38 4.27 4.13 3.97 3.78 3.56 2.77 2.35 1.91 1.52 1.18 0.90 0.68 0.42 0.28 0.17 0.08 0.00 0.04 0.00 0.00 0.00 0.00 0.00 0.00 0.00 0.00 0.00 0.17 0.17 0.16 0.16 0.16 0.16 0.16 0.16 0.16 0.00 0.00 0.00 0.00 0.00 0.00 0.00 0.00 0.00 0.00 0.00 0.00 0.00 0.00 0.00 0.00 0.00 0.00 0.00 0.00 0.00 0.00 0.00 0.00 0.00
-9999.00 5.17 5.17 5.16 5.14 5.13 5.11 5.10 5.10 5.09 5.08 5.05 5.02 4.98 4.94 4.88 4.83 4.77 4.70 4.63 4.55 4.46 4.38 4.27 4.13 3.97 3.77 3.55 3.30 2.34 1.90 1.50 1.15 0.87 0.66 0.48 0.26 0.15 0.07 -0.00 0.02 0.00 0.00 0.00 0.00 0.00 0.00 0.00 0.00 0.16 0.17 0.16 0.16 0.16 0.16 0.16 0.16 0.16 0.00 0.00 0.00 0.00 0.00 0.00 0.00 0.00 0.00 0.00 0.00 0.00 0.00 0.00 0.00 0.00 0.00 0.00 0.00 0.00 0.00 0.00 0.00 0.00 0.00 0.00
-9999.00 5.17 5.16 5.16 5.14 5.13 5.11 5.10 5.09 5.08 5.07 5.05 5.01 4.98 4.94 4.91 4.82 4.76 4.70 4.62 4.55 4.45 4.38 4.27 4.13 3.96 3.76 3.54 2.74 2.32 1.87 1.48 1.13 0.86 0.64 0.46 0.25 0.14 0.06 -0.01 -0.04 0.00 0.00 0.00 0.00 0.00 0.00 0.00 0.07 0.17 0.17 0.16 0.16 0.16 0.16 0.16 0.16 0.16 0.05 0.00 0.00 0.00 0.00 0.00 0.00 0.00 0.00 0.00 0.00 0.00 0.00 0.00 0.00 0.00 0.00 0.00 0.00 0.00 0.00 0.00 0.00 0.00 0.00 0.00
-9999.00 5.17 5.16 5.15 5.14 5.13 5.11 5.09 5.09 5.08 5.07 5.04 5.01 4.98 4.95 4.86 4.81 4.75 4.69 4.62 4.55 4.45 4.37 4.26 4.12 3.95 3.75 3.53 3.28 2.31 1.85 1.46 1.11 0.84 0.63 0.45 0.24 0.13 0.05 -0.03 -0.08 0.00 0.00 0.00 0.00 0.00 0.00 0.00 0.17 0.17 0.16 0.16 0.16 0.16 0.16 0.16 0.16 0.16 0.16 0.00 0.00 0.00 0.00 0.00 0.00 0.00 0.00 0.00 0.00 0.00 0.00 0.00 0.00 0.00 0.00 0.00 0.00 0.00 0.00 0.00 0.00 0.00 0.00 0.00
-9999.00 5.17 5.16 5.15 5.14 5.12 5.11 5.09 5.08 5.07 5.06 5.03 5.00 4.97 4.94 4.86 4.81 4.75 4.69 4.62 4.55 4.48 4.37 4.26 4.11 3.94 3.73 3.52 2.72 2.29 1.83 1.44 1.09 0.83 0.62 0.44 0.23 0.12 0.04 -0.04 -0.09 0.00 0.00 0.00 0.00 0.00 0.00 0.00 0.16 0.16 0.16 0.16 0.16 0.16 0.16 0.16 0.16 0.16 0.16 0.15 0.15 0.04 0.00 0.00 0.00 0.00 0.00 0.00 0.00 0.00 0.00 0.00 0.00 0.00 0.00 0.00 0.00 0.00 0.00 0.00 0.00 0.00 0.00 0.00
-9999.00 5.16 5.15 5.15 5.14 5.12 5.10 5.09 5.08 5.07 5.05 5.03 5.00 4.97 4.94 4.86 4.81 4.75 4.68 4.61 4.54 4.47 4.36 4.25 4.11 3.94 3.73 3.51 2.90 2.27 1.81 1.42 1.08 0.82 0.61 0.43 0.22 0.11 0.03 -0.04 -0.11 0.00 0.00 0.00 0.00 0.00 0.00 0.00 0.16 0.16 0.16 0.16 0.16 0.16 0.16 0.16 0.16 0.16 0.15 0.15 0.15 0.14 0.00 0.00 0.00 0.00 0.00 0.00 0.00 0.00 0.00 0.00 0.00 0.00 0.00 0.00 0.00 0.00 0.00 0.00 0.00 0.00 0.00 0.00
-9999.00 5.15 5.15 5.14 5.13 5.12 5.10 5.09 5.08 5.07 5.05 5.02 4.99 4.96 4.94 4.85 4.81 4.75 4.68 4.61 4.54 4.47 4.35 4.24 4.10 3.93 3.72 3.49 2.87 2.22 1.77 1.39 1.06 0.80 0.60 0.42 0.27 0.10 0.01 -0.06 -0.11 0.02 0.00 0.00 0.00 0.00 0.00 0.00 0.15 0.15 0.16 0.16 0.16 0.16 0.17 0.17 0.16 0.17 0.00 0.00 0.15 0.14 0.14 0.13 0.13 0.00 0.00 0.00 0.00 0.00 0.00 0.00 0.00 0.00 0.00 0.00 0.00 0.00 0.00 0.00 0.00 0.00 0.00 0.00
-9999.00 5.15 5.15 5.14 5.13 5.12 5.10 5.09 5.08 5.06 5.04 5.01 4.99 4.96 4.93 4.85 4.81 4.75 4.68 4.61 4.54 4.46 4.34 4.23 4.10 3.93 3.71 3.21 2.84 2.19 1.75 1.38 1.06 0.80 0.58 0.41 0.25 0.08 -0.01 -0.08 -0.11 0.00 0.00 0.00 0.00 0.00 0.00 0.00 0.15 0.15 0.15 0.16 0.16 0.16 0.16 0.16 0.16 0.18 0.00 0.00 0.00 0.14 0.14 0.13 0.13 0.13 0.00 0.00 0.00 0.00 0.00 0.00 0.00 0.00 0.00 0.00 0.00 0.00 0.00 0.00 0.00 0.00 0.00 0.00
-9999.00 5.16 5.14 5.14 5.13 5.12 5.10 5.09 5.07 5.06 5.04 5.01 4.98 4.95 4.93 4.85 4.81 4.75 4.68 4.60 4.53 4.46 4.38 4.22 4.09 3.92 3.70 3.48 2.82 2.17 1.74 1.37 1.05 0.79 0.57 0.39 0.24 0.07 -0.02 -0.09 -0.09 0.00 0.00 0.00 0.00 0.00 0.00 0.13 0.14 0.15 0.15 0.15 0.16 0.16 0.16 0.17 0.17 0.00 0.00 0.00 0.00 0.00 0.00 0.00 0.09 0.13 0.00 0.00 0.00 0.00 0.00 0.00 0.00 0.00 0.00 0.00 0.00 0.00 0.00 0.00 0.00 0.00 0.00 0.00
-9999.00 5.16 5.14 5.13 5.13 5.12 5.10 5.09 5.07 5.05 5.03 5.00 4.97 4.95 4.92 4.85 4.81 4.76 4.68 4.60 4.52 4.45 4.37 4.21 4.08 3.91 3.70 3.47 2.80 2.38 1.72 1.36 1.04 0.78 0.56 0.38 0.24 0.06 -0.03 -0.11 -0.10 0.20 0.16 0.00 0.00 0.00 0.13 0.13 0.14 0.14 0.15 0.15 0.15 0.16 0.16 0.16 0.00 0.00 0.00 0.00 0.00 0.00 0.00 0.00 0.00 0.13 0.00 0.00 0.00 0.00 0.00 0.00 0.00 0.00 0.00 0.00 0.00 0.00 0.00 0.00 0.00 0.00 0.00 0.00
-9999.00 5.16 5.14 5.13 5.12 5.12 5.10 5.09 5.08 5.05 5.02 5.00 4.97 4.94 4.89 4.85 4.81 4.76 4.68 4.59 4.52 4.44 4.36 4.21 4.07 3.91 3.70 3.18 2.79 2.36 1.69 1.33 1.02 0.77 0.55 0.38 0.22 0.10 -0.05 -0.12 -0.12 0.19 0.20 0.21 0.19 0.12 0.11 0.12 0.12 0.13 0.14 0.15 0.15 0.16 0.16 0.16 0.00 0.00 0.00 0.00 0.00 0.00 0.00 0.00 0.00 0.13 0.00 0.00 0.00 0.00 0.00 0.00 0.00 0.00 0.00 0.00 0.00 0.00 0.00 0.00 0.00 0.00 0.00 0.00
5.16 5.14 5.13 5.13 5.12 5.11 5.10 5.09 5.07 5.05 5.02 4.99 4.96 4.91 4.89 4.85 4.81 4.76 4.68 4.59 4.51 4.43 4.35 4.20 4.06 3.90 3.69 3.17 2.78 2.34 1.67 1.31 1.00 0.75 0.54 0.36 0.21 0.08 -0.07 -0.14 0.10 0.18 0.20 0.20 0.14 0.11 0.11 0.11 0.11 0.13 0.14 0.15 0.15 0.16 0.16 0.10 0.00 0.00 0.00 0.00 0.00 0.00 0.00 0.00 0.00 0.12 0.00 0.00 0.00 0.00 0.00 0.00 0.00 0.00 0.00 0.00 0.00 0.00 0.00 0.00 0.00 0.00 0.00 0.00
5.16 5.14 5.13 5.13 5.12 5.11 5.10 5.09 5.07 5.05 5.02 4.99 4.96 4.93 4.88 4.86 4.81 4.75 4.68 4.59 4.51 4.43 4.35 4.19 4.06 3.89 3.68 3.16 2.76 2.32 1.64 1.27 0.96 0.72 0.51 0.34 0.19 0.07 -0.08 -0.16 0.02 0.16 0.18 0.18 0.13 0.10 0.11 0.11 0.11 0.13 0.14 0.15 0.15 0.16 0.16 0.00 0.00 0.00 0.00 0.00 0.00 0.00 0.00 0.00 0.00 0.12 0.00 0.00 0.00 0.00 0.00 0.00 0.00 0.00 0.00 0.00 0.00 0.00 0.00 0.00 0.00 0.00 0.00 0.00
5.15 5.14 5.13 5.12 5.12 5.11 5.10 5.09 5.07 5.05 5.02 4.99 4.96 4.91 4.88 4.85 4.81 4.75 4.67 4.59 4.51 4.43 4.34 4.24 4.04 3.88 3.67 3.14 2.74 2.30 1.62 1.25 0.94 0.70 0.50 0.33 0.18 0.05 -0.09 -0.15 -0.08 0.11 0.14 0.12 0.08 0.10 0.10 0.11 0.13 0.13 0.14 0.15 0.15 0.16 0.16 0.00 0.00 0.00 0.00 0.00 0.00 0.00 0.00 0.00 0.00 0.03 0.00 0.00 0.00 0.00 0.00 0.00 0.00 0.00 0.00 0.00 0.00 0.00 0.00 0.00 0.00 0.00 0.00 0.00
5.15 5.14 5.13 5.13 5.12 5.11 5.10 5.09 5.07 5.05 5.02 4.99 4.95 4.90 4.88 4.85 4.80 4.74 4.67 4.59 4.50 4.42 4.34 4.23 4.03 3.86 3.65 3.12 2.72 2.28 1.81 1.23 0.93 0.69 0.49 0.32 0.17 0.04 -0.09 -0.12 -0.10 -0.02 0.05 0.06 0.07 0.08 0.10 0.11 0.12 0.13 0.14 0.15 0.15 0.16 0.06 0.00 0.00 0.00 0.00 0.00 0.00 0.00 0.00 0.00 0.00 0.00 0.00 0.00 0.00 0.00 0.00 0.00 0.00 0.00 0.00 0.00 0.00 0.00 0.00 0.00 0.00 0.00 0.00 0.00
5.15 5.14 5.13 5.13 5.12 5.11 5.10 5.09 5.07 5.06 5.02 4.98 4.95 4.90 4.87 4.85 4.79 4.74 4.67 4.59 4.50 4.42 4.33 4.22 4.02 3.85 3.64 3.10 2.70 2.25 1.79 1.22 0.92 0.68 0.47 0.30 0.15 0.02 -0.07 -0.11 -0.08 -0.03 0.02 0.04 0.06 0.08 0.09 0.10 0.12 0.13 0.14 0.15 0.15 0.16 0.00 0.00 0.00 0.00 0.00 0.00 0.00 0.00 0.00 0.00 0.00 0.00 0.00 0.00 0.00 0.00 0.00 0.00 0.00 0.00 0.00 0.00 0.00 0.00 0.00 0.00 0.00 0.00 0.00 0.00
5.15 5.14 5.13 5.13 5.12 5.11 5.10 5.09 5.07 5.06 5.02 4.98 4.95 4.92 4.87 4.84 4.79 4.73 4.66 4.59 4.50 4.42 4.33 4.22 4.01 3.84 3.40 3.07 2.67 2.23 1.77 1.20 0.90 0.66 0.46 0.29 0.14 0.01 -0.07 -0.11 -0.07 -0.03 -0.00 0.02 0.04 0.06 0.08 0.09 0.11 0.14 0.15 0.15 0.16 0.16 0.00 0.00 0.00 0.00 0.00 0.00 0.00 0.00 0.00 0.00 0.00 0.00 0.00 0.00 0.00 0.00 0.00 0.00 0.00 0.00 0.00 0.00 0.00 0.00 0.00 0.00 0.00 0.00 0.00 0.00
5.14 5.14 5.13 5.13 5.12 5.11 5.10 5.09 5.08 5.06 5.02 4.98 4.95 4.90 4.87 4.84 4.80 4.73 4.66 4.58 4.50 4.41 4.32 4.21 4.00 3.82 3.61 3.05 2.64 2.20 1.74 1.19 0.89 0.64 0.44 0.27 0.12 -0.01 -0.08 -0.09 -0.07 -0.04 -0.01 0.00 0.02 0.05 0.00 0.00 0.13 0.15 0.16 0.16 0.16 0.16 0.00 0.00 0.00 0.00 0.00 0.00 0.00 0.00 0.00 0.00 0.00 0.00 0.00 0.00 0.00 0.00 0.00 0.00 0.00 0.00 0.00 0.00 0.00 0.00 0.00 0.00 0.00 0.00 0.00 0.00
5.14 5.14 5.14 5.13 5.12 5.11 5.10 5.09 5.08 5.06 5.02 4.98 4.95 4.90 4.87 4.84 4.80 4.72 4.66 4.58 4.50 4.41 4.31 4.20 4.06 3.59 3.36 3.01 2.60 2.15 1.70 1.16 0.87 0.63 0.43 0.26 0.10 -0.02 -0.09 -0.10 -0.07 -0.05 -0.03 -0.01 0.01 0.02 0.00 0.00 0.00 0.16 0.16 0.16 0.16 0.16 0.17 0.00 0.00 0.00 0.00 0.00 0.00 0.00 -0.00 -0.00 0.00 0.00 0.00 0.00 0.00 0.00 0.00 0.00 0.00 0.00 0.00 0.00 0.00 0.00 0.00 0.00 0.00 0.00 0.00 0.00
5.14 5.14 5.14 5.13 5.12 5.12 5.11 5.10 5.08 5.06 5.03 4.98 4.95 4.90 4.87 4.84 4.80 4.72 4.66 4.58 4.49 4.40 4.30 4.19 4.05 3.78 3.34 2.99 2.57 2.12 1.68 1.31 0.85 0.61 0.42 0.24 0.09 -0.04 -0.10 -0.09 -0.08 -0.05 -0.04 -0.03 0.00 0.00 0.00 0.00 0.00 0.12 0.16 0.16 0.17 0.17 0.16 0.00 0.00 0.00 0.00 0.00 0.00 0.00 0.00 0.00 0.00 0.00 0.00 0.00 0.00 0.00 0.00 0.00 0.00 0.00 0.00 0.00 0.00 0.00 0.00 0.00 0.00 0.00 0.00 0.00
5.15 5.14 5.14 5.14 5.13 5.12 5.11 5.11 5.09 5.06 5.03 4.98 4.93 4.90 4.87 4.84 4.80 4.72 4.65 4.57 4.48 4.39 4.29 4.18 4.04 3.55 3.32 2.96 2.55 2.08 1.64 1.28 0.82 0.59 0.40 0.22 0.06 -0.05 -0.11 -0.10 -0.08 -0.06 -0.05 0.04 0.00 0.00 0.00 0.00 0.00 0.00 0.00 0.17 0.17 0.17 0.00 0.00 0.00 0.00 0.00 0.00 0.00 0.00 -0.00 -0.00 0.00 0.00 0.00 0.00 0.00 0.00 0.00 0.00 0.00 0.00 0.00 0.00 0.00 0.00 0.00 0.00 0.00 0.00 0.00 0.00
5.15 5.15 5.15 5.14 5.13 5.13 5.12 5.11 5.09 5.06 5.03 4.98 4.95 4.90 4.87 4.84 4.80 4.75 4.65 4.57 4.48 4.39 4.29 4.17 4.03 3.53 3.29 2.94 2.51 2.05 1.61 1.25 0.80 0.57 0.38 0.20 0.04 -0.07 -0.12 -0.10 -0.10 0.00 0.16 0.13 0.00 0.00 0.00 0.00 0.00 0.00 0.00 0.16 0.17 0.17 0.00 0.00 0.00 0.00 0.00 0.00 0.00 0.00 0.00 0.00 0.00 0.00 0.00 0.00 0.00 0.00 0.00 0.00 0.00 0.00 0.00 0.00 0.00 0.00 0.00 0.00 0.00 0.00 0.00 0.00
5.15 5.15 5.15 5.14 5.14 5.13 5.12 5.11 5.09 5.06 5.03 4.98 4.93 4.90 4.87 4.84 4.80 4.75 4.65 4.56 4.47 4.38 4.28 4.16 4.01 3.51 3.26 2.90 2.48 2.01 1.58 1.22 0.78 0.55 0.37 0.17 0.01 -0.09 -0.14 -0.03 0.16 0.21 0.22 0.00 0.00 0.00 0.00 0.00 0.00 0.00 0.00 0.00 0.17 0.17 0.00 0.00 0.00 0.00 0.00 0.00 0.00 -0.00 0.00 0.00 0.00 0.00 0.00 0.00 0.00 0.00 0.00 0.00 0.00 0.00 0.00 0.00 0.00 0.00 0.00 0.00 0.00 0.00 0.00 0.00
5.16 5.15 5.15 5.15 5.14 5.13 5.13 5.11 5.09 5.06 5.03 4.99 4.93 4.90 4.87 4.84 4.80 4.75 4.65 4.56 4.47 4.38 4.27 4.14 3.98 3.78 3.18 2.87 2.44 1.96 1.54 1.17 0.75 0.53 0.34 0.14 -0.01 -0.12 -0.16 0.13 0.21 0.23 0.23 0.00 0.00 0.00 0.00 0.00 0.00 0.00 0.00 0.17 0.17 0.17 0.00 0.00 0.00 0.00 0.00 0.00 0.00 -0.00 0.00 0.00 0.00 0.00 0.00 0.00 0.00 0.00 0.00 0.00 0.00 0.00 0.00 0.00 0.00 0.00 0.00 0.00 0.00 0.00 0.00 0.00
5.16 5.16 5.16 5.16 5.15 5.14 5.13 5.12 5.09 5.06 5.04 5.01 4.94 4.90 4.87 4.84 4.80 4.75 4.65 4.56 4.47 4.38 4.27 4.13 3.76 3.41 3.14 2.80 2.30 1.83 1.48 1.14 0.86 0.52 0.33 0.12 -0.03 -0.13 -0.16 0.20 0.23 0.24 0.10 0.00 0.00 0.00 0.00 0.00 0.00 0.00 0.00 0.17 0.17 0.17 0.00 0.00 0.00 0.00 0.00 0.00 0.00 -0.00 0.00 0.00 0.00 0.00 0.00 0.00 0.00 0.00 0.00 0.00 0.00 0.00 0.00 0.00 0.00 0.00 0.00 0.00 0.00 0.00 0.00 0.00
5.17 5.16 5.16 5.16 5.15 5.14 5.14 5.12 5.09 5.07 5.04 5.01 4.94 4.90 4.87 4.84 4.80 4.75 4.65 4.56 4.47 4.38 4.27 4.12 3.95 3.39 3.10 2.70 2.24 1.78 1.39 1.08 0.85 0.52 0.30 0.09 -0.04 -0.13 -0.02 0.22 0.24 0.25 0.00 0.00 0.00 0.00 0.00 0.00 0.00 0.00 0.00 0.18 0.17 0.00 0.00 0.00 0.00 0.00 0.00 0.00 0.00 -0.00 0.00 0.00 0.00 0.00 0.00 0.00 0.00 0.00 0.00 0.00 0.00 0.00 0.00 0.00 0.00 0.00 0.00 0.00 0.00 0.00 0.00 0.00
5.17 5.17 5.17 5.17 5.16 5.15 5.14 5.12 5.09 5.07 5.05 4.98 4.94 4.91 4.87 4.84 4.80 4.76 4.69 4.56 4.47 4.37 4.26 4.12 3.72 3.37 3.06 2.64 2.18 1.72 1.34 1.04 0.82 0.51 0.27 0.08 -0.06 -0.14 0.10 0.22 0.24 0.26 0.00 0.00 0.00 0.00 0.00 0.00 0.00 0.00 0.16 0.16 0.00 0.00 0.00 0.00 0.00 0.00 0.00 0.00 0.00 0.00 0.00 0.00 0.00 0.00 0.00 0.00 0.00 0.00 0.00 0.00 0.00 0.00 0.00 0.00 0.00 0.00 0.00 0.00 0.00 0.00 0.00 0.00
5.18 5.18 5.18 5.17 5.16 5.16 5.14 5.12 5.10 5.07 5.05 4.98 4.94 4.91 4.87 4.84 4.80 4.76 4.69 4.56 4.47 4.37 4.26 4.11 3.93 3.47 3.02 2.59 2.12 1.66 1.29 1.01 0.79 0.48 0.24 0.05 -0.08 -0.15 0.19 0.23 0.25 0.00 0.00 0.00 0.00 0.00 0.00 0.00 0.00 0.00 0.18 0.15 0.00 0.00 0.00 0.00 0.00 0.00 0.00 0.00 0.00 0.00 0.00 0.00 0.00 0.00 0.00 0.00 0.00 0.00 0.00 0.00 0.00 0.00 0.00 0.00 0.00 0.00 0.00 0.00 0.00 0.00 0.00 0.00
5.19 5.19 5.18 5.18 5.17 5.16 5.15 5.13 5.10 5.08 5.05 4.98 4.95 4.91 4.88 4.84 4.81 4.76 4.69 4.56 4.47 4.37 4.25 4.10 3.92 3.46 2.98 2.54 2.02 1.58 1.22 0.94 0.70 0.50 0.19 0.03 -0.09 0.03 0.19 0.23 0.00 0.00 0.00 0.00 0.00 0.00 0.00 0.00 0.00 0.00 0.15 0.00 0.00 0.00 0.00 0.00 0.00 0.00 0.00 0.00 0.00 0.00 0.00 0.00 0.00 0.00 0.00 0.00 0.00 0.00 0.00 0.00 0.00 0.00 0.00 0.00 0.00 0.00 0.00 0.00 0.00 0.00 0.00 0.00
5.20 5.19 5.19 5.18 5.18 5.16 5.15 5.13 5.10 5.08 5.03 5.00 4.95 4.91 4.88 4.85 4.81 4.76 4.69 4.56 4.47 4.37 4.25 4.10 3.69 3.44 2.92 2.46 1.96 1.52 1.17 0.88 0.65 0.46 0.17 0.01 -0.10 0.08 0.19 0.21 0.00 0.00 0.00 0.00 0.00 0.00 0.00 0.00 0.00 0.14 0.14 0.00 0.00 0.00 0.00 0.00 0.00 0.00 0.00 0.00 0.00 0.00 0.00 0.00 0.00 0.00 0.00 0.00 0.00 0.00 0.00 0.00 0.00 0.00 0.00 0.00 0.00 0.00 0.00 0.00 0.00 0.00 0.00 0.00
5.21 5.20 5.20 5.19 5.18 5.17 5.15 5.13 5.11 5.09 5.03 5.00 4.95 4.92 4.88 4.85 4.81 4.76 4.69 4.56 4.47 4.36 4.24 4.09 3.68 3.43 2.88 2.40 1.89 1.46 1.11 0.82 0.60 0.43 0.14 -0.01 -0.11 0.11 0.19 0.20 0.00 0.00 0.00 0.00 0.00 0.00 0.00 0.00 0.00 0.13 0.00 0.00 0.00 0.00 0.00 0.00 0.00 0.00 0.00 0.00 0.00 0.00 0.00 0.00 0.00 0.00 0.00 0.00 0.00 0.00 0.00 0.00 0.00 0.00 0.00 0.00 0.00 0.00 0.00 0.00 0.00 0.00 0.00 0.00
5.22 5.21 5.21 5.20 5.19 5.17 5.16 5.14 5.12 5.09 5.03 5.01 4.96 4.93 4.89 4.86 4.82 4.76 4.69 4.61 4.46 4.36 4.23 3.90 3.67 3.42 2.84 2.35 1.82 1.40 1.05 0.78 0.56 0.39 0.12 -0.01 -0.12 0.12 0.19 0.17 0.00 0.00 0.00 0.00 0.00 0.00 0.00 0.00 0.00 0.11 0.00 0.00 0.00 0.00 0.00 0.00 0.00 0.00 0.00 0.00 0.00 0.00 0.00 0.00 0.00 0.00 0.00 0.00 0.00 0.00 0.00 0.00 0.00 0.00 0.00 0.00 0.00 0.00 0.00 0.00 0.00 0.00 0.00 0.00
5.23 5.22 5.21 5.21 5.19 5.18 5.16 5.15 5.13 5.10 5.07 5.01 4.96 4.93 4.90 4.86 4.82 4.76 4.69 4.61 4.46 4.35 4.23 3.89 3.66 3.40 3.03 2.29 1.76 1.34 1.00 0.75 0.52 0.37 0.11 -0.02 -0.12 0.14 0.17 0.00 0.00 0.00 0.00 0.00 0.00 0.00 0.00 0.00 0.00 0.11 0.00 0.00 0.00 0.00 0.00 0.00 0.00 0.00 0.00 0.00 0.00 0.00 0.00 0.00 0.00 0.00 0.00 0.00 0.00 0.00 0.00 0.00 0.00 0.00 0.00 0.00 0.00 0.00 0.00 0.00 0.00 0.00 0.00 0.00
5.25 5.24 5.23 5.21 5.20 5.18 5.17 5.15 5.13 5.11 5.08 5.01 4.97 4.94 4.91 4.87 4.82 4.76 4.69 4.61 4.46 4.35 4.22 3.88 3.65 3.38 2.99 2.23 1.71 1.29 0.96 0.72 0.50 0.33 0.18 -0.03 -0.12 0.12 0.00 0.00 0.00 0.00 0.00 0.00 0.00 0.00 0.00 0.00 0.00 0.10 0.00 0.00 0.00 0.00 0.00 0.00 0.00 0.00 0.00 0.00 0.00 0.00 0.00 0.00 0.00 0.00 0.00 0.00 0.00 0.00 0.00 0.00 0.00 0.00 0.00 0.00 0.00 0.00 0.00 0.00 0.00 0.00 0.00 0.00
5.26 5.25 5.24 5.22 5.20 5.19 5.17 5.16 5.14 5.11 5.05 5.01 4.99 4.95 4.91 4.87 4.82 4.76 4.69 4.60 4.46 4.35 4.22 4.06 3.64 3.36 2.94 2.14 1.63 1.23 0.91 0.66 0.46 0.31 0.17 -0.03 -0.14 0.17 0.03 0.00 0.00 0.00 0.00 0.00 0.00 0.00 0.00 0.00 0.00 0.10 0.00 0.00 0.00 0.00 0.00 0.00 0.00 0.00 0.00 0.00 0.00 0.00 0.00 0.00 0.00 0.00 0.00 0.00 0.00 0.00 0.00 0.00 0.00 0.00 0.00 0.00 0.00 0.00 0.00 0.00 0.00 0.00 0.00 0.00
5.27 5.26 5.25 5.23 5.21 5.19 5.18 5.17 5.15 5.12 5.05 5.02 4.99 4.95 4.92 4.87 4.82 4.76 4.68 4.60 4.46 4.35 4.21 4.06 3.63 3.33 2.90 2.08 1.58 1.19 0.87 0.63 0.43 0.29 0.16 -0.04 -0.15 0.20 0.24 0.04 0.00 0.00 0.00 0.00 0.00 0.00 0.00 0.00 0.00 0.10 0.00 0.00 0.00 0.00 0.00 0.00 0.00 0.00 0.00 0.00 0.00 0.00 0.00 0.00 0.00 0.00 0.00 0.00 0.00 0.00 0.00 0.00 0.00 0.00 0.00 0.00 0.00 0.00 0.00 0.00 0.00 0.00 0.00 0.00
