tsunami_inundation/2250.asc
ncols        89
nrows        96
xllcorner    425855.973699999973
yllcorner    5091051.504999999888
cellsize     55.000000000000
NODATA_value  -9999.00
[rows 0 to 36 of 96, columns 0 to 83 of 89]
-9999.00 5.15 5.16 5.18 5.19 5.20 5.21 5.22 5.23 5.24 5.25 5.24 5.24 5.23 5.23 5.24 5.24 5.21 5.20 5.18 5.17 5.15 5.13 5.10 5.05 5.01 4.96 4.91 4.83 4.79 4.64 4.46 4.16 3.79 3.46 2.63 1.72 1.11 0.75 0.45 0.16 0.00 0.00 0.00 0.00 0.00 0.00 0.00 0.00 0.00 0.00 0.17 0.17 0.17 0.17 0.17 0.17 0.17 0.17 0.00 0.00 0.00 0.00 0.00 0.00 0.00 0.00 0.00 0.00 0.00 0.00 0.00 0.00 0.00 0.00 0.00 0.00 0.00 0.00 0.00 0.00 0.00 0.00 0.00
-9999.00 5.15 5.16 5.18 5.19 5.19 5.20 5.21 5.22 5.23 5.24 5.24 5.23 5.23 5.23 5.23 5.23 5.21 5.19 5.18 5.16 5.15 5.13 5.09 5.05 5.01 4.96 4.91 4.80 4.75 4.64 4.44 4.12 3.75 3.42 2.57 1.67 1.07 0.73 0.43 0.17 0.00 0.00 0.00 0.00 0.00 0.00 0.00 0.00 0.00 0.17 0.17 0.17 0.17 0.17 0.17 0.17 0.17 0.17 0.00 0.00 0.00 0.00 0.00 0.00 0.00 0.00 0.00 0.00 0.00 0.00 0.00 0.00 0.00 0.00 0.00 0.00 0.00 0.00 0.00 0.00 0.00 0.00 0.00
-9999.00 5.15 5.17 5.18 5.19 5.19 5.19 5.20 5.22 5.23 5.24 5.24 5.23 5.23 5.23 5.23 5.22 5.21 5.19 5.17 5.16 5.14 5.13 5.09 5.05 5.00 4.96 4.91 4.86 4.76 4.64 4.42 4.06 3.70 3.38 2.89 1.59 1.02 0.68 0.42 0.16 0.00 0.00 0.00 0.00 0.00 0.00 0.00 0.00 0.17 0.17 0.17 0.17 0.17 0.17 0.17 0.17 0.17 0.00 0.00 0.00 0.00 0.00 0.00 0.00 0.00 0.00 0.00 0.00 0.00 0.00 0.00 0.00 0.00 0.00 0.00 0.00 0.00 0.00 0.00 0.00 0.00 0.00 0.00
-9999.00 5.15 5.17 5.18 5.18 5.19 5.19 5.20 5.22 5.23 5.24 5.24 5.23 5.23 5.23 5.23 5.22 5.21 5.19 5.17 5.15 5.14 5.13 5.09 5.04 5.00 4.95 4.90 4.82 4.76 4.62 4.38 4.03 3.68 3.37 2.86 1.53 0.98 0.66 0.40 0.15 0.00 0.00 0.00 0.00 0.00 0.00 0.00 0.08 0.17 0.17 0.17 0.17 0.17 0.17 0.17 0.17 0.17 0.05 0.00 0.00 0.00 0.00 0.00 0.00 0.00 0.00 0.00 0.00 0.00 0.00 0.00 0.00 0.00 0.00 0.00 0.00 0.00 0.00 0.00 0.00 0.00 0.00 0.00
-9999.00 5.15 5.17 5.18 5.18 5.18 5.19 5.20 5.21 5.23 5.23 5.23 5.23 5.22 5.22 5.22 5.21 5.20 5.19 5.17 5.15 5.13 5.12 5.09 5.04 4.99 4.94 4.90 4.86 4.76 4.61 4.35 4.00 3.67 3.36 2.82 1.48 0.95 0.63 0.38 0.05 0.00 0.00 0.00 0.00 0.00 0.00 0.00 0.17 0.17 0.17 0.17 0.17 0.17 0.17 0.17 0.17 0.17 0.17 0.00 0.00 0.00 0.00 0.00 0.00 0.00 0.00 0.00 0.00 0.00 0.00 0.00 0.00 0.00 0.00 0.00 0.00 0.00 0.00 0.00 0.00 0.00 0.00 0.00
-9999.00 5.15 5.17 5.18 5.18 5.18 5.18 5.20 5.21 5.22 5.23 5.23 5.22 5.22 5.22 5.22 5.21 5.20 5.19 5.17 5.15 5.14 5.12 5.09 5.04 4.99 4.93 4.89 4.81 4.75 4.59 4.33 3.98 3.66 3.35 2.79 1.44 0.92 0.60 0.36 0.06 0.00 0.00 0.00 0.00 0.00 0.00 0.00 0.16 0.16 0.16 0.16 0.16 0.17 0.17 0.17 0.17 0.17 0.16 0.16 0.16 0.04 0.00 0.00 0.00 0.00 0.00 0.00 0.00 0.00 0.00 0.00 0.00 0.00 0.00 0.00 0.00 0.00 0.00 0.00 0.00 0.00 0.00 0.00
-9999.00 5.15 5.16 5.17 5.18 5.18 5.18 5.19 5.21 5.22 5.22 5.22 5.22 5.22 5.22 5.22 5.21 5.20 5.19 5.17 5.15 5.14 5.11 5.08 5.04 4.99 4.93 4.89 4.83 4.74 4.58 4.32 3.98 3.66 3.34 2.76 1.40 0.89 0.57 0.34 0.06 0.00 0.00 0.00 0.00 0.00 0.00 0.00 0.16 0.16 0.16 0.16 0.16 0.16 0.16 0.17 0.17 0.17 0.16 0.16 0.16 0.15 0.00 0.00 0.00 0.00 0.00 0.00 0.00 0.00 0.00 0.00 0.00 0.00 0.00 0.00 0.00 0.00 0.00 0.00 0.00 0.00 0.00 0.00
-9999.00 5.15 5.16 5.17 5.18 5.18 5.18 5.19 5.21 5.22 5.22 5.22 5.22 5.22 5.22 5.22 5.21 5.20 5.19 5.17 5.15 5.14 5.11 5.08 5.04 4.99 4.93 4.87 4.80 4.72 4.58 4.35 4.01 3.65 3.32 2.72 1.76 0.85 0.54 0.30 0.06 0.03 0.00 0.00 0.00 0.00 0.00 0.00 0.15 0.15 0.15 0.16 0.16 0.16 0.17 0.17 0.17 0.17 0.00 0.00 0.16 0.15 0.14 0.14 0.14 0.00 0.00 0.00 0.00 0.00 0.00 0.00 0.00 0.00 0.00 0.00 0.00 0.00 0.00 0.00 0.00 0.00 0.00 0.00
-9999.00 5.15 5.16 5.17 5.18 5.18 5.18 5.19 5.21 5.21 5.22 5.21 5.21 5.21 5.21 5.22 5.22 5.21 5.19 5.17 5.15 5.13 5.10 5.07 5.03 4.99 4.92 4.82 4.78 4.70 4.58 4.36 4.02 3.64 3.24 2.66 1.67 0.80 0.49 0.25 0.03 0.00 0.00 0.00 0.00 0.00 0.00 0.00 0.14 0.15 0.15 0.15 0.16 0.16 0.16 0.16 0.16 0.17 0.00 0.00 0.00 0.15 0.14 0.14 0.14 0.14 0.00 0.00 0.00 0.00 0.00 0.00 0.00 0.00 0.00 0.00 0.00 0.00 0.00 0.00 0.00 0.00 0.00 0.00
-9999.00 5.14 5.15 5.17 5.18 5.18 5.19 5.19 5.21 5.21 5.21 5.21 5.21 5.21 5.21 5.22 5.22 5.21 5.19 5.17 5.15 5.13 5.11 5.07 5.03 4.99 4.93 4.87 4.77 4.70 4.58 4.37 4.02 3.63 3.22 2.58 1.63 0.77 0.45 0.22 -0.02 0.00 0.00 0.00 0.00 0.00 0.00 0.12 0.14 0.14 0.14 0.15 0.15 0.16 0.16 0.16 0.17 0.00 0.00 0.00 0.00 0.00 0.00 0.00 0.09 0.14 0.00 0.00 0.00 0.00 0.00 0.00 0.00 0.00 0.00 0.00 0.00 0.00 0.00 0.00 0.00 0.00 0.00 0.00
-9999.00 5.14 5.15 5.17 5.18 5.18 5.19 5.19 5.21 5.21 5.21 5.21 5.21 5.21 5.21 5.22 5.23 5.22 5.19 5.16 5.14 5.13 5.11 5.07 5.04 4.99 4.93 4.87 4.77 4.72 4.57 4.36 4.02 3.62 3.21 2.55 1.58 0.73 0.41 0.18 -0.04 0.19 0.15 0.00 0.00 0.00 0.12 0.13 0.13 0.13 0.14 0.14 0.15 0.15 0.16 0.16 0.00 0.00 0.00 0.00 0.00 0.00 0.00 0.00 0.00 0.13 0.00 0.00 0.00 0.00 0.00 0.00 0.00 0.00 0.00 0.00 0.00 0.00 0.00 0.00 0.00 0.00 0.00 0.00
-9999.00 5.14 5.15 5.16 5.18 5.18 5.19 5.19 5.20 5.21 5.21 5.20 5.20 5.20 5.21 5.22 5.23 5.22 5.19 5.16 5.14 5.13 5.11 5.07 5.04 5.00 4.94 4.82 4.77 4.71 4.55 4.33 3.99 3.61 3.19 2.51 1.53 0.89 0.37 0.13 -0.08 0.18 0.19 0.20 0.18 0.11 0.11 0.11 0.12 0.13 0.13 0.14 0.15 0.15 0.15 0.15 0.00 0.00 0.00 0.00 0.00 0.00 0.00 0.00 0.00 0.13 0.00 0.00 0.00 0.00 0.00 0.00 0.00 0.00 0.00 0.00 0.00 0.00 0.00 0.00 0.00 0.00 0.00 0.00
5.14 5.14 5.15 5.16 5.17 5.18 5.19 5.20 5.20 5.21 5.21 5.20 5.20 5.21 5.21 5.23 5.23 5.22 5.20 5.17 5.14 5.12 5.10 5.07 5.04 5.00 4.95 4.83 4.77 4.71 4.52 4.30 3.96 3.59 3.18 2.43 1.44 0.83 0.30 0.06 0.09 0.18 0.19 0.19 0.13 0.09 0.09 0.10 0.11 0.12 0.13 0.14 0.14 0.15 0.15 0.10 0.00 0.00 0.00 0.00 0.00 0.00 0.00 0.00 0.00 0.13 0.00 0.00 0.00 0.00 0.00 0.00 0.00 0.00 0.00 0.00 0.00 0.00 0.00 0.00 0.00 0.00 0.00 0.00
5.14 5.14 5.15 5.16 5.17 5.19 5.19 5.20 5.20 5.21 5.21 5.20 5.20 5.20 5.21 5.22 5.23 5.22 5.20 5.17 5.14 5.12 5.11 5.07 5.04 5.00 4.95 4.83 4.78 4.71 4.49 4.25 3.91 3.56 3.16 2.37 1.37 0.78 0.26 -0.15 0.01 0.15 0.17 0.17 0.11 0.08 0.08 0.09 0.10 0.13 0.13 0.14 0.14 0.15 0.15 0.00 0.00 0.00 0.00 0.00 0.00 0.00 0.00 0.00 0.00 0.12 0.00 0.00 0.00 0.00 0.00 0.00 0.00 0.00 0.00 0.00 0.00 0.00 0.00 0.00 0.00 0.00 0.00 0.00
5.14 5.14 5.15 5.16 5.18 5.19 5.19 5.20 5.20 5.21 5.21 5.20 5.20 5.21 5.21 5.22 5.23 5.22 5.20 5.17 5.15 5.13 5.11 5.08 5.04 5.01 4.96 4.84 4.79 4.72 4.48 4.22 3.88 3.54 3.13 2.30 1.30 0.73 0.22 -0.15 -0.12 0.10 0.13 0.10 0.05 0.07 0.08 0.08 0.11 0.13 0.13 0.14 0.15 0.15 0.15 0.00 0.00 0.00 0.00 0.00 0.00 0.00 0.00 0.00 0.00 0.03 0.00 0.00 0.00 0.00 0.00 0.00 0.00 0.00 0.00 0.00 0.00 0.00 0.00 0.00 0.00 0.00 0.00 0.00
5.13 5.14 5.15 5.16 5.18 5.19 5.19 5.20 5.20 5.21 5.21 5.21 5.20 5.21 5.21 5.22 5.23 5.22 5.20 5.18 5.15 5.13 5.11 5.09 5.04 5.01 4.96 4.84 4.79 4.72 4.59 4.21 3.86 3.52 3.10 2.22 1.24 0.69 0.19 -0.04 -0.15 -0.06 0.03 0.02 0.04 0.05 0.07 0.08 0.09 0.12 0.13 0.14 0.15 0.15 0.05 0.00 0.00 0.00 0.00 0.00 0.00 0.00 0.00 0.00 0.00 0.00 0.00 0.00 0.00 0.00 0.00 0.00 0.00 0.00 0.00 0.00 0.00 0.00 0.00 0.00 0.00 0.00 0.00 0.00
5.13 5.14 5.15 5.17 5.18 5.19 5.19 5.20 5.21 5.21 5.22 5.21 5.20 5.21 5.22 5.22 5.23 5.22 5.21 5.18 5.16 5.13 5.11 5.09 5.04 5.01 4.96 4.84 4.79 4.73 4.59 4.21 3.84 3.50 3.05 2.15 1.18 0.64 0.30 -0.06 -0.14 -0.08 -0.03 0.01 0.02 0.04 0.05 0.07 0.09 0.12 0.13 0.15 0.15 0.15 0.00 0.00 0.00 0.00 0.00 0.00 0.00 0.00 0.00 0.00 0.00 0.00 0.00 0.00 0.00 0.00 0.00 0.00 0.00 0.00 0.00 0.00 0.00 0.00 0.00 0.00 0.00 0.00 0.00 0.00
5.13 5.14 5.16 5.17 5.18 5.19 5.19 5.20 5.21 5.22 5.22 5.21 5.21 5.21 5.22 5.22 5.23 5.22 5.21 5.19 5.16 5.14 5.11 5.09 5.04 5.01 4.89 4.84 4.79 4.73 4.60 4.21 3.82 3.47 3.01 2.07 1.12 0.61 0.26 -0.07 -0.12 -0.09 -0.05 -0.02 -0.00 0.02 0.05 0.07 0.10 0.13 0.15 0.15 0.16 0.16 0.00 0.00 0.00 0.00 0.00 0.00 0.00 0.00 0.00 0.00 0.00 0.00 0.00 0.00 0.00 0.00 0.00 0.00 0.00 0.00 0.00 0.00 0.00 0.00 0.00 0.00 0.00 0.00 0.00 0.00
5.13 5.14 5.16 5.17 5.18 5.19 5.20 5.21 5.21 5.22 5.22 5.21 5.21 5.22 5.22 5.22 5.23 5.22 5.21 5.19 5.16 5.14 5.11 5.09 5.04 5.01 4.96 4.83 4.78 4.73 4.60 4.20 3.81 3.44 2.95 1.97 1.04 0.55 0.21 -0.12 -0.12 -0.09 -0.06 -0.04 -0.02 0.00 0.00 0.00 0.13 0.15 0.15 0.15 0.16 0.16 0.00 0.00 0.00 0.00 0.00 0.00 0.00 0.00 0.00 0.00 0.00 0.00 0.00 0.00 0.00 0.00 0.00 0.00 0.00 0.00 0.00 0.00 0.00 0.00 0.00 0.00 0.00 0.00 0.00 0.00
5.14 5.15 5.16 5.18 5.19 5.20 5.20 5.21 5.22 5.22 5.22 5.22 5.21 5.22 5.23 5.23 5.23 5.22 5.21 5.19 5.16 5.14 5.11 5.09 5.06 4.96 4.89 4.83 4.78 4.72 4.59 4.18 3.77 3.40 2.92 1.89 0.99 0.51 0.18 -0.10 -0.12 -0.10 -0.08 -0.06 -0.04 0.02 0.00 0.00 0.00 0.16 0.16 0.16 0.16 0.16 0.16 0.00 0.00 0.00 0.00 0.00 0.00 0.00 -0.00 0.00 0.00 0.00 0.00 0.00 0.00 0.00 0.00 0.00 0.00 0.00 0.00 0.00 0.00 0.00 0.00 0.00 0.00 0.00 0.00 0.00
5.14 5.15 5.16 5.18 5.19 5.20 5.21 5.22 5.22 5.23 5.23 5.22 5.22 5.23 5.23 5.23 5.23 5.23 5.22 5.19 5.17 5.14 5.11 5.08 5.05 5.00 4.89 4.83 4.77 4.71 4.58 4.34 3.74 3.36 2.89 1.81 0.93 0.46 0.14 -0.13 -0.12 -0.11 -0.09 -0.08 0.00 0.00 0.00 0.00 0.00 0.12 0.16 0.16 0.16 0.17 0.16 0.00 0.00 0.00 0.00 0.00 0.00 0.00 0.00 -0.00 0.00 0.00 0.00 0.00 0.00 0.00 0.00 0.00 0.00 0.00 0.00 0.00 0.00 0.00 0.00 0.00 0.00 0.00 0.00 0.00
5.14 5.15 5.17 5.18 5.19 5.20 5.22 5.23 5.24 5.24 5.23 5.22 5.24 5.24 5.24 5.24 5.24 5.24 5.22 5.20 5.17 5.13 5.11 5.08 5.05 4.95 4.89 4.83 4.77 4.70 4.56 4.32 3.71 3.33 2.85 1.70 0.86 0.42 -0.09 -0.13 -0.13 -0.12 -0.10 0.02 0.00 0.00 0.00 0.00 0.00 0.00 0.00 0.17 0.17 0.17 0.00 0.00 0.00 0.00 0.00 0.00 0.00 0.00 0.00 0.00 0.00 0.00 0.00 0.00 0.00 0.00 0.00 0.00 0.00 0.00 0.00 0.00 0.00 0.00 0.00 0.00 0.00 0.00 0.00 0.00
5.15 5.16 5.18 5.19 5.20 5.21 5.23 5.24 5.24 5.24 5.24 5.23 5.24 5.25 5.24 5.24 5.25 5.25 5.22 5.20 5.16 5.13 5.10 5.08 5.05 4.94 4.89 4.83 4.77 4.69 4.54 4.30 3.70 3.31 2.76 1.56 0.78 0.38 -0.11 -0.14 -0.15 0.00 0.15 0.11 0.00 0.00 0.00 0.00 0.00 0.00 0.00 0.17 0.17 0.17 0.00 0.00 0.00 0.00 0.00 0.00 0.00 0.00 0.00 0.00 0.00 0.00 0.00 0.00 0.00 0.00 0.00 0.00 0.00 0.00 0.00 0.00 0.00 0.00 0.00 0.00 0.00 0.00 0.00 0.00
5.16 5.17 5.18 5.20 5.21 5.22 5.23 5.24 5.24 5.24 5.24 5.24 5.25 5.25 5.25 5.25 5.26 5.25 5.23 5.20 5.17 5.13 5.10 5.07 5.04 4.93 4.89 4.83 4.76 4.68 4.52 4.27 3.68 3.31 2.67 1.45 0.71 0.31 0.00 -0.06 0.15 0.20 0.21 0.00 0.00 0.00 0.00 0.00 0.00 0.00 0.00 0.00 0.17 0.17 0.00 0.00 0.00 0.00 0.00 0.00 0.00 -0.00 -0.00 0.00 0.00 0.00 0.00 0.00 0.00 0.00 0.00 0.00 0.00 0.00 0.00 0.00 0.00 0.00 0.00 0.00 0.00 0.00 0.00 0.00
5.16 5.18 5.19 5.20 5.22 5.23 5.24 5.25 5.25 5.25 5.25 5.25 5.25 5.26 5.26 5.26 5.26 5.26 5.23 5.20 5.17 5.13 5.10 5.06 5.02 4.97 4.86 4.82 4.76 4.66 4.50 4.25 3.64 3.31 2.53 1.29 0.65 0.25 -0.16 0.13 0.20 0.22 0.22 0.00 0.00 0.00 0.00 0.00 0.00 0.00 0.00 0.17 0.18 0.17 0.00 0.00 0.00 0.00 0.00 0.00 0.00 -0.00 0.00 0.00 0.00 0.00 0.00 0.00 0.00 0.00 0.00 0.00 0.00 0.00 0.00 0.00 0.00 0.00 0.00 0.00 0.00 0.00 0.00 0.00
5.17 5.18 5.20 5.21 5.22 5.24 5.25 5.25 5.25 5.25 5.25 5.25 5.26 5.26 5.26 5.26 5.27 5.27 5.24 5.20 5.17 5.14 5.10 5.05 4.95 4.88 4.84 4.81 4.71 4.60 4.47 4.24 3.85 3.34 2.43 1.22 0.60 0.22 -0.06 0.19 0.22 0.23 0.09 0.00 0.00 0.00 0.00 0.00 0.00 0.00 0.00 0.18 0.18 0.19 0.00 0.00 0.00 0.00 0.00 0.00 0.00 0.00 0.00 0.00 0.00 0.00 0.00 0.00 0.00 0.00 0.00 0.00 0.00 0.00 0.00 0.00 0.00 0.00 0.00 0.00 0.00 0.00 0.00 0.00
5.18 5.19 5.21 5.22 5.23 5.24 5.25 5.26 5.26 5.26 5.26 5.26 5.27 5.26 5.26 5.27 5.27 5.27 5.24 5.21 5.17 5.14 5.10 5.05 4.99 4.87 4.82 4.77 4.69 4.56 4.41 4.24 3.86 3.31 2.21 1.09 0.55 0.20 0.00 0.21 0.23 0.24 0.00 0.00 0.00 0.00 0.00 0.00 0.00 0.00 0.00 0.18 0.17 0.00 0.00 0.00 0.00 0.00 0.00 0.00 0.00 -0.00 0.00 0.00 0.00 0.00 0.00 0.00 0.00 0.00 0.00 0.00 0.00 0.00 0.00 0.00 0.00 0.00 0.00 0.00 0.00 0.00 0.00 0.00
5.19 5.20 5.22 5.23 5.24 5.26 5.27 5.27 5.26 5.27 5.27 5.28 5.27 5.27 5.27 5.27 5.28 5.28 5.26 5.21 5.17 5.14 5.10 5.05 4.93 4.85 4.81 4.76 4.67 4.55 4.39 4.24 4.00 3.22 2.02 1.02 0.49 0.18 0.10 0.21 0.23 0.24 0.00 0.00 0.00 0.00 0.00 0.00 0.00 0.00 0.16 0.16 0.00 0.00 0.00 0.00 0.00 0.00 0.00 0.00 -0.00 -0.00 0.00 0.00 0.00 0.00 0.00 0.00 0.00 0.00 0.00 0.00 0.00 0.00 0.00 0.00 0.00 0.00 0.00 0.00 0.00 0.00 0.00 0.00
5.21 5.22 5.23 5.24 5.26 5.27 5.27 5.27 5.27 5.27 5.28 5.28 5.28 5.27 5.27 5.27 5.28 5.28 5.26 5.21 5.18 5.14 5.10 5.05 4.99 4.87 4.80 4.75 4.67 4.55 4.39 4.25 3.98 3.13 1.87 0.88 0.44 0.12 0.18 0.22 0.24 0.00 0.00 0.00 0.00 0.00 0.00 0.00 0.00 0.00 0.16 0.16 0.00 0.00 0.00 0.00 0.00 0.00 0.00 0.00 -0.00 0.00 0.00 0.00 0.00 0.00 0.00 0.00 0.00 0.00 0.00 0.00 0.00 0.00 0.00 0.00 0.00 0.00 0.00 0.00 0.00 0.00 0.00 0.00
5.22 5.23 5.24 5.25 5.26 5.28 5.28 5.28 5.28 5.28 5.29 5.29 5.28 5.28 5.28 5.28 5.29 5.28 5.27 5.22 5.18 5.14 5.10 5.05 4.99 4.87 4.80 4.75 4.68 4.57 4.40 4.15 3.73 3.37 1.63 0.80 0.39 0.02 0.19 0.22 0.00 0.00 0.00 0.00 0.00 0.00 0.00 0.00 0.00 0.00 0.15 0.00 0.00 0.00 0.00 0.00 0.00 0.00 0.00 0.00 0.00 0.00 0.00 0.00 0.00 0.00 0.00 0.00 0.00 0.00 0.00 0.00 0.00 0.00 0.00 0.00 0.00 0.00 0.00 0.00 0.00 0.00 0.00 0.00
5.24 5.25 5.26 5.26 5.27 5.28 5.29 5.29 5.29 5.29 5.30 5.30 5.29 5.29 5.28 5.29 5.29 5.29 5.27 5.22 5.18 5.14 5.10 5.05 4.94 4.87 4.80 4.75 4.69 4.57 4.37 4.02 3.65 3.33 1.48 0.72 0.35 0.07 0.19 0.20 0.00 0.00 0.00 0.00 0.00 0.00 0.00 0.00 0.00 0.15 0.16 0.00 0.00 0.00 0.00 0.00 0.00 0.00 0.00 0.00 0.00 0.00 0.00 0.00 0.00 0.00 0.00 0.00 0.00 0.00 0.00 0.00 0.00 0.00 0.00 0.00 0.00 0.00 0.00 0.00 0.00 0.00 0.00 0.00
5.25 5.26 5.27 5.28 5.28 5.29 5.30 5.30 5.30 5.30 5.30 5.30 5.30 5.29 5.29 5.30 5.30 5.30 5.28 5.23 5.19 5.15 5.11 5.06 4.95 4.88 4.80 4.76 4.69 4.56 4.32 3.92 3.62 3.26 1.34 0.66 0.31 0.09 0.18 0.19 0.00 0.00 0.00 0.00 0.00 0.00 0.00 0.00 0.00 0.14 0.00 0.00 0.00 0.00 0.00 0.00 0.00 0.00 0.00 0.00 0.00 0.00 0.00 0.00 0.00 0.00 0.00 0.00 0.00 0.00 0.00 0.00 0.00 0.00 0.00 0.00 0.00 0.00 0.00 0.00 0.00 0.00 0.00 0.00
5.27 5.28 5.28 5.29 5.29 5.30 5.31 5.31 5.31 5.31 5.31 5.31 5.31 5.31 5.31 5.31 5.31 5.30 5.28 5.25 5.20 5.16 5.12 5.02 4.96 4.89 4.80 4.76 4.68 4.52 4.26 3.89 3.54 3.21 1.21 0.62 0.29 0.11 0.18 0.16 0.00 0.00 0.00 0.00 0.00 0.00 0.00 0.00 0.00 0.12 0.00 0.00 0.00 0.00 0.00 0.00 0.00 0.00 0.00 0.00 0.00 0.00 0.00 0.00 0.00 0.00 0.00 0.00 0.00 0.00 0.00 0.00 0.00 0.00 0.00 0.00 0.00 0.00 0.00 0.00 0.00 0.00 0.00 0.00
5.29 5.29 5.30 5.31 5.31 5.31 5.32 5.32 5.33 5.33 5.32 5.32 5.32 5.32 5.32 5.32 5.32 5.31 5.29 5.26 5.20 5.17 5.13 5.04 4.98 4.90 4.84 4.75 4.66 4.48 4.21 3.89 3.47 3.12 1.11 0.59 -0.02 0.13 0.16 0.00 0.00 0.00 0.00 0.00 0.00 0.00 0.00 0.00 0.00 0.12 0.00 0.00 0.00 0.00 0.00 0.00 0.00 0.00 0.00 0.00 0.00 0.00 0.00 0.00 0.00 0.00 0.00 0.00 0.00 0.00 0.00 0.00 0.00 0.00 0.00 0.00 0.00 0.00 0.00 0.00 0.00 0.00 0.00 0.00
5.32 5.32 5.32 5.32 5.32 5.32 5.33 5.34 5.34 5.34 5.33 5.33 5.33 5.33 5.33 5.33 5.33 5.31 5.30 5.27 5.21 5.18 5.14 5.06 4.99 4.92 4.84 4.74 4.65 4.45 4.19 3.86 3.42 2.91 1.59 0.55 0.28 0.11 0.00 0.00 0.00 0.00 0.00 0.00 0.00 0.00 0.00 0.00 0.00 0.11 0.00 0.00 0.00 0.00 0.00 0.00 0.00 0.00 0.00 0.00 0.00 0.00 0.00 0.00 0.00 0.00 0.00 0.00 0.00 0.00 0.00 0.00 0.00 0.00 0.00 0.00 0.00 0.00 0.00 0.00 0.00 0.00 0.00 0.00
5.34 5.34 5.34 5.34 5.34 5.34 5.35 5.35 5.35 5.35 5.34 5.34 5.34 5.35 5.35 5.34 5.33 5.32 5.30 5.27 5.22 5.19 5.16 5.12 5.01 4.93 4.85 4.72 4.64 4.44 4.10 3.75 3.39 2.78 1.52 0.54 0.26 0.16 0.02 0.00 0.00 0.00 0.00 0.00 0.00 0.00 0.00 0.00 0.00 0.11 0.00 0.00 0.00 0.00 0.00 0.00 0.00 0.00 0.00 0.00 0.00 0.00 0.00 0.00 0.00 0.00 0.00 0.00 0.00 0.00 0.00 0.00 0.00 0.00 0.00 0.00 0.00 0.00 0.00 0.00 0.00 0.00 0.00 0.00
5.36 5.36 5.36 5.35 5.35 5.35 5.36 5.37 5.37 5.37 5.36 5.35 5.35 5.36 5.36 5.35 5.34 5.33 5.31 5.28 5.24 5.21 5.18 5.15 5.05 4.96 4.86 4.69 4.61 4.40 4.02 3.72 3.33 2.69 1.43 0.51 0.25 0.19 0.23 0.04 0.00 0.00 0.00 0.00 0.00 0.00 0.00 0.00 0.00 0.10 0.00 0.00 0.00 0.00 0.00 0.00 0.00 0.00 0.00 0.00 0.00 0.00 0.00 0.00 0.00 0.00 0.00 0.00 0.00 0.00 0.00 0.00 0.00 0.00 0.00 0.00 0.00 0.00 0.00 0.00 0.00 0.00 0.00 0.00
