tsunami_inundation/2280.asc
ncols        89
nrows        96
xllcorner    425855.973699999973
yllcorner    5091051.504999999888
cellsize     55.000000000000
NODATA_value  -9999.00
[rows 0 to 36 of 96, columns 0 to 83 of 89]
-9999.00 5.07 5.09 5.13 5.15 5.17 5.20 5.22 5.24 5.27 5.29 5.31 5.32 5.34 5.37 5.40 5.42 5.44 5.45 5.46 5.47 5.51 5.53 5.55 5.57 5.60 5.63 5.65 5.68 5.69 5.62 5.49 5.28 5.09 4.98 4.88 4.81 4.76 4.62 4.30 4.51 0.00 0.00 0.00 0.00 0.00 0.00 0.00 0.00 0.00 0.00 0.18 0.18 0.18 0.18 0.18 0.18 0.18 0.18 0.00 0.00 0.00 0.00 0.00 0.00 0.00 0.00 0.00 0.00 0.00 0.00 0.00 0.00 0.00 0.00 0.00 0.00 0.00 0.00 0.00 0.00 0.00 0.00 0.00
-9999.00 5.07 5.10 5.13 5.15 5.16 5.19 5.21 5.24 5.27 5.29 5.31 5.32 5.34 5.37 5.40 5.43 5.44 5.45 5.46 5.47 5.51 5.54 5.56 5.57 5.60 5.63 5.65 5.69 5.68 5.61 5.46 5.23 5.04 4.95 4.84 4.77 4.73 4.61 4.30 4.48 0.06 0.00 0.00 0.00 0.00 0.00 0.00 0.00 0.00 0.17 0.18 0.18 0.18 0.18 0.18 0.18 0.18 0.18 0.00 0.00 0.00 0.00 0.00 0.00 0.00 0.00 0.00 0.00 0.00 0.00 0.00 0.00 0.00 0.00 0.00 0.00 0.00 0.00 0.00 0.00 0.00 0.00 0.00
-9999.00 5.07 5.12 5.13 5.15 5.16 5.18 5.21 5.24 5.27 5.29 5.31 5.32 5.34 5.37 5.42 5.43 5.44 5.45 5.46 5.47 5.51 5.54 5.56 5.58 5.60 5.63 5.66 5.67 5.67 5.59 5.43 5.17 5.00 4.92 4.83 4.71 4.68 4.57 4.30 4.33 0.00 0.00 0.00 0.00 0.00 0.00 0.00 0.00 0.17 0.18 0.18 0.18 0.18 0.18 0.18 0.18 0.18 0.00 0.00 0.00 0.00 0.00 0.00 0.00 0.00 0.00 0.00 0.00 0.00 0.00 0.00 0.00 0.00 0.00 0.00 0.00 0.00 0.00 0.00 0.00 0.00 0.00 0.00
-9999.00 5.08 5.12 5.14 5.15 5.16 5.18 5.21 5.24 5.26 5.29 5.31 5.32 5.34 5.37 5.40 5.43 5.44 5.45 5.46 5.47 5.52 5.55 5.56 5.58 5.61 5.63 5.66 5.69 5.66 5.57 5.38 5.14 4.98 4.91 4.80 4.66 4.65 4.55 4.28 3.93 1.36 0.00 0.00 0.00 0.00 0.00 0.00 0.08 0.17 0.17 0.17 0.17 0.17 0.17 0.17 0.18 0.17 0.06 0.00 0.00 0.00 0.00 0.00 0.00 0.00 0.00 0.00 0.00 0.00 0.00 0.00 0.00 0.00 0.00 0.00 0.00 0.00 0.00 0.00 0.00 0.00 0.00 0.00
-9999.00 5.08 5.12 5.14 5.15 5.16 5.18 5.21 5.24 5.26 5.29 5.31 5.32 5.34 5.36 5.41 5.43 5.44 5.45 5.46 5.48 5.52 5.55 5.57 5.59 5.61 5.63 5.66 5.68 5.66 5.55 5.36 5.12 4.98 4.89 4.77 4.62 4.61 4.52 4.27 3.54 2.03 0.00 0.00 0.00 0.00 0.00 0.00 0.17 0.17 0.17 0.17 0.17 0.17 0.17 0.17 0.17 0.17 0.18 0.00 0.00 0.00 0.00 0.00 0.00 0.00 0.00 0.00 0.00 0.00 0.00 0.00 0.00 0.00 0.00 0.00 0.00 0.00 0.00 0.00 0.00 0.00 0.00 0.00
-9999.00 5.08 5.12 5.14 5.15 5.17 5.18 5.21 5.24 5.26 5.29 5.31 5.32 5.34 5.36 5.41 5.43 5.44 5.45 5.47 5.48 5.51 5.55 5.57 5.60 5.62 5.64 5.66 5.70 5.66 5.54 5.34 5.11 4.97 4.88 4.74 4.57 4.57 4.48 4.24 3.53 1.91 0.00 0.00 0.00 0.00 0.00 0.00 0.16 0.16 0.16 0.16 0.16 0.17 0.17 0.17 0.17 0.17 0.17 0.16 0.16 0.05 0.00 0.00 0.00 0.00 0.00 0.00 0.00 0.00 0.00 0.00 0.00 0.00 0.00 0.00 0.00 0.00 0.00 0.00 0.00 0.00 0.00 0.00
-9999.00 5.10 5.12 5.14 5.15 5.17 5.18 5.20 5.24 5.26 5.28 5.30 5.32 5.34 5.36 5.42 5.43 5.45 5.46 5.47 5.49 5.51 5.55 5.58 5.60 5.62 5.64 5.66 5.70 5.66 5.54 5.34 5.11 4.97 4.86 4.70 4.54 4.53 4.44 4.20 3.49 0.00 0.00 0.00 0.00 0.00 0.00 0.00 0.16 0.15 0.15 0.16 0.16 0.16 0.16 0.17 0.17 0.17 0.16 0.16 0.16 0.16 0.00 0.00 0.00 0.00 0.00 0.00 0.00 0.00 0.00 0.00 0.00 0.00 0.00 0.00 0.00 0.00 0.00 0.00 0.00 0.00 0.00 0.00
-9999.00 5.10 5.12 5.14 5.16 5.17 5.18 5.20 5.24 5.26 5.28 5.30 5.32 5.34 5.37 5.42 5.44 5.45 5.46 5.47 5.49 5.51 5.55 5.58 5.60 5.62 5.64 5.67 5.70 5.66 5.57 5.39 5.15 4.95 4.83 4.67 4.55 4.49 4.37 4.12 3.33 2.05 0.00 0.00 0.00 0.00 0.00 0.00 0.15 0.15 0.15 0.15 0.16 0.16 0.16 0.16 0.17 0.17 0.00 0.00 0.16 0.16 0.15 0.15 0.15 0.00 0.00 0.00 0.00 0.00 0.00 0.00 0.00 0.00 0.00 0.00 0.00 0.00 0.00 0.00 0.00 0.00 0.00 0.00
-9999.00 5.10 5.12 5.14 5.16 5.17 5.19 5.20 5.24 5.26 5.28 5.30 5.32 5.34 5.37 5.42 5.44 5.46 5.47 5.48 5.49 5.52 5.55 5.58 5.61 5.63 5.65 5.69 5.70 5.66 5.58 5.41 5.17 4.94 4.76 4.64 4.54 4.42 4.24 3.95 3.28 0.00 0.00 0.00 0.00 0.00 0.00 0.00 0.14 0.14 0.14 0.15 0.15 0.15 0.16 0.16 0.16 0.17 0.00 0.00 0.00 0.16 0.15 0.15 0.15 0.15 0.00 0.00 0.00 0.00 0.00 0.00 0.00 0.00 0.00 0.00 0.00 0.00 0.00 0.00 0.00 0.00 0.00 0.00
-9999.00 5.08 5.12 5.14 5.16 5.18 5.19 5.21 5.24 5.26 5.28 5.30 5.32 5.34 5.37 5.43 5.45 5.47 5.47 5.48 5.50 5.52 5.54 5.58 5.61 5.64 5.66 5.67 5.69 5.66 5.59 5.43 5.18 4.94 4.75 4.62 4.54 4.37 4.17 3.85 3.16 0.00 0.00 0.00 0.00 0.00 0.00 0.12 0.13 0.13 0.14 0.15 0.15 0.15 0.16 0.16 0.16 0.00 0.00 0.00 0.00 0.00 0.00 0.00 0.11 0.15 0.00 0.00 0.00 0.00 0.00 0.00 0.00 0.00 0.00 0.00 0.00 0.00 0.00 0.00 0.00 0.00 0.00 0.00
-9999.00 5.08 5.12 5.14 5.16 5.18 5.19 5.21 5.24 5.27 5.28 5.30 5.32 5.35 5.37 5.44 5.46 5.48 5.48 5.48 5.50 5.52 5.54 5.58 5.61 5.64 5.66 5.68 5.70 5.68 5.58 5.43 5.19 4.94 4.75 4.64 4.54 4.32 4.08 3.75 3.06 0.19 0.14 0.00 0.00 0.00 0.11 0.12 0.12 0.13 0.14 0.14 0.14 0.15 0.15 0.15 0.00 0.00 0.00 0.00 0.00 0.00 0.00 0.00 0.00 0.14 0.00 0.00 0.00 0.00 0.00 0.00 0.00 0.00 0.00 0.00 0.00 0.00 0.00 0.00 0.00 0.00 0.00 0.00
-9999.00 5.08 5.12 5.14 5.16 5.18 5.20 5.22 5.24 5.27 5.29 5.30 5.32 5.35 5.40 5.44 5.47 5.49 5.49 5.49 5.50 5.52 5.55 5.59 5.62 5.65 5.67 5.70 5.70 5.68 5.57 5.42 5.18 4.95 4.78 4.67 4.54 4.37 3.99 3.64 2.97 0.18 0.18 0.19 0.17 0.10 0.09 0.10 0.11 0.12 0.13 0.13 0.14 0.15 0.15 0.15 0.00 0.00 0.00 0.00 0.00 0.00 0.00 0.00 0.00 0.14 0.00 0.00 0.00 0.00 0.00 0.00 0.00 0.00 0.00 0.00 0.00 0.00 0.00 0.00 0.00 0.00 0.00 0.00
5.08 5.10 5.12 5.14 5.17 5.19 5.20 5.22 5.24 5.27 5.29 5.31 5.33 5.38 5.40 5.45 5.48 5.49 5.49 5.49 5.51 5.53 5.55 5.59 5.62 5.65 5.68 5.71 5.71 5.68 5.56 5.39 5.17 4.96 4.81 4.71 4.54 4.29 3.84 3.47 0.46 0.17 0.18 0.18 0.12 0.07 0.08 0.09 0.10 0.11 0.13 0.14 0.14 0.14 0.14 0.09 0.00 0.00 0.00 0.00 0.00 0.00 0.00 0.00 0.00 0.13 0.00 0.00 0.00 0.00 0.00 0.00 0.00 0.00 0.00 0.00 0.00 0.00 0.00 0.00 0.00 0.00 0.00 0.00
5.08 5.10 5.12 5.15 5.17 5.19 5.21 5.23 5.25 5.28 5.29 5.31 5.33 5.35 5.41 5.44 5.48 5.50 5.50 5.50 5.51 5.53 5.55 5.59 5.62 5.66 5.69 5.72 5.72 5.69 5.54 5.36 5.15 4.97 4.85 4.72 4.53 4.24 3.76 2.74 0.29 0.15 0.16 0.16 0.10 0.06 0.06 0.07 0.09 0.12 0.13 0.14 0.14 0.14 0.14 0.00 0.00 0.00 0.00 0.00 0.00 0.00 0.00 0.00 0.00 0.12 0.00 0.00 0.00 0.00 0.00 0.00 0.00 0.00 0.00 0.00 0.00 0.00 0.00 0.00 0.00 0.00 0.00 0.00
5.08 5.11 5.13 5.15 5.17 5.19 5.21 5.23 5.25 5.28 5.30 5.31 5.33 5.38 5.41 5.44 5.49 5.50 5.51 5.51 5.52 5.54 5.56 5.59 5.63 5.67 5.70 5.72 5.73 5.69 5.53 5.34 5.13 4.97 4.86 4.72 4.50 4.18 3.68 2.65 0.09 0.09 0.12 0.09 0.02 0.04 0.05 0.06 0.08 0.12 0.13 0.13 0.14 0.14 0.14 0.00 0.00 0.00 0.00 0.00 0.00 0.00 0.00 0.00 0.00 0.03 0.00 0.00 0.00 0.00 0.00 0.00 0.00 0.00 0.00 0.00 0.00 0.00 0.00 0.00 0.00 0.00 0.00 0.00
5.09 5.10 5.13 5.15 5.18 5.20 5.22 5.24 5.26 5.29 5.30 5.32 5.34 5.39 5.41 5.44 5.49 5.51 5.52 5.52 5.53 5.55 5.57 5.59 5.64 5.68 5.70 5.73 5.73 5.70 5.61 5.33 5.12 4.97 4.86 4.71 4.46 4.11 3.62 3.22 -0.01 -0.09 0.01 -0.01 0.00 0.02 0.04 0.05 0.07 0.10 0.12 0.13 0.14 0.15 0.05 0.00 0.00 0.00 0.00 0.00 0.00 0.00 0.00 0.00 0.00 0.00 0.00 0.00 0.00 0.00 0.00 0.00 0.00 0.00 0.00 0.00 0.00 0.00 0.00 0.00 0.00 0.00 0.00 0.00
5.09 5.11 5.14 5.16 5.18 5.20 5.22 5.24 5.26 5.29 5.31 5.33 5.34 5.39 5.42 5.45 5.49 5.51 5.52 5.53 5.54 5.55 5.58 5.60 5.64 5.68 5.71 5.73 5.73 5.70 5.61 5.33 5.11 4.96 4.85 4.68 4.42 4.05 3.71 3.16 -0.07 -0.14 -0.07 -0.03 -0.01 0.01 0.02 0.04 0.07 0.10 0.12 0.14 0.14 0.15 0.00 0.00 0.00 0.00 0.00 0.00 0.00 0.00 0.00 0.00 0.00 0.00 0.00 0.00 0.00 0.00 0.00 0.00 0.00 0.00 0.00 0.00 0.00 0.00 0.00 0.00 0.00 0.00 0.00 0.00
5.09 5.11 5.15 5.17 5.19 5.21 5.23 5.25 5.27 5.29 5.32 5.33 5.35 5.37 5.43 5.45 5.49 5.51 5.53 5.54 5.55 5.56 5.58 5.60 5.65 5.69 5.73 5.73 5.73 5.70 5.62 5.33 5.10 4.95 4.84 4.66 4.37 4.00 3.66 3.10 -0.09 -0.13 -0.09 -0.06 -0.04 -0.01 0.02 0.03 0.09 0.13 0.14 0.15 0.15 0.15 0.00 0.00 0.00 0.00 0.00 0.00 0.00 0.00 0.00 0.00 0.00 0.00 0.00 0.00 0.00 0.00 0.00 0.00 0.00 0.00 0.00 0.00 0.00 0.00 0.00 0.00 0.00 0.00 0.00 0.00
5.10 5.12 5.15 5.18 5.20 5.22 5.24 5.26 5.28 5.30 5.33 5.34 5.35 5.41 5.43 5.46 5.48 5.51 5.53 5.54 5.55 5.57 5.59 5.61 5.66 5.69 5.72 5.74 5.74 5.71 5.62 5.33 5.09 4.94 4.85 4.63 4.29 3.90 3.59 1.96 -0.11 -0.13 -0.11 -0.08 -0.06 -0.03 0.00 0.00 0.13 0.14 0.15 0.15 0.15 0.16 0.00 0.00 0.00 0.00 0.00 0.00 0.00 0.00 0.00 0.00 0.00 0.00 0.00 0.00 0.00 0.00 0.00 0.00 0.00 0.00 0.00 0.00 0.00 0.00 0.00 0.00 0.00 0.00 0.00 0.00
5.11 5.13 5.16 5.19 5.21 5.23 5.25 5.27 5.29 5.31 5.33 5.34 5.36 5.41 5.44 5.46 5.48 5.52 5.54 5.55 5.56 5.57 5.59 5.61 5.64 5.73 5.74 5.75 5.74 5.71 5.62 5.32 5.07 4.95 4.88 4.60 4.20 3.84 3.54 2.90 -0.12 -0.13 -0.12 -0.10 -0.09 0.01 0.00 0.00 0.00 0.15 0.15 0.16 0.16 0.16 0.16 0.00 0.00 0.00 0.00 0.00 0.00 0.00 0.00 0.00 0.00 0.00 0.00 0.00 0.00 0.00 0.00 0.00 0.00 0.00 0.00 0.00 0.00 0.00 0.00 0.00 0.00 0.00 0.00 0.00
5.12 5.14 5.16 5.20 5.22 5.24 5.26 5.28 5.30 5.32 5.34 5.35 5.37 5.42 5.44 5.46 5.49 5.52 5.54 5.55 5.56 5.57 5.59 5.62 5.65 5.70 5.75 5.75 5.75 5.71 5.62 5.44 5.06 4.97 4.94 4.54 4.11 3.76 3.53 1.42 -0.13 -0.14 -0.13 -0.13 0.00 0.00 0.00 0.00 0.00 0.11 0.16 0.16 0.16 0.16 0.15 0.00 0.00 0.00 0.00 0.00 0.00 0.00 0.00 0.00 0.00 0.00 0.00 0.00 0.00 0.00 0.00 0.00 0.00 0.00 0.00 0.00 0.00 0.00 0.00 0.00 0.00 0.00 0.00 0.00
5.12 5.15 5.17 5.21 5.23 5.25 5.28 5.30 5.32 5.34 5.35 5.36 5.41 5.43 5.45 5.47 5.50 5.53 5.55 5.56 5.56 5.57 5.59 5.62 5.65 5.74 5.76 5.76 5.76 5.72 5.62 5.44 5.05 4.99 4.99 4.44 4.06 3.76 3.00 1.15 -0.13 -0.14 -0.14 0.00 0.00 0.00 0.00 0.00 0.00 0.00 0.00 0.17 0.17 0.17 0.00 0.00 0.00 0.00 0.00 0.00 0.00 0.00 0.00 -0.00 0.00 0.00 0.00 0.00 0.00 0.00 0.00 0.00 0.00 0.00 0.00 0.00 0.00 0.00 0.00 0.00 0.00 0.00 0.00 0.00
5.14 5.16 5.19 5.22 5.25 5.27 5.29 5.31 5.33 5.34 5.36 5.38 5.40 5.45 5.46 5.48 5.51 5.53 5.55 5.56 5.56 5.57 5.59 5.62 5.65 5.74 5.76 5.77 5.76 5.72 5.62 5.44 5.09 5.04 4.98 4.32 4.03 3.80 3.01 0.81 -0.16 0.00 0.15 0.10 0.00 0.00 0.00 0.00 0.00 0.00 0.00 0.17 0.17 0.17 0.00 0.00 0.00 0.00 0.00 0.00 0.00 0.00 0.00 0.00 0.00 0.00 0.00 0.00 0.00 0.00 0.00 0.00 0.00 0.00 0.00 0.00 0.00 0.00 0.00 0.00 0.00 0.00 0.00 0.00
5.15 5.17 5.20 5.23 5.26 5.28 5.30 5.32 5.34 5.35 5.37 5.39 5.43 5.45 5.47 5.49 5.52 5.54 5.56 5.56 5.57 5.58 5.59 5.62 5.65 5.73 5.76 5.78 5.77 5.73 5.63 5.45 5.15 5.13 4.96 4.30 3.96 3.77 3.59 0.29 0.14 0.19 0.20 0.00 0.00 0.00 0.00 0.00 0.00 0.00 0.00 0.00 0.17 0.17 0.00 0.00 0.00 0.00 0.00 0.00 0.00 -0.00 0.00 0.00 0.00 0.00 0.00 0.00 0.00 0.00 0.00 0.00 0.00 0.00 0.00 0.00 0.00 0.00 0.00 0.00 0.00 0.00 0.00 0.00
5.16 5.19 5.21 5.24 5.27 5.29 5.32 5.33 5.35 5.36 5.38 5.40 5.44 5.46 5.48 5.50 5.52 5.55 5.56 5.57 5.57 5.58 5.60 5.62 5.64 5.67 5.76 5.78 5.78 5.74 5.64 5.51 5.29 5.25 4.85 4.19 4.03 3.67 3.04 0.32 0.19 0.21 0.21 0.00 0.00 0.00 0.00 0.00 0.00 0.00 0.00 0.17 0.17 0.17 0.00 0.00 0.00 0.00 0.00 0.00 0.00 0.00 0.00 0.00 0.00 0.00 0.00 0.00 0.00 0.00 0.00 0.00 0.00 0.00 0.00 0.00 0.00 0.00 0.00 0.00 0.00 0.00 0.00 0.00
5.18 5.20 5.23 5.25 5.28 5.31 5.33 5.34 5.36 5.37 5.39 5.41 5.45 5.47 5.49 5.51 5.53 5.55 5.57 5.57 5.58 5.59 5.61 5.62 5.66 5.71 5.76 5.79 5.80 5.77 5.69 5.58 5.43 5.30 4.72 4.16 3.97 3.72 3.65 0.27 0.21 0.23 0.09 0.00 0.00 0.00 0.00 0.00 0.00 0.00 0.00 0.18 0.17 0.18 0.00 0.00 0.00 0.00 0.00 0.00 0.00 0.00 0.00 0.00 0.00 0.00 0.00 0.00 0.00 0.00 0.00 0.00 0.00 0.00 0.00 0.00 0.00 0.00 0.00 0.00 0.00 0.00 0.00 0.00
5.20 5.22 5.24 5.26 5.30 5.32 5.34 5.36 5.37 5.38 5.40 5.42 5.47 5.48 5.50 5.52 5.54 5.57 5.58 5.58 5.58 5.60 5.61 5.62 5.63 5.71 5.76 5.79 5.80 5.77 5.73 5.69 5.50 5.27 4.43 4.02 3.85 3.81 2.77 0.23 0.22 0.23 0.00 0.00 0.00 0.00 0.00 0.00 0.00 0.00 0.00 0.18 0.17 0.00 0.00 0.00 0.00 0.00 0.00 0.00 0.00 0.00 0.00 0.00 0.00 0.00 0.00 0.00 0.00 0.00 0.00 0.00 0.00 0.00 0.00 0.00 0.00 0.00 0.00 0.00 0.00 0.00 0.00 0.00
5.21 5.23 5.26 5.28 5.31 5.34 5.36 5.38 5.39 5.40 5.42 5.46 5.48 5.49 5.51 5.53 5.55 5.58 5.58 5.59 5.59 5.60 5.62 5.63 5.66 5.71 5.76 5.79 5.80 5.77 5.72 5.72 5.69 5.17 4.26 3.95 3.90 3.93 2.63 0.29 0.23 0.24 0.00 0.00 0.00 0.00 0.00 0.00 0.00 0.00 0.17 0.17 0.00 0.00 0.00 0.00 0.00 0.00 0.00 0.00 -0.00 -0.00 0.00 0.00 0.00 0.00 0.00 0.00 0.00 0.00 0.00 0.00 0.00 0.00 0.00 0.00 0.00 0.00 0.00 0.00 0.00 0.00 0.00 0.00
5.25 5.27 5.29 5.31 5.34 5.36 5.38 5.39 5.40 5.42 5.44 5.48 5.49 5.50 5.52 5.54 5.56 5.59 5.60 5.60 5.60 5.61 5.62 5.63 5.64 5.70 5.76 5.79 5.80 5.77 5.73 5.74 5.68 5.15 4.17 3.94 4.06 3.98 2.23 0.22 0.23 0.00 0.00 0.00 0.00 0.00 0.00 0.00 0.00 0.00 0.16 0.17 0.00 0.00 0.00 0.00 0.00 0.00 0.00 0.00 -0.00 -0.00 0.00 0.00 0.00 0.00 0.00 0.00 0.00 0.00 0.00 0.00 0.00 0.00 0.00 0.00 0.00 0.00 0.00 0.00 0.00 0.00 0.00 0.00
5.28 5.29 5.31 5.33 5.35 5.38 5.40 5.41 5.42 5.43 5.45 5.49 5.51 5.52 5.53 5.55 5.58 5.60 5.61 5.61 5.61 5.62 5.63 5.64 5.66 5.71 5.76 5.79 5.79 5.76 5.69 5.63 5.50 5.39 4.15 4.03 4.07 3.21 1.95 0.22 0.00 0.00 0.00 0.00 0.00 0.00 0.00 0.00 0.00 0.00 0.16 0.00 0.00 0.00 0.00 0.00 0.00 0.00 0.00 0.00 -0.00 -0.00 0.00 0.00 0.00 0.00 0.00 0.00 0.00 0.00 0.00 0.00 0.00 0.00 0.00 0.00 0.00 0.00 0.00 0.00 0.00 0.00 0.00 0.00
5.30 5.32 5.34 5.36 5.38 5.40 5.42 5.43 5.44 5.45 5.49 5.50 5.52 5.53 5.55 5.57 5.59 5.61 5.62 5.62 5.62 5.63 5.65 5.66 5.70 5.72 5.76 5.78 5.78 5.73 5.62 5.51 5.46 5.40 4.25 4.08 4.10 3.28 1.67 0.22 0.00 0.00 0.00 0.00 0.00 0.00 0.00 0.00 0.00 0.16 0.16 0.00 0.00 0.00 0.00 0.00 0.00 0.00 0.00 0.00 0.00 -0.00 0.00 0.00 0.00 0.00 0.00 0.00 0.00 0.00 0.00 0.00 0.00 0.00 0.00 0.00 0.00 0.00 0.00 0.00 0.00 0.00 0.00 0.00
5.33 5.35 5.37 5.38 5.40 5.43 5.44 5.45 5.46 5.48 5.50 5.52 5.54 5.55 5.57 5.60 5.62 5.64 5.65 5.65 5.65 5.65 5.66 5.68 5.71 5.73 5.76 5.77 5.76 5.68 5.53 5.40 5.43 5.38 4.35 4.13 4.12 3.57 0.93 0.19 0.00 0.00 0.00 0.00 0.00 0.00 0.00 0.00 0.00 0.15 0.00 0.00 0.00 0.00 0.00 0.00 0.00 0.00 0.00 0.00 0.00 0.00 0.00 0.00 0.00 0.00 0.00 0.00 0.00 0.00 0.00 0.00 0.00 0.00 0.00 0.00 0.00 0.00 0.00 0.00 0.00 0.00 0.00 0.00
5.37 5.38 5.40 5.41 5.43 5.45 5.47 5.48 5.49 5.50 5.54 5.55 5.57 5.59 5.60 5.62 5.64 5.66 5.66 5.67 5.66 5.67 5.68 5.71 5.73 5.74 5.75 5.76 5.72 5.62 5.44 5.34 5.36 5.38 4.38 4.19 4.16 3.53 0.76 0.16 0.00 0.00 0.00 0.00 0.00 0.00 0.00 0.00 0.00 0.13 0.00 0.00 0.00 0.00 0.00 0.00 0.00 0.00 0.00 0.00 0.00 0.00 0.00 0.00 0.00 0.00 0.00 0.00 0.00 0.00 0.00 0.00 0.00 0.00 0.00 0.00 0.00 0.00 0.00 0.00 0.00 0.00 0.00 0.00
5.40 5.41 5.43 5.46 5.47 5.49 5.50 5.52 5.53 5.54 5.55 5.58 5.60 5.61 5.63 5.65 5.66 5.68 5.68 5.69 5.69 5.69 5.70 5.73 5.74 5.74 5.75 5.74 5.68 5.55 5.37 5.30 5.29 5.38 4.38 4.26 4.03 3.36 0.67 0.00 0.00 0.00 0.00 0.00 0.00 0.00 0.00 0.00 0.00 0.13 0.00 0.00 0.00 0.00 0.00 0.00 0.00 0.00 0.00 0.00 0.00 0.00 0.00 0.00 0.00 0.00 0.00 0.00 0.00 0.00 0.00 0.00 0.00 0.00 0.00 0.00 0.00 0.00 0.00 0.00 0.00 0.00 0.00 0.00
5.46 5.47 5.48 5.49 5.50 5.51 5.53 5.55 5.56 5.57 5.58 5.60 5.63 5.64 5.66 5.67 5.69 5.70 5.71 5.71 5.71 5.71 5.72 5.75 5.75 5.75 5.74 5.71 5.65 5.50 5.33 5.25 5.25 5.36 4.95 4.32 4.37 2.85 0.16 0.00 0.00 0.00 0.00 0.00 0.00 0.00 0.00 0.00 0.00 0.12 0.00 0.00 0.00 0.00 0.00 0.00 0.00 0.00 0.00 0.00 0.00 0.00 0.00 0.00 0.00 0.00 0.00 0.00 0.00 0.00 0.00 0.00 0.00 0.00 0.00 0.00 0.00 0.00 0.00 0.00 0.00 0.00 0.00 0.00
5.51 5.52 5.53 5.53 5.54 5.55 5.57 5.58 5.59 5.60 5.62 5.63 5.64 5.67 5.69 5.70 5.71 5.72 5.73 5.73 5.73 5.74 5.74 5.75 5.76 5.75 5.73 5.66 5.63 5.50 5.26 5.17 5.24 5.37 5.07 4.32 4.34 2.85 0.30 0.00 0.00 0.00 0.00 0.00 0.00 0.00 0.00 0.00 0.00 0.12 0.00 0.00 0.00 0.00 0.00 0.00 0.00 0.00 0.00 0.00 0.00 0.00 0.00 0.00 0.00 0.00 0.00 0.00 0.00 0.00 0.00 0.00 0.00 0.00 0.00 0.00 0.00 0.00 0.00 0.00 0.00 0.00 0.00 0.00
5.57 5.57 5.58 5.58 5.58 5.59 5.61 5.62 5.63 5.64 5.65 5.66 5.67 5.70 5.72 5.73 5.74 5.75 5.76 5.76 5.78 5.78 5.78 5.78 5.79 5.76 5.72 5.63 5.60 5.47 5.24 5.18 5.20 5.39 5.13 4.31 4.32 2.88 0.27 0.03 0.00 0.00 0.00 0.00 0.00 0.00 0.00 0.00 0.00 0.11 0.00 0.00 0.00 0.00 0.00 0.00 0.00 0.00 0.00 0.00 0.00 0.00 0.00 0.00 0.00 0.00 0.00 0.00 0.00 0.00 0.00 0.00 0.00 0.00 0.00 0.00 0.00 0.00 0.00 0.00 0.00 0.00 0.00 0.00
