tsunami_inundation/2310.asc
ncols        89
nrows        96
xllcorner    425855.973699999973
yllcorner    5091051.504999999888
cellsize     55.000000000000
NODATA_value  -9999.00
[rows 0 to 36 of 96, columns 0 to 83 of 89]
-9999.00 4.99 5.02 5.07 5.10 5.13 5.18 5.21 5.25 5.28 5.32 5.35 5.37 5.40 5.45 5.49 5.53 5.59 5.63 5.69 5.74 5.84 5.90 5.95 5.99 6.03 6.06 6.08 6.11 6.12 6.11 6.03 5.92 5.86 5.87 6.02 6.13 7.82 9.36 9.44 9.50 3.88 1.77 0.00 0.00 0.00 0.00 0.00 0.00 0.00 0.00 0.18 0.19 0.19 0.19 0.19 0.19 0.19 0.19 0.00 0.00 0.00 0.00 0.00 0.00 0.00 0.00 0.00 0.00 0.00 0.00 0.00 0.00 0.00 0.00 0.00 0.00 0.00 0.00 0.00 0.00 0.00 0.00 0.00
-9999.00 4.99 5.02 5.08 5.11 5.13 5.18 5.21 5.25 5.29 5.32 5.35 5.38 5.40 5.45 5.49 5.56 5.60 5.64 5.69 5.75 5.85 5.91 5.96 5.99 6.03 6.06 6.08 6.12 6.13 6.09 6.00 5.87 5.80 5.82 5.97 6.08 7.30 9.20 9.20 9.32 4.05 0.00 0.00 0.00 0.00 0.00 0.00 0.00 0.00 0.18 0.18 0.18 0.18 0.19 0.19 0.19 0.19 0.19 0.00 0.00 0.00 0.00 0.00 0.00 0.00 0.00 0.00 0.00 0.00 0.00 0.00 0.00 0.00 0.00 0.00 0.00 0.00 0.00 0.00 0.00 0.00 0.00 0.00
-9999.00 4.99 5.05 5.08 5.11 5.13 5.16 5.21 5.25 5.29 5.32 5.35 5.38 5.41 5.46 5.53 5.57 5.60 5.65 5.70 5.75 5.85 5.92 5.96 6.00 6.03 6.06 6.08 6.10 6.12 6.08 5.97 5.80 5.74 5.76 5.85 6.03 6.60 8.76 9.05 9.24 2.12 0.00 0.00 0.00 0.00 0.00 0.00 0.00 0.18 0.18 0.18 0.18 0.18 0.18 0.18 0.18 0.19 0.00 0.00 0.00 0.00 0.00 0.00 0.00 0.00 0.00 0.00 0.00 0.00 0.00 0.00 0.00 0.00 0.00 0.00 0.00 0.00 0.00 0.00 0.00 0.00 0.00 0.00
-9999.00 5.00 5.06 5.08 5.11 5.14 5.16 5.21 5.25 5.29 5.33 5.36 5.38 5.41 5.46 5.50 5.57 5.61 5.65 5.70 5.76 5.86 5.92 5.97 6.00 6.04 6.06 6.09 6.12 6.12 6.05 5.93 5.77 5.70 5.72 5.80 6.00 6.30 8.23 8.95 9.16 6.65 0.55 0.00 0.00 0.00 0.00 0.00 0.07 0.17 0.17 0.18 0.18 0.18 0.18 0.18 0.18 0.18 0.07 0.00 0.00 0.00 0.00 0.00 0.00 0.00 0.00 0.00 0.00 0.00 0.00 0.00 0.00 0.00 0.00 0.00 0.00 0.00 0.00 0.00 0.00 0.00 0.00 0.00
-9999.00 5.00 5.06 5.09 5.11 5.14 5.17 5.21 5.25 5.29 5.33 5.36 5.39 5.42 5.46 5.55 5.59 5.63 5.67 5.71 5.78 5.87 5.93 5.98 6.01 6.04 6.07 6.09 6.11 6.11 6.04 5.90 5.74 5.67 5.69 5.76 5.98 6.14 7.42 8.86 9.02 8.11 1.37 0.00 0.00 0.00 0.00 0.00 0.17 0.17 0.17 0.17 0.17 0.17 0.17 0.18 0.18 0.17 0.18 0.00 0.00 0.00 0.00 0.00 0.00 0.00 0.00 0.00 0.00 0.00 0.00 0.00 0.00 0.00 0.00 0.00 0.00 0.00 0.00 0.00 0.00 0.00 0.00 0.00
-9999.00 5.00 5.06 5.09 5.12 5.14 5.17 5.22 5.26 5.29 5.33 5.36 5.39 5.42 5.46 5.55 5.59 5.63 5.68 5.73 5.79 5.85 5.94 5.99 6.03 6.05 6.07 6.09 6.13 6.11 6.03 5.88 5.72 5.65 5.67 5.72 5.95 6.07 6.63 8.69 8.89 8.00 1.86 0.01 0.00 0.00 0.00 0.00 0.16 0.16 0.16 0.16 0.16 0.16 0.17 0.17 0.17 0.17 0.17 0.17 0.17 0.05 0.00 0.00 0.00 0.00 0.00 0.00 0.00 0.00 0.00 0.00 0.00 0.00 0.00 0.00 0.00 0.00 0.00 0.00 0.00 0.00 0.00 0.00
-9999.00 5.04 5.06 5.10 5.12 5.15 5.17 5.21 5.26 5.30 5.33 5.36 5.40 5.43 5.47 5.56 5.60 5.64 5.69 5.74 5.80 5.86 5.95 6.00 6.03 6.06 6.08 6.09 6.13 6.10 6.02 5.87 5.71 5.64 5.64 5.69 5.92 6.03 6.18 7.94 8.87 3.99 2.11 0.01 0.00 0.00 0.00 0.00 0.15 0.15 0.15 0.16 0.16 0.16 0.16 0.16 0.16 0.16 0.17 0.17 0.17 0.16 0.00 0.00 0.00 0.00 0.00 0.00 0.00 0.00 0.00 0.00 0.00 0.00 0.00 0.00 0.00 0.00 0.00 0.00 0.00 0.00 0.00 0.00
-9999.00 5.04 5.07 5.10 5.13 5.15 5.18 5.21 5.26 5.30 5.33 5.37 5.40 5.43 5.47 5.57 5.61 5.65 5.70 5.75 5.81 5.87 5.96 6.01 6.04 6.07 6.08 6.10 6.13 6.10 6.03 5.90 5.73 5.60 5.62 5.66 5.79 5.97 5.97 6.28 8.33 8.44 2.49 0.02 0.00 0.00 0.00 0.00 0.14 0.14 0.15 0.15 0.15 0.15 0.16 0.16 0.16 0.16 0.00 0.00 0.17 0.16 0.16 0.16 0.16 0.00 0.00 0.00 0.00 0.00 0.00 0.00 0.00 0.00 0.00 0.00 0.00 0.00 0.00 0.00 0.00 0.00 0.00 0.00
-9999.00 5.04 5.07 5.10 5.13 5.16 5.19 5.22 5.27 5.30 5.34 5.37 5.40 5.44 5.47 5.57 5.62 5.66 5.70 5.75 5.81 5.88 5.97 6.01 6.05 6.08 6.10 6.12 6.12 6.11 6.04 5.92 5.75 5.61 5.57 5.62 5.70 5.82 5.81 5.71 7.38 5.70 3.09 0.43 0.00 0.00 0.00 0.00 0.14 0.14 0.14 0.15 0.15 0.15 0.15 0.16 0.16 0.16 0.00 0.00 0.00 0.17 0.16 0.16 0.16 0.16 0.00 0.00 0.00 0.00 0.00 0.00 0.00 0.00 0.00 0.00 0.00 0.00 0.00 0.00 0.00 0.00 0.00 0.00
-9999.00 5.02 5.08 5.11 5.14 5.17 5.19 5.22 5.27 5.31 5.34 5.37 5.41 5.44 5.48 5.58 5.63 5.67 5.72 5.76 5.82 5.89 5.95 6.02 6.06 6.09 6.11 6.12 6.13 6.11 6.05 5.93 5.76 5.61 5.57 5.59 5.65 5.71 5.70 5.65 5.93 6.32 3.43 0.78 0.00 0.00 0.00 0.12 0.13 0.13 0.13 0.14 0.14 0.15 0.15 0.15 0.16 0.00 0.00 0.00 0.00 0.00 0.00 0.00 0.12 0.16 0.00 0.00 0.00 0.00 0.00 0.00 0.00 0.00 0.00 0.00 0.00 0.00 0.00 0.00 0.00 0.00 0.00 0.00
-9999.00 5.02 5.08 5.11 5.14 5.17 5.20 5.23 5.28 5.31 5.35 5.38 5.41 5.45 5.49 5.59 5.64 5.68 5.72 5.77 5.83 5.89 5.95 6.03 6.07 6.10 6.12 6.13 6.13 6.12 6.05 5.94 5.77 5.63 5.58 5.58 5.60 5.59 5.56 5.55 5.77 5.53 5.18 2.76 0.00 0.00 0.10 0.12 0.12 0.12 0.13 0.13 0.14 0.14 0.15 0.15 0.00 0.00 0.00 0.00 0.00 0.00 0.00 0.00 0.00 0.15 0.00 0.00 0.00 0.00 0.00 0.00 0.00 0.00 0.00 0.00 0.00 0.00 0.00 0.00 0.00 0.00 0.00 0.00
-9999.00 5.03 5.09 5.12 5.15 5.18 5.21 5.24 5.27 5.32 5.35 5.38 5.42 5.46 5.53 5.60 5.65 5.69 5.73 5.78 5.83 5.90 5.96 6.04 6.08 6.11 6.13 6.14 6.14 6.12 6.05 5.93 5.77 5.64 5.59 5.58 5.55 5.49 5.42 5.41 5.62 4.75 3.81 2.41 0.17 0.08 0.08 0.09 0.10 0.11 0.12 0.13 0.13 0.14 0.14 0.14 0.00 0.00 0.00 0.00 0.00 0.00 0.00 0.00 0.00 0.15 0.00 0.00 0.00 0.00 0.00 0.00 0.00 0.00 0.00 0.00 0.00 0.00 0.00 0.00 0.00 0.00 0.00 0.00
5.04 5.07 5.10 5.13 5.16 5.19 5.22 5.25 5.28 5.33 5.36 5.39 5.42 5.50 5.54 5.61 5.66 5.70 5.74 5.78 5.84 5.90 5.97 6.05 6.09 6.12 6.15 6.16 6.15 6.13 6.04 5.92 5.77 5.66 5.61 5.58 5.48 5.33 5.20 5.18 5.68 4.82 3.83 2.39 0.10 0.06 0.07 0.08 0.09 0.11 0.12 0.13 0.13 0.14 0.14 0.09 0.00 0.00 0.00 0.00 0.00 0.00 0.00 0.00 0.00 0.14 0.00 0.00 0.00 0.00 0.00 0.00 0.00 0.00 0.00 0.00 0.00 0.00 0.00 0.00 0.00 0.00 0.00 0.00
5.05 5.08 5.11 5.14 5.17 5.20 5.23 5.26 5.29 5.34 5.37 5.40 5.43 5.47 5.55 5.59 5.67 5.71 5.75 5.79 5.85 5.91 5.97 6.05 6.10 6.13 6.16 6.17 6.17 6.14 6.03 5.90 5.77 5.68 5.64 5.57 5.43 5.22 5.06 4.97 5.19 4.94 3.95 2.63 0.13 0.04 0.05 0.06 0.07 0.11 0.12 0.13 0.13 0.14 0.14 0.00 0.00 0.00 0.00 0.00 0.00 0.00 0.00 0.00 0.00 0.13 0.00 0.00 0.00 0.00 0.00 0.00 0.00 0.00 0.00 0.00 0.00 0.00 0.00 0.00 0.00 0.00 0.00 0.00
5.05 5.09 5.12 5.15 5.18 5.21 5.24 5.27 5.30 5.35 5.38 5.41 5.44 5.52 5.56 5.60 5.67 5.72 5.76 5.80 5.86 5.92 5.98 6.04 6.11 6.15 6.17 6.18 6.18 6.15 6.03 5.89 5.77 5.69 5.65 5.56 5.37 5.12 4.92 4.77 4.68 5.01 4.01 2.60 0.24 0.01 0.03 0.04 0.07 0.11 0.12 0.13 0.13 0.14 0.14 0.00 0.00 0.00 0.00 0.00 0.00 0.00 0.00 0.00 0.00 0.04 0.00 0.00 0.00 0.00 0.00 0.00 0.00 0.00 0.00 0.00 0.00 0.00 0.00 0.00 0.00 0.00 0.00 0.00
5.06 5.09 5.13 5.16 5.19 5.22 5.25 5.28 5.31 5.36 5.39 5.42 5.45 5.52 5.56 5.61 5.68 5.73 5.77 5.82 5.87 5.93 5.99 6.05 6.12 6.15 6.18 6.19 6.19 6.16 6.09 5.90 5.77 5.70 5.65 5.54 5.32 5.03 4.80 4.78 4.34 4.31 3.97 2.29 1.78 0.01 0.01 0.03 0.05 0.09 0.11 0.12 0.13 0.14 0.05 0.00 0.00 0.00 0.00 0.00 0.00 0.00 0.00 0.00 0.00 0.00 0.00 0.00 0.00 0.00 0.00 0.00 0.00 0.00 0.00 0.00 0.00 0.00 0.00 0.00 0.00 0.00 0.00 0.00
5.07 5.10 5.14 5.17 5.20 5.23 5.26 5.29 5.32 5.36 5.40 5.43 5.46 5.54 5.58 5.62 5.69 5.73 5.78 5.83 5.88 5.94 6.00 6.05 6.12 6.16 6.18 6.19 6.19 6.17 6.10 5.91 5.79 5.72 5.65 5.51 5.25 4.94 4.74 4.63 4.17 3.76 3.44 2.60 2.45 0.01 -0.01 0.02 0.04 0.08 0.11 0.13 0.14 0.14 0.00 0.00 0.00 0.00 0.00 0.00 0.00 0.00 0.00 0.00 0.00 0.00 0.00 0.00 0.00 0.00 0.00 0.00 0.00 0.00 0.00 0.00 0.00 0.00 0.00 0.00 0.00 0.00 0.00 0.00
5.08 5.11 5.16 5.19 5.22 5.25 5.28 5.31 5.34 5.37 5.42 5.44 5.47 5.51 5.59 5.63 5.70 5.74 5.79 5.84 5.89 5.95 6.01 6.06 6.13 6.17 6.20 6.20 6.20 6.18 6.12 5.93 5.81 5.74 5.65 5.48 5.19 4.87 4.66 4.50 3.92 3.53 3.14 2.60 2.67 -0.03 -0.01 0.00 0.07 0.12 0.13 0.14 0.14 0.14 0.00 0.00 0.00 0.00 0.00 0.00 0.00 0.00 0.00 0.00 0.00 0.00 0.00 0.00 0.00 0.00 0.00 0.00 0.00 0.00 0.00 0.00 0.00 0.00 0.00 0.00 0.00 0.00 0.00 0.00
5.12 5.13 5.17 5.20 5.23 5.26 5.29 5.32 5.35 5.38 5.43 5.45 5.48 5.56 5.60 5.64 5.68 5.75 5.80 5.85 5.90 5.96 6.01 6.07 6.13 6.17 6.20 6.21 6.21 6.19 6.14 5.96 5.84 5.78 5.67 5.44 5.10 4.79 4.60 4.06 3.82 3.46 3.09 2.73 2.78 0.09 0.00 0.00 0.12 0.14 0.14 0.14 0.15 0.15 0.00 0.00 0.00 0.00 0.00 0.00 0.00 0.00 0.00 0.00 0.00 0.00 0.00 0.00 0.00 0.00 0.00 0.00 0.00 0.00 0.00 0.00 0.00 0.00 0.00 0.00 0.00 0.00 0.00 0.00
5.13 5.16 5.19 5.24 5.26 5.29 5.30 5.33 5.37 5.40 5.44 5.46 5.49 5.57 5.61 5.65 5.69 5.76 5.81 5.86 5.91 5.97 6.02 6.07 6.12 6.20 6.22 6.23 6.23 6.22 6.17 6.02 5.90 5.82 5.68 5.39 5.03 4.76 4.57 4.13 3.82 3.45 3.15 3.14 2.94 0.20 0.00 0.00 0.00 0.15 0.15 0.15 0.15 0.15 0.15 0.00 0.00 0.00 0.00 0.00 0.00 0.00 -0.00 -0.00 0.00 0.00 0.00 0.00 0.00 0.00 0.00 0.00 0.00 0.00 0.00 0.00 0.00 0.00 0.00 0.00 0.00 0.00 0.00 0.00
5.16 5.18 5.21 5.26 5.28 5.31 5.32 5.35 5.38 5.41 5.45 5.48 5.51 5.58 5.62 5.66 5.70 5.77 5.82 5.87 5.93 5.98 6.04 6.09 6.13 6.20 6.24 6.25 6.25 6.24 6.21 6.13 5.93 5.82 5.69 5.29 4.97 4.73 4.57 4.05 4.05 3.74 3.69 3.55 2.22 0.00 0.00 0.00 0.00 0.11 0.15 0.15 0.16 0.16 0.15 0.00 0.00 0.00 0.00 0.00 0.00 0.00 0.00 0.00 0.00 0.00 0.00 0.00 0.00 0.00 0.00 0.00 0.00 0.00 0.00 0.00 0.00 0.00 0.00 0.00 0.00 0.00 0.00 0.00
5.18 5.21 5.24 5.28 5.31 5.33 5.36 5.40 5.43 5.45 5.47 5.49 5.58 5.60 5.64 5.68 5.72 5.79 5.84 5.89 5.94 5.99 6.04 6.10 6.15 6.24 6.26 6.27 6.27 6.27 6.24 6.16 5.94 5.81 5.68 5.15 4.95 4.74 4.26 4.30 4.34 4.15 4.13 3.58 0.85 0.00 0.00 0.00 0.00 0.00 0.00 0.16 0.16 0.16 0.00 0.00 0.00 0.00 0.00 0.00 0.00 0.00 0.00 0.00 0.00 0.00 0.00 0.00 0.00 0.00 0.00 0.00 0.00 0.00 0.00 0.00 0.00 0.00 0.00 0.00 0.00 0.00 0.00 0.00
5.22 5.25 5.28 5.32 5.34 5.37 5.40 5.43 5.45 5.47 5.49 5.53 5.56 5.64 5.66 5.69 5.75 5.80 5.85 5.90 5.95 6.00 6.06 6.11 6.16 6.26 6.28 6.30 6.30 6.30 6.28 6.19 5.95 5.79 5.59 5.05 4.90 4.78 4.54 4.47 4.57 4.34 3.98 3.01 0.00 0.00 0.00 0.00 0.00 0.00 0.00 0.17 0.17 0.17 0.00 0.00 0.00 0.00 0.00 0.00 0.00 0.00 0.00 -0.00 0.00 0.00 0.00 0.00 0.00 0.00 0.00 0.00 0.00 0.00 0.00 0.00 0.00 0.00 0.00 0.00 0.00 0.00 0.00 0.00
5.24 5.27 5.30 5.34 5.37 5.40 5.43 5.45 5.47 5.49 5.52 5.55 5.62 5.65 5.69 5.72 5.77 5.81 5.88 5.91 5.97 6.01 6.07 6.12 6.18 6.28 6.30 6.32 6.34 6.33 6.30 6.21 5.96 5.79 5.51 4.99 4.83 4.81 4.99 4.82 4.94 4.14 2.80 0.48 0.00 0.00 0.00 0.00 0.00 0.00 0.00 0.00 0.17 0.17 0.00 0.00 0.00 0.00 0.00 0.00 0.00 -0.00 -0.00 0.00 0.00 0.00 0.00 0.00 0.00 0.00 0.00 0.00 0.00 0.00 0.00 0.00 0.00 0.00 0.00 0.00 0.00 0.00 0.00 0.00
5.27 5.30 5.33 5.36 5.40 5.42 5.45 5.48 5.50 5.52 5.54 5.58 5.64 5.67 5.71 5.74 5.79 5.83 5.90 5.94 5.99 6.04 6.10 6.15 6.21 6.26 6.35 6.35 6.37 6.36 6.32 6.24 5.97 5.81 5.37 4.90 4.85 4.96 5.02 5.39 4.83 3.79 2.01 0.00 0.00 0.00 0.00 0.00 0.00 0.00 0.00 0.17 0.17 0.17 0.00 0.00 0.00 0.00 0.00 0.00 0.00 -0.00 0.00 0.00 0.00 0.00 0.00 0.00 0.00 0.00 0.00 0.00 0.00 0.00 0.00 0.00 0.00 0.00 0.00 0.00 0.00 0.00 0.00 0.00
5.31 5.34 5.36 5.39 5.43 5.45 5.48 5.50 5.52 5.54 5.57 5.59 5.66 5.69 5.73 5.76 5.81 5.85 5.92 5.96 6.01 6.07 6.12 6.17 6.27 6.32 6.36 6.38 6.42 6.42 6.36 6.27 6.08 5.83 5.26 4.89 4.87 5.16 5.23 5.45 4.58 3.53 1.63 0.00 0.00 0.00 0.00 0.00 0.00 0.00 0.00 0.18 0.18 0.18 0.00 0.00 0.00 0.00 0.00 0.00 0.00 0.00 0.00 0.00 0.00 0.00 0.00 0.00 0.00 0.00 0.00 0.00 0.00 0.00 0.00 0.00 0.00 0.00 0.00 0.00 0.00 0.00 0.00 0.00
5.35 5.37 5.40 5.43 5.46 5.49 5.51 5.53 5.55 5.57 5.59 5.62 5.70 5.73 5.76 5.80 5.84 5.89 5.94 5.98 6.03 6.09 6.14 6.19 6.23 6.33 6.37 6.41 6.43 6.43 6.39 6.32 6.11 5.79 5.00 4.81 4.94 5.35 5.48 5.28 4.40 3.26 1.29 0.00 0.00 0.00 0.00 0.00 0.00 0.00 0.00 0.18 0.18 0.00 0.00 0.00 0.00 0.00 0.00 0.00 0.00 -0.00 0.00 0.00 0.00 0.00 0.00 0.00 0.00 0.00 0.00 0.00 0.00 0.00 0.00 0.00 0.00 0.00 0.00 0.00 0.00 0.00 0.00 0.00
5.40 5.42 5.44 5.47 5.50 5.54 5.56 5.58 5.59 5.61 5.64 5.70 5.73 5.75 5.78 5.82 5.87 5.91 5.95 6.01 6.05 6.10 6.16 6.20 6.28 6.34 6.37 6.41 6.44 6.43 6.39 6.35 6.25 5.68 4.84 4.82 5.36 5.51 5.70 5.23 4.16 2.72 0.53 0.00 0.00 0.00 0.00 0.00 0.00 0.00 0.17 0.17 0.00 0.00 0.00 0.00 0.00 0.00 0.00 0.00 0.00 -0.00 0.00 0.00 0.00 0.00 0.00 0.00 0.00 0.00 0.00 0.00 0.00 0.00 0.00 0.00 0.00 0.00 0.00 0.00 0.00 0.00 0.00 0.00
5.48 5.50 5.52 5.54 5.57 5.59 5.61 5.62 5.63 5.65 5.67 5.73 5.76 5.78 5.81 5.85 5.89 5.94 5.98 6.03 6.07 6.12 6.17 6.21 6.25 6.32 6.37 6.42 6.44 6.44 6.40 6.38 6.25 5.65 4.78 4.98 5.53 5.61 5.87 4.94 3.75 2.79 0.00 0.00 0.00 0.00 0.00 0.00 0.00 0.00 0.17 0.17 0.00 0.00 0.00 0.00 0.00 0.00 0.00 0.00 -0.00 -0.00 0.00 0.00 0.00 0.00 0.00 0.00 0.00 0.00 0.00 0.00 0.00 0.00 0.00 0.00 0.00 0.00 0.00 0.00 0.00 0.00 0.00 0.00
5.55 5.56 5.58 5.60 5.61 5.64 5.66 5.67 5.68 5.70 5.72 5.77 5.79 5.81 5.84 5.88 5.92 5.96 6.00 6.06 6.10 6.14 6.19 6.23 6.26 6.32 6.37 6.42 6.45 6.45 6.41 6.32 6.12 5.92 4.87 5.15 5.62 6.05 5.87 4.79 4.53 0.52 0.00 0.00 0.00 0.00 0.00 0.00 0.00 0.00 0.17 0.00 0.00 0.00 0.00 0.00 0.00 0.00 0.00 0.00 -0.00 -0.00 0.00 0.00 0.00 0.00 0.00 0.00 0.00 0.00 0.00 0.00 0.00 0.00 0.00 0.00 0.00 0.00 0.00 0.00 0.00 0.00 0.00 0.00
5.62 5.64 5.65 5.66 5.68 5.70 5.71 5.72 5.73 5.75 5.78 5.80 5.83 5.85 5.88 5.92 5.95 6.00 6.03 6.08 6.12 6.16 6.21 6.25 6.31 6.33 6.37 6.41 6.45 6.45 6.40 6.27 6.13 5.94 5.03 5.27 5.77 6.07 5.75 5.64 2.28 0.09 0.00 0.00 0.00 0.00 0.00 0.00 0.00 0.17 0.17 0.00 0.00 0.00 0.00 0.00 0.00 0.00 0.00 0.00 -0.00 -0.00 0.00 0.00 0.00 0.00 0.00 0.00 0.00 0.00 0.00 0.00 0.00 0.00 0.00 0.00 0.00 0.00 0.00 0.00 0.00 0.00 0.00 0.00
5.70 5.71 5.73 5.74 5.75 5.77 5.78 5.79 5.80 5.81 5.84 5.86 5.88 5.90 5.93 5.98 6.02 6.05 6.08 6.13 6.16 6.19 6.23 6.26 6.31 6.33 6.36 6.41 6.44 6.44 6.38 6.24 6.17 5.96 5.22 5.41 5.89 6.10 5.70 6.94 4.45 0.23 0.00 0.00 0.00 0.00 0.00 0.00 0.00 0.15 0.00 0.00 0.00 0.00 0.00 0.00 0.00 0.00 0.00 0.00 0.00 0.00 0.00 0.00 0.00 0.00 0.00 0.00 0.00 0.00 0.00 0.00 0.00 0.00 0.00 0.00 0.00 0.00 0.00 0.00 0.00 0.00 0.00 0.00
5.78 5.79 5.80 5.81 5.83 5.84 5.85 5.86 5.87 5.88 5.93 5.95 5.97 5.99 6.01 6.03 6.06 6.09 6.12 6.15 6.19 6.22 6.25 6.30 6.32 6.33 6.35 6.39 6.43 6.43 6.36 6.26 6.18 6.05 5.32 5.56 5.92 6.17 6.22 7.10 4.54 0.48 0.00 0.00 0.00 0.00 0.00 0.00 0.00 0.14 0.00 0.00 0.00 0.00 0.00 0.00 0.00 0.00 0.00 0.00 0.00 0.00 0.00 0.00 0.00 0.00 0.00 0.00 0.00 0.00 0.00 0.00 0.00 0.00 0.00 0.00 0.00 0.00 0.00 0.00 0.00 0.00 0.00 0.00
5.85 5.86 5.88 5.93 5.94 5.96 5.97 5.98 5.99 6.00 6.00 6.02 6.04 6.05 6.07 6.09 6.12 6.14 6.17 6.19 6.23 6.25 6.28 6.32 6.33 6.33 6.33 6.38 6.41 6.41 6.36 6.30 6.20 6.12 5.37 5.70 5.91 6.39 6.90 4.39 2.35 0.00 0.00 0.00 0.00 0.00 0.00 0.00 0.00 0.14 0.00 0.00 0.00 0.00 0.00 0.00 0.00 0.00 0.00 0.00 0.00 0.00 0.00 0.00 0.00 0.00 0.00 0.00 0.00 0.00 0.00 0.00 0.00 0.00 0.00 0.00 0.00 0.00 0.00 0.00 0.00 0.00 0.00 0.00
5.96 5.97 5.99 6.00 6.01 6.02 6.05 6.06 6.07 6.08 6.09 6.10 6.12 6.13 6.14 6.16 6.18 6.20 6.22 6.24 6.27 6.29 6.31 6.34 6.34 6.34 6.33 6.35 6.40 6.40 6.38 6.34 6.22 6.14 5.71 5.78 5.97 6.68 5.72 2.65 1.07 0.00 0.00 0.00 0.00 0.00 0.00 0.00 0.00 0.13 0.00 0.00 0.00 0.00 0.00 0.00 0.00 0.00 0.00 0.00 0.00 0.00 0.00 0.00 0.00 0.00 0.00 0.00 0.00 0.00 0.00 0.00 0.00 0.00 0.00 0.00 0.00 0.00 0.00 0.00 0.00 0.00 0.00 0.00
6.04 6.05 6.07 6.07 6.09 6.10 6.13 6.14 6.16 6.17 6.18 6.19 6.20 6.21 6.23 6.24 6.25 6.26 6.28 6.29 6.31 6.33 6.34 6.36 6.36 6.35 6.32 6.32 6.39 6.41 6.38 6.36 6.26 6.15 5.79 5.89 6.08 6.57 6.70 3.38 0.78 0.00 0.00 0.00 0.00 0.00 0.00 0.00 0.00 0.13 0.00 0.00 0.00 0.00 0.00 0.00 0.00 0.00 0.00 0.00 0.00 0.00 0.00 0.00 0.00 0.00 0.00 0.00 0.00 0.00 0.00 0.00 0.00 0.00 0.00 0.00 0.00 0.00 0.00 0.00 0.00 0.00 0.00 0.00
6.11 6.12 6.14 6.15 6.16 6.17 6.20 6.22 6.24 6.25 6.27 6.28 6.29 6.31 6.32 6.32 6.33 6.33 6.34 6.35 6.40 6.40 6.41 6.41 6.40 6.37 6.33 6.31 6.37 6.41 6.38 6.37 6.24 6.18 5.86 6.13 6.30 6.23 6.26 6.37 3.03 0.10 0.00 0.00 0.00 0.00 0.00 0.00 0.00 0.12 0.00 0.00 0.00 0.00 0.00 0.00 0.00 0.00 0.00 0.00 0.00 0.00 0.00 0.00 0.00 0.00 0.00 0.00 0.00 0.00 0.00 0.00 0.00 0.00 0.00 0.00 0.00 0.00 0.00 0.00 0.00 0.00 0.00 0.00
