tsunami_inundation/2340.asc
ncols        89
nrows        96
xllcorner    425855.973699999973
yllcorner    5091051.504999999888
cellsize     55.000000000000
NODATA_value  -9999.00
[rows 37 to 73 of 96, columns 0 to 82 of 89]
6.13 6.17 6.19 6.23 6.27 6.31 6.39 6.44 6.49 6.60 6.65 6.70 6.76 6.86 6.92 6.99 7.05 7.11 7.16 7.20 7.23 7.27 7.35 7.42 7.48 7.55 7.58 7.57 7.53 7.40 7.28 7.30 7.30 7.51 7.55 7.78 8.23 9.48 9.44 9.44 5.45 3.19 1.82 0.05 0.00 0.00 0.00 0.00 0.00 0.12 0.00 0.00 0.00 0.00 0.00 0.00 0.00 0.00 0.00 0.00 0.00 0.00 0.00 0.00 0.00 0.00 0.00 0.00 0.00 0.00 0.00 0.00 0.00 0.00 0.00 0.00 0.00 0.00 0.00 0.00 0.00 0.00 0.00
6.14 6.18 6.20 6.25 6.29 6.32 6.38 6.45 6.50 6.61 6.66 6.71 6.77 6.87 6.94 7.00 7.06 7.11 7.15 7.19 7.22 7.27 7.38 7.46 7.53 7.60 7.63 7.61 7.53 7.47 7.44 7.46 7.51 7.63 7.71 8.48 9.74 9.62 9.60 8.53 4.58 3.25 1.83 0.05 0.00 0.00 0.00 0.00 0.12 0.00 0.00 0.00 0.00 0.00 0.00 0.00 0.00 0.00 0.00 0.00 0.00 0.00 0.00 0.00 0.00 0.00 0.00 0.00 0.00 0.00 0.00 0.00 0.00 0.00 0.00 0.00 0.00 0.00 0.00 0.00 0.00 0.00 0.00
6.15 6.18 6.22 6.26 6.30 6.34 6.39 6.46 6.51 6.62 6.67 6.72 6.78 6.88 6.95 7.01 7.07 7.11 7.14 7.17 7.20 7.26 7.41 7.48 7.56 7.63 7.66 7.62 7.53 7.52 7.56 7.63 7.70 7.79 7.90 7.93 9.91 9.82 9.81 7.73 4.14 3.25 1.30 0.02 0.00 0.00 0.00 0.00 0.10 0.00 0.00 0.00 0.00 0.00 0.00 0.00 0.00 0.00 0.00 0.00 0.00 0.00 0.00 0.00 0.00 0.00 0.00 0.00 0.00 0.00 0.00 0.00 0.00 0.00 0.00 0.00 0.00 0.00 0.00 0.00 0.00 0.00 0.00
6.15 6.19 6.22 6.26 6.30 6.34 6.39 6.47 6.52 6.57 6.68 6.73 6.79 6.85 6.95 7.01 7.06 7.10 7.13 7.16 7.19 7.26 7.43 7.50 7.58 7.64 7.66 7.62 7.55 7.55 7.66 7.82 7.93 8.08 8.17 9.34 10.01 9.95 9.96 6.70 3.97 3.09 0.50 0.01 0.00 0.00 0.00 0.10 0.10 0.00 0.00 0.00 0.00 0.00 0.00 0.00 0.00 0.00 0.00 0.00 0.00 0.00 0.00 0.00 0.00 0.00 0.00 0.00 0.00 0.00 0.00 0.00 0.00 0.00 0.00 0.00 0.00 0.00 0.00 0.00 0.00 0.00 0.00
6.15 6.19 6.22 6.26 6.30 6.34 6.39 6.46 6.52 6.57 6.68 6.74 6.81 6.87 6.95 7.01 7.04 7.07 7.12 7.14 7.18 7.27 7.35 7.52 7.59 7.63 7.63 7.58 7.58 7.62 7.78 7.93 8.06 8.22 8.33 8.44 9.95 10.05 10.09 6.52 3.76 2.65 1.30 0.00 0.00 0.00 0.00 0.10 0.10 0.00 0.00 0.00 0.00 0.00 0.00 0.00 0.00 0.00 -0.00 0.00 0.00 0.00 0.00 0.00 0.00 0.00 0.00 0.00 0.00 0.00 0.00 0.00 0.00 0.00 0.00 0.00 0.00 0.00 0.00 0.00 0.00 0.00 0.00
6.15 6.19 6.23 6.26 6.30 6.34 6.39 6.46 6.57 6.62 6.69 6.76 6.82 6.89 6.96 6.99 7.03 7.07 7.10 7.14 7.19 7.27 7.47 7.54 7.58 7.61 7.60 7.55 7.56 7.65 7.87 8.01 8.17 8.34 8.48 9.98 9.97 10.07 9.91 5.23 3.82 2.74 1.27 0.00 0.00 0.00 0.00 0.10 0.10 0.00 0.00 0.00 0.00 0.00 0.00 0.00 0.00 0.00 0.00 0.00 0.00 0.00 0.00 0.00 0.00 0.00 0.00 0.00 0.00 0.00 0.00 0.00 0.00 0.00 0.00 0.00 0.00 0.00 0.00 0.00 0.00 0.00 0.00
6.15 6.19 6.23 6.27 6.30 6.34 6.39 6.43 6.51 6.62 6.69 6.77 6.84 6.89 6.96 7.00 7.03 7.07 7.11 7.16 7.22 7.43 7.51 7.56 7.58 7.58 7.57 7.51 7.52 7.68 7.93 8.07 8.30 8.45 8.63 9.14 10.15 10.16 9.81 4.72 3.83 2.80 1.11 0.00 0.00 0.00 0.09 0.09 0.00 0.00 0.00 0.00 0.00 0.00 0.00 0.00 0.00 0.00 0.00 0.00 0.00 0.00 0.00 0.00 0.00 0.00 0.00 0.00 0.00 0.00 0.00 0.00 0.00 0.00 0.00 0.00 0.00 0.00 0.00 0.00 0.00 0.00 0.00
6.15 6.19 6.23 6.27 6.30 6.35 6.39 6.44 6.51 6.63 6.70 6.78 6.84 6.90 6.94 7.00 7.04 7.07 7.12 7.18 7.25 7.33 7.52 7.57 7.58 7.58 7.54 7.48 7.49 7.69 7.96 8.21 8.40 8.53 9.91 10.43 10.32 10.32 6.93 4.41 3.26 2.48 0.36 0.00 0.00 0.00 0.09 0.09 0.00 0.00 0.00 0.00 0.00 0.00 0.00 0.00 0.00 0.00 0.00 0.00 0.00 0.00 0.00 0.00 0.00 0.00 0.00 0.00 0.00 0.00 0.00 0.00 0.00 0.00 0.00 0.00 0.00 0.00 0.00 0.00 0.00 0.00 0.00
6.14 6.18 6.22 6.26 6.30 6.34 6.39 6.44 6.56 6.63 6.71 6.78 6.85 6.90 6.94 7.01 7.04 7.08 7.13 7.19 7.26 7.47 7.54 7.57 7.58 7.56 7.52 7.48 7.47 7.71 7.99 8.28 8.49 8.58 9.27 10.60 10.51 10.51 6.16 4.01 2.92 2.38 0.18 0.00 0.00 0.00 0.08 0.00 0.00 0.00 0.00 0.00 0.00 0.00 0.00 0.00 0.00 0.00 0.00 0.00 0.00 0.00 0.00 0.00 0.00 0.00 0.00 0.00 0.00 0.00 0.00 0.00 0.00 0.00 0.00 0.00 0.00 0.00 0.00 0.00 0.00 0.00 0.00
6.11 6.17 6.22 6.26 6.30 6.34 6.39 6.44 6.56 6.63 6.71 6.79 6.85 6.90 6.95 7.01 7.05 7.09 7.14 7.20 7.28 7.44 7.54 7.57 7.56 7.53 7.49 7.45 7.45 7.75 8.02 8.29 8.57 9.84 10.59 10.71 10.63 9.68 5.70 3.78 3.26 2.45 0.13 0.00 0.00 0.00 0.08 0.00 0.00 0.00 0.00 0.00 0.00 0.00 0.00 0.00 0.00 0.00 0.00 0.00 0.00 0.00 0.00 0.00 0.00 0.00 0.00 0.00 0.00 0.00 0.00 0.00 0.00 0.00 0.00 0.00 0.00 0.00 0.00 0.00 0.00 0.00 0.00
6.11 6.17 6.21 6.25 6.30 6.34 6.39 6.44 6.57 6.64 6.72 6.79 6.85 6.90 6.95 7.01 7.06 7.10 7.15 7.22 7.30 7.47 7.55 7.56 7.54 7.49 7.46 7.42 7.43 7.65 8.06 8.30 9.15 10.40 10.61 10.76 10.77 8.67 4.97 3.63 2.96 2.22 0.13 0.00 0.00 0.00 0.07 0.00 0.00 0.00 0.00 0.00 0.00 0.00 0.00 0.00 0.00 0.00 0.00 0.00 0.00 0.00 0.00 0.00 0.00 0.00 0.00 0.00 0.00 0.00 0.00 0.00 0.00 0.00 0.00 0.00 0.00 0.00 0.00 0.00 0.00 0.00 0.00
6.10 6.16 6.20 6.25 6.29 6.33 6.38 6.43 6.57 6.64 6.72 6.79 6.86 6.91 6.96 7.03 7.07 7.11 7.16 7.23 7.31 7.40 7.55 7.56 7.53 7.47 7.42 7.39 7.42 7.69 8.09 8.58 10.14 10.44 10.66 10.81 10.82 8.32 4.59 3.44 2.72 1.51 0.03 0.00 0.00 0.00 0.05 0.00 0.00 0.00 0.00 0.00 0.00 0.00 0.00 0.00 0.00 0.00 0.00 0.00 0.00 0.00 0.00 0.00 0.00 0.00 0.00 0.00 0.00 0.00 0.00 0.00 0.00 0.00 0.00 0.00 0.00 0.00 0.00 0.00 0.00 0.00 0.00
6.09 6.15 6.20 6.23 6.27 6.32 6.37 6.42 6.57 6.65 6.73 6.80 6.87 6.93 6.97 7.02 7.08 7.13 7.18 7.25 7.34 7.49 7.55 7.56 7.53 7.46 7.40 7.35 7.41 7.72 8.18 9.70 10.31 10.49 10.66 10.80 10.82 6.68 4.34 3.49 2.95 1.05 0.01 0.00 0.00 0.00 0.03 0.00 0.00 0.00 0.00 0.00 0.00 0.00 0.00 0.00 0.00 0.00 0.00 0.00 0.00 0.00 0.00 0.00 0.00 0.00 0.00 0.00 0.00 0.00 0.00 0.00 0.00 0.00 0.00 0.00 0.00 0.00 0.00 0.00 0.00 0.00 0.00
6.06 6.13 6.17 6.21 6.26 6.31 6.36 6.42 6.58 6.65 6.73 6.81 6.88 6.94 6.99 7.03 7.10 7.15 7.21 7.29 7.37 7.51 7.56 7.57 7.53 7.47 7.41 7.31 7.39 7.71 8.87 10.26 10.36 10.54 10.67 10.72 9.60 5.49 4.33 3.80 3.25 0.73 0.01 0.00 0.00 0.00 0.03 0.00 0.00 0.00 0.00 0.00 0.00 0.00 0.00 0.00 0.00 0.00 0.00 0.00 0.00 0.00 0.00 0.00 0.00 0.00 0.00 0.00 0.00 0.00 0.00 0.00 0.00 0.00 0.00 0.00 0.00 0.00 0.00 0.00 0.00 0.00 0.00
6.04 6.08 6.15 6.19 6.24 6.30 6.36 6.48 6.59 6.67 6.75 6.83 6.90 6.96 7.01 7.05 7.12 7.18 7.25 7.33 7.49 7.53 7.56 7.58 7.55 7.49 7.44 7.30 7.39 7.84 10.19 10.30 10.44 10.63 10.63 10.64 8.23 5.13 4.46 4.11 3.19 0.35 0.00 0.00 0.00 0.00 0.02 0.00 0.00 0.00 0.00 0.00 0.00 0.00 0.00 0.00 0.00 0.00 0.00 0.00 0.00 0.00 0.00 0.00 0.00 0.00 0.00 0.00 0.00 0.00 0.00 0.00 0.00 0.00 0.00 0.00 0.00 0.00 0.00 0.00 0.00 0.00 0.00
6.02 6.06 6.13 6.17 6.23 6.28 6.35 6.48 6.60 6.69 6.78 6.86 6.93 6.99 7.03 7.08 7.15 7.22 7.29 7.38 7.55 7.58 7.61 7.61 7.57 7.56 7.49 7.30 7.47 8.64 10.19 10.30 10.45 10.58 10.60 10.33 6.94 4.82 5.03 4.37 2.96 0.21 0.00 0.00 0.00 0.00 0.00 0.00 0.00 0.00 0.00 0.00 0.00 0.00 0.00 0.00 0.00 0.00 0.00 0.00 0.00 0.00 0.00 0.00 0.00 0.00 0.00 0.00 0.00 0.00 0.00 0.00 0.00 0.00 0.00 0.00 0.00 0.00 0.00 0.00 0.00 0.00 0.00
6.00 6.04 6.11 6.15 6.21 6.27 6.33 6.48 6.57 6.72 6.81 6.90 6.96 7.02 7.07 7.12 7.20 7.27 7.35 7.44 7.52 7.61 7.63 7.61 7.59 7.60 7.51 7.34 7.78 9.90 10.23 10.32 10.43 10.51 10.56 9.28 6.49 4.39 5.08 4.20 2.47 0.10 0.00 0.00 0.00 0.01 0.01 0.00 0.00 0.00 0.00 0.00 0.00 0.00 0.00 0.00 0.00 0.00 0.00 0.00 0.00 0.00 0.00 0.00 0.00 0.00 0.00 0.00 0.00 0.00 0.00 0.00 0.00 0.00 0.00 0.00 0.00 0.00 0.00 0.00 0.00 0.00 0.00
5.98 6.02 6.09 6.14 6.20 6.26 6.41 6.51 6.61 6.77 6.87 6.95 7.01 7.05 7.08 7.13 7.18 7.29 7.37 7.45 7.58 7.61 7.64 7.61 7.59 7.62 7.50 7.43 8.83 10.19 10.25 10.35 10.40 10.48 10.54 8.95 6.07 4.54 5.11 3.91 2.34 0.09 0.00 0.00 0.00 0.01 0.00 0.00 0.00 0.00 0.00 0.00 0.00 0.00 0.00 0.00 0.00 0.00 0.00 0.00 0.00 0.00 0.00 0.00 0.00 0.00 0.00 0.00 0.00 0.00 0.00 0.00 0.00 0.00 0.00 0.00 0.00 0.00 0.00 0.00 0.00 0.00 0.00
5.96 6.00 6.07 6.13 6.19 6.26 6.35 6.54 6.64 6.81 6.90 6.97 7.02 7.05 7.08 7.13 7.18 7.29 7.37 7.53 7.58 7.62 7.64 7.60 7.60 7.63 7.53 7.82 9.89 10.17 10.26 10.38 10.42 10.52 10.53 7.49 5.67 4.10 4.95 3.44 2.02 0.05 0.00 0.00 0.00 0.01 0.00 0.00 0.00 0.00 0.00 0.00 0.00 0.00 0.00 0.00 0.00 0.00 0.00 0.00 0.00 0.00 0.00 0.00 0.00 0.00 0.00 0.00 0.00 0.00 0.00 0.00 0.00 0.00 0.00 0.00 0.00 0.00 0.00 0.00 0.00 0.00 0.00
5.93 5.97 6.03 6.12 6.20 6.28 6.47 6.57 6.68 6.83 6.91 6.97 7.01 7.04 7.07 7.12 7.17 7.28 7.36 7.44 7.57 7.61 7.63 7.62 7.60 7.61 7.63 8.86 10.00 10.11 10.25 10.40 10.47 10.54 9.13 6.27 4.94 4.37 4.78 3.27 1.77 0.04 0.00 0.00 0.01 0.01 0.00 0.00 0.00 0.00 0.00 0.00 0.00 0.00 0.00 0.00 0.00 0.00 0.00 0.00 0.00 0.00 0.00 0.00 0.00 0.00 0.00 0.00 0.00 0.00 0.00 0.00 0.00 0.00 0.00 0.00 0.00 0.00 0.00 0.00 0.00 0.00 0.00
5.92 5.97 6.03 6.14 6.21 6.31 6.51 6.60 6.70 6.84 6.92 6.97 7.00 7.03 7.06 7.10 7.16 7.27 7.35 7.43 7.57 7.61 7.64 7.64 7.65 7.68 8.39 9.78 9.90 10.12 10.22 10.37 10.56 10.57 9.00 5.85 4.52 4.48 4.45 3.09 1.42 0.02 0.00 0.00 0.01 0.01 0.00 0.00 0.00 0.00 0.00 0.00 0.00 0.00 0.00 0.00 0.00 0.00 0.00 0.00 0.00 0.00 0.00 0.00 0.00 0.00 0.00 0.00 0.00 0.00 0.00 0.00 0.00 0.00 0.00 0.00 0.00 0.00 0.00 0.00 0.00 0.00 0.00
5.91 5.97 6.03 6.15 6.24 6.33 6.42 6.61 6.71 6.80 6.90 6.95 6.98 7.01 7.04 7.09 7.15 7.26 7.34 7.50 7.57 7.62 7.65 7.68 7.71 7.91 9.25 9.76 9.96 10.16 10.25 10.41 10.58 10.53 7.87 5.58 4.36 4.61 4.11 2.85 1.00 0.02 0.00 0.00 0.01 0.01 0.00 0.00 0.00 0.00 0.00 0.00 0.00 0.00 0.00 0.00 0.00 0.00 0.00 0.00 0.00 0.00 0.00 0.00 0.00 0.00 0.00 0.00 0.00 0.00 0.00 0.00 0.00 0.00 0.00 0.00 0.00 0.00 0.00 0.00 0.00 0.00 0.00
5.91 5.97 6.04 6.16 6.24 6.33 6.52 6.61 6.70 6.79 6.88 6.92 6.95 6.99 7.03 7.06 7.13 7.20 7.32 7.48 7.56 7.62 7.67 7.71 7.82 8.39 9.60 9.77 10.09 10.22 10.30 10.43 10.55 10.51 7.29 5.51 4.51 4.66 4.23 2.57 0.50 0.00 0.00 0.00 0.01 0.01 0.00 0.00 0.00 0.00 0.00 0.00 0.00 0.00 0.00 0.00 0.00 0.00 0.00 0.00 0.00 0.00 0.00 0.00 0.00 0.00 0.00 0.00 0.00 0.00 0.00 0.00 0.00 0.00 0.00 0.00 0.00 0.00 0.00 0.00 0.00 0.00 0.00
5.91 5.98 6.05 6.13 6.24 6.33 6.51 6.60 6.69 6.77 6.86 6.90 6.93 6.97 7.00 7.05 7.12 7.17 7.28 7.47 7.56 7.63 7.68 7.73 8.04 9.06 9.66 9.88 10.18 10.26 10.34 10.44 10.54 9.90 6.40 5.34 4.61 4.98 3.93 2.73 0.67 0.01 0.00 0.00 0.01 0.00 0.00 0.00 0.00 0.00 0.00 0.00 0.00 0.00 0.00 0.00 0.00 0.00 0.00 0.00 0.00 0.00 0.00 0.00 0.00 0.00 0.00 0.00 0.00 0.00 0.00 0.00 0.00 0.00 0.00 0.00 0.00 0.00 0.00 0.00 0.00 0.00 0.00
5.91 5.98 6.05 6.13 6.24 6.32 6.50 6.58 6.67 6.75 6.84 6.88 6.92 6.95 6.99 7.04 7.09 7.15 7.37 7.47 7.57 7.63 7.69 7.77 8.06 9.53 9.71 10.01 10.17 10.29 10.37 10.46 10.55 8.84 5.94 5.00 5.04 4.88 3.62 2.71 0.48 0.01 0.00 0.00 0.01 0.00 0.00 0.00 0.00 0.00 0.00 0.00 0.00 0.00 0.00 0.00 0.00 0.00 0.00 0.00 0.00 0.00 0.00 0.00 0.00 0.00 0.00 0.00 0.00 0.00 0.00 0.00 0.00 0.00 0.00 0.00 0.00 0.00 0.00 0.00 0.00 0.00 0.00
5.91 5.98 6.05 6.12 6.23 6.31 6.48 6.57 6.65 6.73 6.80 6.86 6.90 6.94 6.98 7.03 7.08 7.15 7.27 7.48 7.58 7.66 7.75 8.01 9.08 9.71 9.96 10.14 10.28 10.32 10.42 10.57 9.98 6.81 5.72 4.83 5.18 4.50 3.68 2.58 0.19 0.00 0.00 0.00 0.01 0.00 0.00 0.00 0.00 0.00 0.00 0.00 0.00 0.00 0.00 0.00 0.00 0.00 0.00 0.00 0.00 0.00 0.00 0.00 0.00 0.00 0.00 0.00 0.00 0.00 0.00 0.00 0.00 0.00 0.00 0.00 0.00 0.00 0.00 0.00 0.00 0.00 0.00
5.91 5.97 6.04 6.11 6.22 6.30 6.47 6.55 6.63 6.71 6.77 6.84 6.88 6.93 6.97 7.02 7.08 7.15 7.37 7.48 7.59 7.67 7.77 8.20 9.50 9.92 10.14 10.33 10.53 10.41 10.74 10.64 8.56 6.33 5.69 4.82 4.93 4.17 3.76 2.45 0.10 0.00 0.00 0.00 0.01 0.00 0.00 0.00 0.00 0.00 0.00 0.00 0.00 0.00 0.00 0.00 0.00 0.00 0.00 0.00 0.00 0.00 0.00 0.00 0.00 0.00 0.00 0.00 0.00 0.00 0.00 0.00 0.00 0.00 0.00 0.00 0.00 0.00 0.00 0.00 0.00 0.00 0.00
5.90 5.96 6.02 6.10 6.21 6.29 6.46 6.54 6.61 6.67 6.74 6.81 6.85 6.90 6.95 7.01 7.07 7.14 7.22 7.49 7.59 7.68 7.81 8.46 9.82 10.25 10.58 10.71 10.80 10.86 10.92 10.95 8.17 6.01 5.55 4.96 4.08 3.74 3.51 2.96 0.05 0.00 0.00 0.00 0.01 0.00 0.00 0.00 0.00 0.00 0.00 0.00 0.00 0.00 0.00 0.00 0.00 0.00 0.00 0.00 0.00 0.00 0.00 0.00 0.00 0.00 0.00 0.00 0.00 0.00 0.00 0.00 0.00 0.00 0.00 0.00 0.00 0.00 0.00 0.00 0.00 0.00 0.00
5.89 5.94 6.01 6.07 6.15 6.35 6.43 6.50 6.57 6.64 6.71 6.79 6.83 6.88 6.94 7.00 7.06 7.14 7.39 7.50 7.60 7.70 7.89 8.81 10.36 10.62 10.79 10.80 10.84 10.87 10.92 11.00 7.15 6.08 5.33 4.77 3.63 3.59 3.60 2.83 0.01 0.00 0.00 0.00 0.01 0.00 0.00 0.00 0.00 0.00 0.00 0.00 0.00 0.00 0.00 0.00 0.00 0.00 0.00 0.00 0.00 0.00 0.00 0.00 0.00 0.00 0.00 0.00 0.00 0.00 0.00 0.00 0.00 0.00 0.00 0.00 0.00 0.00 0.00 0.00 0.00 0.00 0.00
5.86 5.92 5.98 6.06 6.25 6.33 6.40 6.48 6.55 6.62 6.69 6.76 6.81 6.86 6.92 6.98 7.06 7.14 7.42 7.53 7.64 7.76 8.03 9.57 10.94 10.83 10.78 10.77 10.78 10.80 10.85 10.97 7.95 6.02 5.52 4.72 3.53 4.03 3.63 2.58 0.02 0.00 0.00 0.00 0.00 0.00 0.00 0.00 0.00 0.00 0.00 0.00 0.00 0.00 0.00 0.00 0.00 0.00 0.00 0.00 0.00 0.00 0.00 0.00 0.00 0.00 0.00 0.00 0.00 0.00 0.00 0.00 0.00 0.00 0.00 0.00 0.00 0.00 0.00 0.00 0.00 0.00 0.00
5.84 5.90 5.97 6.04 6.12 6.30 6.37 6.45 6.53 6.60 6.66 6.72 6.79 6.84 6.90 6.97 7.06 7.15 7.46 7.58 7.70 7.85 8.38 10.63 11.07 10.77 10.68 10.63 10.66 10.72 10.77 10.90 7.65 5.81 5.39 4.64 3.83 4.23 3.57 2.52 0.01 0.00 0.00 0.00 0.00 0.00 0.00 0.00 0.00 0.00 0.00 0.00 0.00 0.00 0.00 0.00 0.00 0.00 0.00 0.00 0.00 0.00 0.00 0.00 0.00 0.00 0.00 0.00 0.00 0.00 0.00 0.00 0.00 0.00 0.00 0.00 0.00 0.00 0.00 0.00 0.00 0.00 0.00
5.82 5.88 5.95 6.02 6.21 6.27 6.33 6.42 6.51 6.58 6.64 6.70 6.77 6.82 6.88 6.97 7.07 7.29 7.45 7.65 7.82 8.07 9.52 10.95 10.76 10.52 10.58 10.62 10.66 10.70 10.81 10.86 7.49 5.45 5.08 4.54 4.40 4.28 3.56 2.38 0.11 0.00 0.00 0.00 0.00 0.00 0.00 0.00 0.00 0.00 0.00 0.00 0.00 0.00 0.00 0.00 0.00 0.00 0.00 0.00 0.00 0.00 0.00 0.00 0.00 0.00 0.00 0.00 0.00 0.00 0.00 0.00 0.00 0.00 0.00 0.00 0.00 0.00 0.00 0.00 0.00 0.00 0.00
5.81 5.87 5.94 6.00 6.07 6.24 6.31 6.40 6.49 6.56 6.62 6.68 6.75 6.81 6.88 6.98 7.11 7.39 7.55 7.76 7.87 8.34 10.29 10.73 10.49 10.48 10.55 10.57 10.61 10.63 10.74 10.80 7.28 5.09 4.60 4.60 4.58 4.15 3.45 2.09 0.06 0.00 0.00 0.00 0.00 0.00 0.00 0.00 0.00 0.00 0.00 0.00 0.00 0.00 0.00 0.00 0.00 0.00 0.00 0.00 0.00 0.00 0.00 0.00 0.00 0.00 0.00 0.00 0.00 0.00 0.00 0.00 0.00 0.00 0.00 0.00 0.00 0.00 0.00 0.00 0.00 0.00 0.00
5.79 5.86 5.91 5.97 6.12 6.22 6.29 6.38 6.46 6.53 6.59 6.64 6.73 6.80 6.88 7.00 7.14 7.29 7.61 7.77 7.93 8.89 10.41 10.43 10.39 10.41 10.44 10.50 10.54 10.57 10.67 10.70 7.12 4.81 4.52 4.40 4.61 3.90 3.14 1.48 0.02 0.00 0.00 0.00 0.00 0.00 0.00 0.00 0.00 0.00 0.00 0.00 0.00 0.00 0.00 0.00 0.00 0.00 0.00 0.00 0.00 0.00 0.00 0.00 0.00 0.00 0.00 0.00 0.00 0.00 0.00 0.00 0.00 0.00 0.00 0.00 0.00 0.00 0.00 0.00 0.00 0.00 0.00
5.78 5.82 5.87 5.93 6.09 6.21 6.28 6.36 6.43 6.50 6.56 6.62 6.72 6.80 6.90 7.02 7.17 7.35 7.64 7.79 8.18 9.44 10.16 10.19 10.32 10.32 10.35 10.45 10.48 10.52 10.57 10.42 6.68 4.82 4.77 4.36 4.61 3.81 2.76 0.61 0.01 0.00 0.00 0.00 0.00 0.00 0.00 0.00 0.00 0.00 0.00 0.00 0.00 0.00 0.00 0.00 0.00 0.00 0.00 0.00 0.00 0.00 0.00 0.00 0.00 0.00 0.00 0.00 0.00 0.00 0.00 0.00 0.00 0.00 0.00 0.00 0.00 0.00 0.00 0.00 0.00 0.00 0.00
5.74 5.79 5.84 5.98 6.07 6.19 6.26 6.34 6.41 6.47 6.53 6.60 6.68 6.81 6.92 7.05 7.21 7.53 7.64 7.89 8.60 9.58 9.84 10.08 10.22 10.24 10.29 10.39 10.43 10.46 10.51 8.38 5.60 4.89 4.79 4.14 3.98 3.45 2.58 0.27 0.00 0.00 0.00 0.00 0.00 0.00 0.00 0.00 0.00 0.00 0.00 0.00 0.00 0.00 0.00 0.00 0.00 0.00 0.00 0.00 0.00 0.00 0.00 0.00 0.00 0.00 0.00 0.00 0.00 0.00 0.00 0.00 0.00 0.00 0.00 0.00 0.00 0.00 0.00 0.00 0.00 0.00 0.00
5.71 5.76 5.81 5.96 6.05 6.17 6.25 6.32 6.39 6.45 6.51 6.59 6.68 6.83 6.95 7.08 7.41 7.54 7.63 7.83 8.97 9.41 9.60 9.97 10.11 10.13 10.19 10.28 10.34 10.39 10.39 7.31 5.16 4.71 4.71 4.02 3.39 3.12 2.21 0.07 0.00 0.00 0.00 0.00 0.00 0.00 0.00 0.00 0.00 0.00 0.00 0.00 0.00 0.00 0.00 0.00 0.00 0.00 0.00 0.00 0.00 0.00 0.00 0.00 0.00 0.00 0.00 0.00 0.00 0.00 0.00 0.00 0.00 0.00 0.00 0.00 0.00 0.00 0.00 0.00 0.00 0.00 0.00
