tsunami_inundation/2340.asc
ncols        89
nrows        96
xllcorner    425855.973699999973
yllcorner    5091051.504999999888
cellsize     55.000000000000
NODATA_value  -9999.00
[rows 0 to 36 of 96, columns 0 to 82 of 89]
-9999.00 4.94 4.98 5.05 5.09 5.12 5.17 5.21 5.26 5.30 5.35 5.39 5.44 5.49 5.58 5.65 5.71 5.84 5.90 5.96 6.02 6.10 6.15 6.19 6.23 6.27 6.31 6.34 6.40 6.45 6.53 6.54 6.74 8.77 9.46 9.76 9.83 9.94 10.00 10.07 10.02 4.34 2.37 0.04 0.00 0.00 0.00 0.00 0.00 0.00 0.00 0.19 0.19 0.19 0.19 0.19 0.19 0.20 0.20 0.00 0.00 0.00 0.00 0.00 0.00 0.00 0.00 0.00 0.00 0.00 0.00 0.00 0.00 0.00 0.00 0.00 0.00 0.00 0.00 0.00 0.00 0.00 0.00
-9999.00 4.95 4.99 5.06 5.10 5.13 5.19 5.22 5.27 5.32 5.36 5.40 5.44 5.49 5.59 5.65 5.78 5.85 5.90 5.96 6.02 6.11 6.15 6.19 6.23 6.26 6.30 6.34 6.43 6.48 6.50 6.50 6.60 8.29 9.43 9.71 9.77 9.88 9.95 10.00 9.98 4.65 1.11 0.04 0.00 0.00 0.00 0.00 0.00 0.00 0.18 0.19 0.19 0.19 0.19 0.19 0.19 0.19 0.19 0.00 0.00 0.00 0.00 0.00 0.00 0.00 0.00 0.00 0.00 0.00 0.00 0.00 0.00 0.00 0.00 0.00 0.00 0.00 0.00 0.00 0.00 0.00 0.00
-9999.00 4.96 5.03 5.07 5.10 5.14 5.17 5.23 5.28 5.32 5.37 5.41 5.46 5.51 5.60 5.73 5.79 5.85 5.91 5.97 6.02 6.11 6.16 6.19 6.23 6.26 6.30 6.33 6.36 6.45 6.47 6.45 6.45 7.42 9.37 9.48 9.71 9.81 9.88 9.94 9.93 3.07 1.30 0.10 0.00 0.00 0.00 0.00 0.00 0.18 0.18 0.18 0.18 0.18 0.18 0.19 0.19 0.19 0.00 0.00 0.00 0.00 0.00 0.00 0.00 0.00 0.00 0.00 0.00 0.00 0.00 0.00 0.00 0.00 0.00 0.00 0.00 0.00 0.00 0.00 0.00 0.00 0.00
-9999.00 4.97 5.04 5.08 5.11 5.14 5.18 5.24 5.28 5.33 5.38 5.42 5.47 5.52 5.61 5.67 5.80 5.86 5.92 5.97 6.03 6.11 6.16 6.20 6.23 6.26 6.29 6.32 6.40 6.42 6.42 6.39 6.39 6.94 9.21 9.42 9.68 9.74 9.82 9.87 9.90 7.32 2.11 0.38 0.01 0.00 0.00 0.00 0.07 0.17 0.17 0.17 0.18 0.18 0.18 0.18 0.18 0.19 0.07 0.00 0.00 0.00 0.00 0.00 0.00 0.00 0.00 0.00 0.00 0.00 0.00 0.00 0.00 0.00 0.00 0.00 0.00 0.00 0.00 0.00 0.00 0.00 0.00
-9999.00 4.97 5.05 5.09 5.12 5.15 5.19 5.25 5.29 5.34 5.39 5.43 5.48 5.54 5.60 5.76 5.82 5.88 5.94 5.99 6.05 6.12 6.16 6.20 6.23 6.26 6.28 6.31 6.34 6.40 6.38 6.35 6.34 6.62 8.74 9.38 9.61 9.66 9.75 9.80 9.85 8.83 2.50 0.95 0.02 0.00 0.00 0.00 0.16 0.16 0.17 0.17 0.17 0.17 0.17 0.18 0.18 0.18 0.18 0.00 0.00 0.00 0.00 0.00 0.00 0.00 0.00 0.00 0.00 0.00 0.00 0.00 0.00 0.00 0.00 0.00 0.00 0.00 0.00 0.00 0.00 0.00 0.00
-9999.00 4.98 5.06 5.09 5.13 5.16 5.20 5.26 5.30 5.35 5.40 5.44 5.49 5.55 5.61 5.77 5.83 5.89 5.95 6.00 6.06 6.11 6.17 6.20 6.24 6.26 6.28 6.31 6.38 6.38 6.36 6.32 6.31 6.48 7.85 9.32 9.50 9.58 9.67 9.71 9.75 8.72 2.82 1.41 0.07 0.00 0.00 0.00 0.16 0.16 0.16 0.16 0.16 0.16 0.17 0.17 0.17 0.17 0.17 0.17 0.17 0.06 0.00 0.00 0.00 0.00 0.00 0.00 0.00 0.00 0.00 0.00 0.00 0.00 0.00 0.00 0.00 0.00 0.00 0.00 0.00 0.00 0.00
-9999.00 5.03 5.07 5.11 5.14 5.18 5.21 5.25 5.31 5.36 5.40 5.45 5.50 5.56 5.62 5.78 5.85 5.91 5.96 6.01 6.07 6.11 6.18 6.21 6.24 6.26 6.28 6.30 6.36 6.37 6.34 6.30 6.29 6.42 7.04 9.13 9.38 9.50 9.55 9.59 9.60 4.75 3.11 1.87 0.37 0.00 0.00 0.00 0.15 0.15 0.15 0.15 0.15 0.16 0.16 0.16 0.16 0.17 0.17 0.17 0.17 0.17 0.00 0.00 0.00 0.00 0.00 0.00 0.00 0.00 0.00 0.00 0.00 0.00 0.00 0.00 0.00 0.00 0.00 0.00 0.00 0.00 0.00
-9999.00 5.04 5.08 5.12 5.15 5.19 5.22 5.26 5.32 5.37 5.41 5.46 5.51 5.57 5.63 5.79 5.86 5.92 5.97 6.02 6.08 6.12 6.19 6.22 6.25 6.27 6.28 6.30 6.35 6.36 6.34 6.30 6.27 6.31 6.63 8.34 9.20 9.33 9.36 9.38 9.37 9.36 3.75 2.17 1.04 0.02 0.00 0.00 0.14 0.14 0.14 0.15 0.15 0.15 0.15 0.16 0.16 0.16 0.00 0.00 0.17 0.17 0.17 0.17 0.17 0.00 0.00 0.00 0.00 0.00 0.00 0.00 0.00 0.00 0.00 0.00 0.00 0.00 0.00 0.00 0.00 0.00 0.00
-9999.00 5.05 5.09 5.13 5.16 5.20 5.23 5.27 5.33 5.38 5.42 5.47 5.52 5.58 5.64 5.81 5.87 5.93 5.99 6.04 6.09 6.13 6.19 6.23 6.26 6.28 6.29 6.33 6.35 6.36 6.35 6.31 6.26 6.27 6.38 6.84 7.61 8.93 9.00 9.01 9.19 6.71 4.36 3.01 1.67 0.07 0.00 0.00 0.13 0.13 0.14 0.14 0.14 0.15 0.15 0.15 0.16 0.16 0.00 0.00 0.00 0.17 0.17 0.17 0.17 0.16 0.00 0.00 0.00 0.00 0.00 0.00 0.00 0.00 0.00 0.00 0.00 0.00 0.00 0.00 0.00 0.00 0.00
-9999.00 5.03 5.10 5.14 5.17 5.21 5.24 5.28 5.35 5.39 5.43 5.48 5.53 5.59 5.65 5.82 5.89 5.95 6.00 6.05 6.10 6.15 6.19 6.24 6.26 6.28 6.30 6.31 6.35 6.37 6.36 6.31 6.25 6.23 6.30 6.41 6.66 8.77 8.77 8.80 8.76 7.48 4.81 3.41 2.05 0.17 0.00 0.12 0.12 0.13 0.13 0.14 0.14 0.14 0.14 0.15 0.15 0.00 0.00 0.00 0.00 0.00 0.00 0.00 0.13 0.16 0.00 0.00 0.00 0.00 0.00 0.00 0.00 0.00 0.00 0.00 0.00 0.00 0.00 0.00 0.00 0.00 0.00
-9999.00 5.03 5.11 5.15 5.19 5.22 5.26 5.30 5.36 5.40 5.44 5.49 5.55 5.60 5.67 5.84 5.91 5.97 6.02 6.06 6.11 6.16 6.19 6.25 6.27 6.29 6.31 6.32 6.36 6.37 6.36 6.31 6.24 6.20 6.24 6.34 6.42 7.94 8.60 8.56 8.51 7.81 7.31 5.47 2.49 0.84 0.88 0.11 0.11 0.12 0.12 0.13 0.14 0.14 0.14 0.14 0.00 0.00 0.00 0.00 0.00 0.00 0.00 0.00 0.00 0.16 0.00 0.00 0.00 0.00 0.00 0.00 0.00 0.00 0.00 0.00 0.00 0.00 0.00 0.00 0.00 0.00 0.00
-9999.00 5.04 5.13 5.16 5.21 5.25 5.28 5.32 5.36 5.42 5.46 5.51 5.56 5.62 5.75 5.86 5.93 5.98 6.03 6.08 6.12 6.16 6.20 6.26 6.28 6.31 6.32 6.35 6.37 6.38 6.36 6.30 6.23 6.19 6.19 6.26 6.32 6.38 8.17 8.33 8.24 7.54 7.10 6.40 4.79 3.27 1.75 1.29 0.10 0.10 0.11 0.12 0.13 0.14 0.14 0.14 0.00 0.00 0.00 0.00 0.00 0.00 0.00 0.00 0.00 0.16 0.00 0.00 0.00 0.00 0.00 0.00 0.00 0.00 0.00 0.00 0.00 0.00 0.00 0.00 0.00 0.00 0.00
5.07 5.12 5.15 5.19 5.23 5.26 5.30 5.33 5.37 5.43 5.47 5.52 5.57 5.70 5.76 5.87 5.94 6.00 6.05 6.09 6.13 6.18 6.22 6.27 6.30 6.32 6.34 6.37 6.38 6.39 6.36 6.30 6.22 6.17 6.16 6.15 6.15 6.15 6.40 7.41 7.70 7.22 6.73 6.08 4.55 2.47 2.88 2.43 0.12 0.10 0.11 0.12 0.12 0.13 0.13 0.08 0.00 0.00 0.00 0.00 0.00 0.00 0.00 0.00 0.00 0.15 0.00 0.00 0.00 0.00 0.00 0.00 0.00 0.00 0.00 0.00 0.00 0.00 0.00 0.00 0.00 0.00 0.00
5.09 5.14 5.17 5.21 5.25 5.28 5.32 5.35 5.39 5.45 5.49 5.54 5.59 5.65 5.78 5.85 5.96 6.01 6.06 6.10 6.15 6.19 6.23 6.28 6.31 6.34 6.36 6.39 6.41 6.42 6.37 6.30 6.22 6.16 6.13 6.09 6.03 6.00 6.15 6.96 7.12 6.98 6.47 5.70 4.42 2.90 3.08 2.51 0.33 0.10 0.11 0.12 0.12 0.13 0.13 0.00 0.00 0.00 0.00 0.00 0.00 0.00 0.00 0.00 0.00 0.14 0.00 0.00 0.00 0.00 0.00 0.00 0.00 0.00 0.00 0.00 0.00 0.00 0.00 0.00 0.00 0.00 0.00
5.11 5.16 5.19 5.23 5.27 5.30 5.34 5.37 5.41 5.47 5.51 5.55 5.60 5.73 5.79 5.87 5.97 6.03 6.08 6.12 6.16 6.21 6.25 6.29 6.34 6.36 6.39 6.42 6.44 6.45 6.40 6.31 6.23 6.16 6.11 6.03 5.91 5.85 5.94 6.35 6.44 6.48 5.78 4.87 3.14 3.02 2.70 2.40 1.76 0.14 0.11 0.12 0.13 0.13 0.13 0.00 0.00 0.00 0.00 0.00 0.00 0.00 0.00 0.00 0.00 0.04 0.00 0.00 0.00 0.00 0.00 0.00 0.00 0.00 0.00 0.00 0.00 0.00 0.00 0.00 0.00 0.00 0.00
5.14 5.17 5.22 5.25 5.29 5.33 5.36 5.40 5.43 5.49 5.53 5.57 5.62 5.74 5.81 5.89 5.99 6.05 6.10 6.15 6.19 6.23 6.27 6.31 6.36 6.39 6.41 6.45 6.48 6.49 6.46 6.34 6.23 6.15 6.08 5.97 5.80 5.70 5.75 5.90 6.02 5.81 5.09 3.82 2.29 3.39 2.68 2.84 2.58 0.62 0.10 0.12 0.12 0.13 0.04 0.00 0.00 0.00 0.00 0.00 0.00 0.00 0.00 0.00 0.00 0.00 0.00 0.00 0.00 0.00 0.00 0.00 0.00 0.00 0.00 0.00 0.00 0.00 0.00 0.00 0.00 0.00 0.00
5.16 5.19 5.24 5.28 5.32 5.35 5.38 5.42 5.46 5.51 5.57 5.61 5.66 5.78 5.84 5.91 6.01 6.07 6.12 6.17 6.22 6.26 6.30 6.33 6.38 6.41 6.43 6.49 6.52 6.53 6.50 6.35 6.23 6.13 6.04 5.90 5.70 5.55 5.56 5.61 5.72 5.47 4.81 3.50 2.77 4.68 4.50 3.94 3.33 1.71 0.11 0.12 0.13 0.13 0.00 0.00 0.00 0.00 0.00 0.00 0.00 0.00 0.00 0.00 0.00 0.00 0.00 0.00 0.00 0.00 0.00 0.00 0.00 0.00 0.00 0.00 0.00 0.00 0.00 0.00 0.00 0.00 0.00
5.19 5.22 5.29 5.32 5.36 5.39 5.42 5.46 5.50 5.53 5.59 5.63 5.68 5.74 5.87 5.93 6.03 6.09 6.15 6.20 6.24 6.28 6.32 6.36 6.40 6.43 6.49 6.52 6.55 6.56 6.53 6.36 6.22 6.10 5.99 5.83 5.61 5.43 5.41 5.37 5.23 5.27 5.00 5.07 6.43 5.72 4.99 3.85 3.35 1.28 0.13 0.13 0.14 0.14 0.00 0.00 0.00 0.00 0.00 0.00 0.00 0.00 0.00 0.00 0.00 0.00 0.00 0.00 0.00 0.00 0.00 0.00 0.00 0.00 0.00 0.00 0.00 0.00 0.00 0.00 0.00 0.00 0.00
5.29 5.28 5.33 5.36 5.39 5.42 5.45 5.49 5.52 5.56 5.62 5.66 5.71 5.83 5.89 5.96 6.02 6.11 6.17 6.22 6.26 6.31 6.35 6.38 6.43 6.46 6.49 6.55 6.58 6.58 6.54 6.36 6.20 6.07 5.95 5.75 5.50 5.30 5.20 5.22 5.19 5.21 5.68 7.01 6.94 6.55 4.71 2.97 1.73 0.75 0.14 0.14 0.14 0.14 0.00 0.00 0.00 0.00 0.00 0.00 0.00 0.00 0.00 0.00 0.00 0.00 0.00 0.00 0.00 0.00 0.00 0.00 0.00 0.00 0.00 0.00 0.00 0.00 0.00 0.00 0.00 0.00 0.00
5.34 5.37 5.40 5.44 5.47 5.50 5.49 5.52 5.56 5.59 5.65 5.69 5.74 5.86 5.92 5.98 6.05 6.14 6.20 6.25 6.29 6.33 6.37 6.41 6.44 6.53 6.57 6.60 6.61 6.61 6.55 6.35 6.18 6.06 5.94 5.70 5.43 5.26 5.13 5.11 5.48 5.53 6.39 7.29 7.21 6.55 2.09 0.61 0.07 0.15 0.14 0.14 0.14 0.15 0.15 0.00 0.00 0.00 0.00 0.00 0.00 0.00 0.00 0.00 0.00 0.00 0.00 0.00 0.00 0.00 0.00 0.00 0.00 0.00 0.00 0.00 0.00 0.00 0.00 0.00 0.00 0.00 0.00
5.40 5.42 5.45 5.49 5.52 5.55 5.53 5.56 5.60 5.63 5.70 5.72 5.77 5.88 5.95 6.01 6.07 6.17 6.23 6.28 6.33 6.37 6.41 6.45 6.48 6.54 6.60 6.62 6.63 6.61 6.55 6.43 6.16 6.04 5.94 5.62 5.38 5.25 5.16 5.79 5.80 5.87 6.93 7.39 6.34 2.81 0.58 0.01 0.00 0.10 0.14 0.14 0.15 0.15 0.14 0.00 0.00 0.00 0.00 0.00 0.00 0.00 0.00 0.00 0.00 0.00 0.00 0.00 0.00 0.00 0.00 0.00 0.00 0.00 0.00 0.00 0.00 0.00 0.00 0.00 0.00 0.00 0.00
5.46 5.49 5.52 5.56 5.58 5.61 5.64 5.69 5.72 5.75 5.77 5.76 5.92 5.94 6.00 6.06 6.12 6.21 6.27 6.32 6.36 6.40 6.44 6.47 6.51 6.60 6.63 6.64 6.64 6.62 6.55 6.42 6.14 6.02 5.93 5.52 5.39 5.34 5.36 6.07 5.96 6.09 7.28 7.53 4.81 2.02 0.05 0.00 0.00 0.00 0.00 0.15 0.15 0.16 0.00 0.00 0.00 0.00 0.00 0.00 0.00 0.00 0.00 -0.00 0.00 0.00 0.00 0.00 0.00 0.00 0.00 0.00 0.00 0.00 0.00 0.00 0.00 0.00 0.00 0.00 0.00 0.00 0.00
5.57 5.60 5.62 5.66 5.68 5.71 5.73 5.76 5.78 5.80 5.83 5.88 5.92 6.02 6.03 6.09 6.19 6.25 6.30 6.34 6.39 6.42 6.46 6.50 6.53 6.63 6.65 6.66 6.66 6.63 6.56 6.42 6.15 6.00 5.86 5.47 5.44 5.53 5.70 6.19 6.02 6.22 7.43 7.51 2.50 1.26 0.00 0.00 0.00 0.00 0.00 0.16 0.16 0.16 0.00 0.00 0.00 0.00 0.00 0.00 0.00 0.00 0.00 0.00 0.00 0.00 0.00 0.00 0.00 0.00 0.00 0.00 0.00 0.00 0.00 0.00 0.00 0.00 0.00 0.00 0.00 0.00 0.00
5.64 5.67 5.70 5.73 5.76 5.78 5.81 5.83 5.85 5.87 5.89 5.94 6.02 6.07 6.12 6.18 6.24 6.29 6.37 6.37 6.44 6.45 6.49 6.52 6.56 6.65 6.67 6.68 6.67 6.63 6.56 6.42 6.15 6.00 5.78 5.47 5.50 5.77 6.04 6.30 6.04 6.59 7.46 5.01 1.89 0.25 0.00 0.00 0.00 0.00 0.00 0.00 0.16 0.16 0.00 0.00 0.00 0.00 0.00 0.00 0.00 0.00 -0.00 0.00 0.00 0.00 0.00 0.00 0.00 0.00 0.00 0.00 0.00 0.00 0.00 0.00 0.00 0.00 0.00 0.00 0.00 0.00 0.00
5.71 5.74 5.77 5.79 5.83 5.85 5.88 5.90 5.92 5.94 5.97 6.01 6.09 6.13 6.18 6.23 6.28 6.34 6.41 6.44 6.48 6.51 6.54 6.57 6.60 6.65 6.72 6.70 6.69 6.65 6.57 6.44 6.15 6.01 5.66 5.50 5.85 6.09 6.47 6.39 6.09 7.23 7.76 4.76 1.81 0.08 0.00 0.00 0.00 0.00 0.00 0.17 0.17 0.16 0.00 0.00 0.00 0.00 0.00 0.00 0.00 0.00 0.00 0.00 0.00 0.00 0.00 0.00 0.00 0.00 0.00 0.00 0.00 0.00 0.00 0.00 0.00 0.00 0.00 0.00 0.00 0.00 0.00
5.77 5.80 5.83 5.86 5.90 5.93 5.95 5.97 5.99 6.02 6.04 6.07 6.16 6.20 6.24 6.29 6.34 6.39 6.48 6.51 6.54 6.56 6.59 6.61 6.67 6.71 6.73 6.73 6.73 6.69 6.59 6.47 6.27 6.02 5.57 5.58 6.07 6.36 6.62 6.38 6.53 8.08 7.92 4.14 1.97 0.04 0.00 0.00 0.00 0.00 0.00 0.17 0.17 0.17 0.00 0.00 0.00 0.00 0.00 0.00 0.00 0.00 0.00 0.00 0.00 0.00 0.00 0.00 0.00 0.00 0.00 0.00 0.00 0.00 0.00 0.00 0.00 0.00 0.00 0.00 0.00 0.00 0.00
5.84 5.87 5.90 5.93 5.97 5.99 6.02 6.04 6.07 6.09 6.12 6.15 6.27 6.31 6.35 6.39 6.44 6.48 6.53 6.56 6.58 6.60 6.62 6.64 6.67 6.73 6.75 6.76 6.74 6.70 6.63 6.55 6.30 5.99 5.56 5.92 6.26 6.65 6.74 6.72 7.55 8.01 7.71 3.66 1.85 0.05 0.00 0.00 0.00 0.00 0.00 0.18 0.17 0.00 0.00 0.00 0.00 0.00 0.00 0.00 0.00 -0.00 0.00 0.00 0.00 0.00 0.00 0.00 0.00 0.00 0.00 0.00 0.00 0.00 0.00 0.00 0.00 0.00 0.00 0.00 0.00 0.00 0.00
5.91 5.94 5.97 6.00 6.04 6.10 6.13 6.15 6.17 6.20 6.23 6.32 6.35 6.39 6.42 6.47 6.51 6.55 6.58 6.62 6.64 6.65 6.67 6.68 6.73 6.76 6.78 6.78 6.76 6.72 6.65 6.58 6.45 5.93 5.58 6.20 6.72 6.93 6.95 7.92 7.76 7.89 6.81 2.78 1.03 0.01 0.00 0.00 0.00 0.00 0.17 0.17 0.00 0.00 0.00 0.00 0.00 0.00 0.00 0.00 -0.00 0.00 0.00 0.00 0.00 0.00 0.00 0.00 0.00 0.00 0.00 0.00 0.00 0.00 0.00 0.00 0.00 0.00 0.00 0.00 0.00 0.00 0.00
5.98 6.01 6.05 6.08 6.13 6.16 6.19 6.22 6.24 6.27 6.31 6.40 6.43 6.47 6.51 6.55 6.59 6.63 6.66 6.68 6.70 6.71 6.72 6.73 6.75 6.79 6.81 6.81 6.79 6.75 6.67 6.61 6.47 5.95 5.73 6.59 6.90 7.11 8.10 8.03 7.87 7.44 2.53 1.93 0.03 0.00 0.00 0.00 0.00 0.00 0.16 0.17 0.00 0.00 0.00 0.00 0.00 0.00 0.00 0.00 0.00 0.00 0.00 0.00 0.00 0.00 0.00 0.00 0.00 0.00 0.00 0.00 0.00 0.00 0.00 0.00 0.00 0.00 0.00 0.00 0.00 0.00 0.00
6.01 6.04 6.08 6.11 6.15 6.20 6.23 6.27 6.30 6.33 6.37 6.47 6.51 6.55 6.59 6.63 6.68 6.71 6.74 6.76 6.77 6.77 6.78 6.78 6.80 6.83 6.85 6.85 6.86 6.81 6.72 6.59 6.39 6.24 6.07 6.70 7.02 8.19 8.15 8.14 6.75 3.70 2.32 0.61 0.01 0.00 0.00 0.00 0.00 0.00 0.17 0.00 0.00 0.00 0.00 0.00 0.00 0.00 0.00 0.00 0.00 0.00 0.00 0.00 0.00 0.00 0.00 0.00 0.00 0.00 0.00 0.00 0.00 0.00 0.00 0.00 0.00 0.00 0.00 0.00 0.00 0.00 0.00
6.04 6.07 6.10 6.14 6.17 6.23 6.26 6.30 6.33 6.37 6.46 6.51 6.57 6.62 6.66 6.71 6.76 6.80 6.83 6.84 6.85 6.84 6.88 6.88 6.91 6.92 6.94 6.94 6.91 6.85 6.74 6.56 6.43 6.32 6.26 6.78 7.24 8.25 8.24 8.28 4.03 3.37 2.27 0.39 0.01 0.00 0.00 0.00 0.00 0.17 0.17 0.00 0.00 0.00 0.00 0.00 0.00 0.00 0.00 0.00 0.00 0.00 0.00 0.00 0.00 0.00 0.00 0.00 0.00 0.00 0.00 0.00 0.00 0.00 0.00 0.00 0.00 0.00 0.00 0.00 0.00 0.00 0.00
6.08 6.11 6.14 6.18 6.21 6.26 6.29 6.33 6.36 6.40 6.50 6.55 6.62 6.67 6.72 6.80 6.85 6.90 6.93 6.97 6.98 6.97 6.97 6.97 6.99 7.00 7.01 7.01 6.98 6.90 6.76 6.57 6.47 6.40 6.42 6.89 7.65 8.31 8.28 8.39 5.73 3.40 2.18 0.30 0.00 0.00 0.00 0.00 0.00 0.15 0.00 0.00 0.00 0.00 0.00 0.00 0.00 0.00 0.00 0.00 -0.00 0.00 0.00 0.00 0.00 0.00 0.00 0.00 0.00 0.00 0.00 0.00 0.00 0.00 0.00 0.00 0.00 0.00 0.00 0.00 0.00 0.00 0.00
6.11 6.14 6.18 6.22 6.25 6.31 6.35 6.38 6.41 6.45 6.56 6.61 6.68 6.73 6.78 6.84 6.89 6.94 6.98 7.02 7.05 7.06 7.06 7.07 7.08 7.10 7.10 7.09 7.04 6.94 6.78 6.60 6.53 6.53 6.57 7.15 7.96 8.34 8.33 8.41 5.81 3.64 2.05 0.23 0.00 0.00 0.00 0.00 0.00 0.15 0.00 0.00 0.00 0.00 0.00 0.00 0.00 0.00 0.00 0.00 0.00 0.00 0.00 0.00 0.00 0.00 0.00 0.00 0.00 0.00 0.00 0.00 0.00 0.00 0.00 0.00 0.00 0.00 0.00 0.00 0.00 0.00 0.00
6.11 6.14 6.18 6.22 6.26 6.33 6.38 6.42 6.47 6.52 6.57 6.66 6.73 6.78 6.83 6.88 6.93 6.98 7.02 7.05 7.10 7.12 7.13 7.17 7.19 7.21 7.21 7.19 7.12 6.99 6.83 6.68 6.60 6.68 6.76 7.48 8.24 8.41 8.51 6.00 4.61 3.45 2.04 0.09 0.00 0.00 0.00 0.00 0.00 0.14 0.00 0.00 0.00 0.00 0.00 0.00 0.00 0.00 0.00 0.00 0.00 0.00 0.00 0.00 0.00 0.00 0.00 0.00 0.00 0.00 0.00 0.00 0.00 0.00 0.00 0.00 0.00 0.00 0.00 0.00 0.00 0.00 0.00
6.11 6.14 6.18 6.22 6.26 6.30 6.37 6.42 6.47 6.52 6.58 6.69 6.78 6.83 6.88 6.93 6.98 7.02 7.06 7.09 7.13 7.15 7.18 7.25 7.30 7.33 7.33 7.29 7.21 7.06 6.90 6.76 6.71 6.96 7.04 7.69 8.04 8.78 7.42 4.69 4.64 3.22 1.44 0.02 0.00 0.00 0.00 0.00 0.00 0.14 0.00 0.00 0.00 0.00 0.00 0.00 0.00 0.00 0.00 0.00 0.00 0.00 0.00 0.00 0.00 0.00 0.00 0.00 0.00 0.00 0.00 0.00 0.00 0.00 0.00 0.00 0.00 0.00 0.00 0.00 0.00 0.00 0.00
6.11 6.15 6.18 6.22 6.26 6.30 6.37 6.42 6.48 6.53 6.63 6.69 6.75 6.85 6.91 6.97 7.02 7.07 7.11 7.14 7.18 7.19 7.21 7.25 7.37 7.43 7.48 7.44 7.37 7.22 7.02 6.94 6.96 7.17 7.24 7.73 8.04 9.12 9.00 6.26 4.34 2.96 1.08 0.02 0.00 0.00 0.00 0.00 0.00 0.14 0.00 0.00 0.00 0.00 0.00 0.00 0.00 0.00 0.00 0.00 0.00 0.00 0.00 0.00 0.00 0.00 0.00 0.00 0.00 0.00 0.00 0.00 0.00 0.00 0.00 0.00 0.00 0.00 0.00 0.00 0.00 0.00 0.00
6.11 6.15 6.19 6.22 6.26 6.30 6.38 6.43 6.48 6.53 6.64 6.69 6.75 6.85 6.92 6.98 7.05 7.10 7.15 7.18 7.23 7.25 7.27 7.31 7.44 7.51 7.54 7.52 7.47 7.32 7.14 7.10 7.13 7.37 7.41 7.74 8.07 9.30 9.36 9.09 5.19 3.32 1.55 0.04 0.00 0.00 0.00 0.00 0.00 0.13 0.00 0.00 0.00 0.00 0.00 0.00 0.00 0.00 0.00 0.00 0.00 0.00 0.00 0.00 0.00 0.00 0.00 0.00 0.00 0.00 0.00 0.00 0.00 0.00 0.00 0.00 0.00 0.00 0.00 0.00 0.00 0.00 0.00
