tsunami_inundation/2370.asc
ncols        89
nrows        96
xllcorner    425855.973699999973
yllcorner    5091051.504999999888
cellsize     55.000000000000
NODATA_value  -9999.00
[rows 37 to 73 of 96, columns 0 to 82 of 89]
5.99 6.04 6.10 6.15 6.20 6.26 6.35 6.42 6.49 6.64 6.70 6.75 6.80 6.87 6.93 6.99 7.06 7.15 7.26 7.37 7.48 7.61 7.69 7.70 7.70 7.70 7.73 7.86 8.03 8.21 8.37 8.56 9.41 10.46 10.52 10.64 10.68 10.60 10.53 10.44 6.32 4.28 3.37 3.25 2.62 0.34 0.00 0.00 0.00 0.13 0.00 0.00 0.00 0.00 0.00 0.00 0.00 0.00 0.00 0.00 0.00 0.00 0.00 0.00 0.00 0.00 0.00 0.00 0.00 0.00 0.00 0.00 0.00 0.00 0.00 0.00 0.00 0.00 0.00 0.00 0.00 0.00 0.00
5.99 6.04 6.09 6.13 6.19 6.25 6.31 6.42 6.49 6.63 6.68 6.73 6.78 6.86 6.92 6.98 7.06 7.16 7.27 7.38 7.48 7.61 7.69 7.70 7.71 7.73 7.76 7.84 8.09 8.31 8.47 8.69 9.88 10.67 10.70 10.83 10.78 10.71 10.63 9.53 5.49 4.31 3.30 3.22 2.48 0.36 0.00 0.00 0.12 0.00 0.00 0.00 0.00 0.00 0.00 0.00 0.00 0.00 0.00 0.00 0.00 0.00 0.00 0.00 0.00 0.00 0.00 0.00 0.00 0.00 0.00 0.00 0.00 0.00 0.00 0.00 0.00 0.00 0.00 0.00 0.00 0.00 0.00
5.98 6.03 6.08 6.13 6.19 6.24 6.31 6.41 6.49 6.60 6.66 6.72 6.77 6.85 6.91 6.98 7.06 7.17 7.27 7.37 7.47 7.60 7.68 7.70 7.72 7.75 7.80 7.90 8.15 8.40 8.58 8.91 10.49 10.85 10.81 10.84 10.81 10.80 10.81 8.71 5.11 4.35 3.36 3.27 2.35 0.16 0.00 0.00 0.11 0.00 0.00 0.00 0.00 0.00 0.00 0.00 0.00 0.00 0.00 0.00 0.00 0.00 0.00 0.00 0.00 0.00 0.00 0.00 0.00 0.00 0.00 0.00 0.00 0.00 0.00 0.00 0.00 0.00 0.00 0.00 0.00 0.00 0.00
5.97 6.03 6.08 6.13 6.19 6.25 6.31 6.42 6.48 6.54 6.64 6.70 6.75 6.81 6.90 6.98 7.07 7.17 7.27 7.37 7.45 7.57 7.66 7.68 7.72 7.76 7.83 7.94 8.22 8.50 8.69 9.91 10.83 10.86 10.89 10.93 10.89 10.86 10.88 7.63 4.88 4.16 3.60 3.39 2.31 0.15 0.00 0.11 0.11 0.00 0.00 0.00 0.00 0.00 0.00 0.00 0.00 0.00 0.00 0.00 0.00 0.00 0.00 0.00 0.00 0.00 0.00 0.00 0.00 0.00 0.00 0.00 0.00 0.00 0.00 0.00 0.00 0.00 0.00 0.00 0.00 0.00 0.00
5.96 6.02 6.07 6.13 6.18 6.24 6.31 6.41 6.47 6.53 6.63 6.69 6.74 6.80 6.90 6.98 7.08 7.18 7.27 7.35 7.44 7.54 7.60 7.66 7.70 7.76 7.86 7.99 8.34 8.62 9.29 10.57 10.80 10.89 10.98 11.00 10.95 10.92 10.93 7.44 4.73 3.81 3.78 3.33 2.15 0.08 0.00 0.11 0.11 0.00 0.00 0.00 0.00 0.00 0.00 0.00 0.00 0.00 -0.00 0.00 0.00 0.00 0.00 0.00 0.00 0.00 0.00 0.00 0.00 0.00 0.00 0.00 0.00 0.00 0.00 0.00 0.00 0.00 0.00 0.00 0.00 0.00 0.00
5.95 6.01 6.06 6.12 6.18 6.24 6.31 6.41 6.52 6.57 6.63 6.69 6.74 6.81 6.91 7.00 7.09 7.20 7.29 7.36 7.42 7.46 7.58 7.62 7.67 7.76 7.88 8.03 8.41 8.86 10.26 10.62 10.76 10.96 11.05 11.05 11.01 10.98 10.77 6.20 5.00 4.10 3.75 3.10 1.70 0.04 0.00 0.10 0.11 0.00 0.00 0.00 0.00 0.00 0.00 0.00 0.00 0.00 0.00 0.00 0.00 0.00 0.00 0.00 0.00 0.00 0.00 0.00 0.00 0.00 0.00 0.00 0.00 0.00 0.00 0.00 0.00 0.00 0.00 0.00 0.00 0.00 0.00
5.94 5.99 6.05 6.11 6.17 6.24 6.31 6.38 6.47 6.58 6.64 6.70 6.76 6.82 6.93 7.02 7.11 7.21 7.30 7.37 7.42 7.49 7.52 7.56 7.62 7.73 7.90 8.09 8.34 9.70 10.56 10.61 10.75 10.94 11.06 11.08 11.03 11.02 10.71 5.74 5.07 4.13 3.64 3.05 1.17 0.02 0.10 0.10 0.00 0.00 0.00 0.00 0.00 0.00 0.00 0.00 0.00 0.00 0.00 0.00 0.00 0.00 0.00 0.00 0.00 0.00 0.00 0.00 0.00 0.00 0.00 0.00 0.00 0.00 0.00 0.00 0.00 0.00 0.00 0.00 0.00 0.00 0.00
5.92 5.98 6.04 6.10 6.17 6.24 6.32 6.39 6.47 6.59 6.65 6.71 6.77 6.84 6.92 7.05 7.14 7.24 7.32 7.38 7.43 7.46 7.51 7.54 7.60 7.73 7.96 8.24 8.49 10.50 10.60 10.67 10.74 10.87 11.08 11.08 11.03 11.05 7.74 5.41 4.41 3.89 4.59 3.35 0.95 0.01 0.10 0.10 0.00 0.00 0.00 0.00 0.00 0.00 0.00 0.00 0.00 0.00 0.00 0.00 0.00 0.00 0.00 0.00 0.00 0.00 0.00 0.00 0.00 0.00 0.00 0.00 0.00 0.00 0.00 0.00 0.00 0.00 0.00 0.00 0.00 0.00 0.00
5.92 5.98 6.04 6.11 6.18 6.25 6.33 6.40 6.54 6.60 6.67 6.73 6.80 6.87 6.95 7.09 7.18 7.26 7.33 7.39 7.43 7.48 7.50 7.53 7.59 7.73 7.98 8.64 10.25 10.57 10.66 10.69 10.72 10.82 10.92 11.03 11.02 11.04 6.77 4.85 3.94 4.34 4.80 3.19 0.75 0.01 0.09 0.00 0.00 0.00 0.00 0.00 0.00 0.00 0.00 0.00 0.00 0.00 0.00 0.00 0.00 0.00 0.00 0.00 0.00 0.00 0.00 0.00 0.00 0.00 0.00 0.00 0.00 0.00 0.00 0.00 0.00 0.00 0.00 0.00 0.00 0.00 0.00
5.88 5.97 6.04 6.11 6.19 6.27 6.35 6.42 6.57 6.62 6.68 6.75 6.82 6.90 6.98 7.12 7.21 7.28 7.34 7.39 7.43 7.48 7.50 7.53 7.58 7.74 8.43 10.12 10.35 10.58 10.66 10.68 10.71 10.76 10.80 10.83 10.95 9.88 6.17 4.31 4.21 4.41 4.47 3.61 0.41 0.00 0.08 0.00 0.00 0.00 0.00 0.00 0.00 0.00 0.00 0.00 0.00 0.00 0.00 0.00 0.00 0.00 0.00 0.00 0.00 0.00 0.00 0.00 0.00 0.00 0.00 0.00 0.00 0.00 0.00 0.00 0.00 0.00 0.00 0.00 0.00 0.00 0.00
5.87 5.97 6.04 6.12 6.21 6.29 6.37 6.45 6.60 6.65 6.70 6.77 6.84 6.92 7.00 7.14 7.22 7.28 7.33 7.37 7.40 7.45 7.50 7.53 7.59 7.90 9.54 10.18 10.28 10.47 10.63 10.68 10.71 10.75 10.77 10.77 10.80 8.75 5.19 4.05 3.82 4.66 4.11 3.02 0.14 0.00 0.07 0.00 0.00 0.00 0.00 0.00 0.00 0.00 0.00 0.00 0.00 0.00 0.00 0.00 0.00 0.00 0.00 0.00 0.00 0.00 0.00 0.00 0.00 0.00 0.00 0.00 0.00 0.00 0.00 0.00 0.00 0.00 0.00 0.00 0.00 0.00 0.00
5.86 5.97 6.05 6.14 6.23 6.32 6.41 6.49 6.62 6.67 6.72 6.78 6.85 6.93 7.02 7.15 7.21 7.26 7.31 7.35 7.38 7.40 7.49 7.54 7.67 8.68 10.00 10.11 10.23 10.41 10.57 10.64 10.69 10.72 10.74 10.71 10.74 8.29 4.73 3.80 3.67 4.74 3.96 2.97 0.09 0.00 0.05 0.00 0.00 0.00 0.00 0.00 0.00 0.00 0.00 0.00 0.00 0.00 0.00 0.00 0.00 0.00 0.00 0.00 0.00 0.00 0.00 0.00 0.00 0.00 0.00 0.00 0.00 0.00 0.00 0.00 0.00 0.00 0.00 0.00 0.00 0.00 0.00
5.86 5.98 6.07 6.18 6.28 6.37 6.46 6.53 6.64 6.67 6.72 6.78 6.85 6.93 7.02 7.10 7.20 7.25 7.29 7.33 7.36 7.41 7.49 7.58 8.08 9.74 9.98 10.01 10.17 10.32 10.50 10.58 10.64 10.68 10.71 10.69 10.69 6.62 4.42 3.90 4.72 5.14 4.22 3.24 0.07 0.00 0.04 0.00 0.00 0.00 0.00 0.00 0.00 0.00 0.00 0.00 0.00 0.00 0.00 0.00 0.00 0.00 0.00 0.00 0.00 0.00 0.00 0.00 0.00 0.00 0.00 0.00 0.00 0.00 0.00 0.00 0.00 0.00 0.00 0.00 0.00 0.00 0.00
5.87 6.00 6.10 6.20 6.31 6.40 6.48 6.54 6.63 6.67 6.71 6.78 6.85 6.93 7.02 7.10 7.19 7.23 7.28 7.31 7.34 7.41 7.49 7.76 9.12 9.91 9.91 9.96 10.10 10.23 10.44 10.54 10.60 10.64 10.63 10.63 9.48 5.49 4.71 4.70 5.13 5.07 4.34 3.36 0.84 0.00 0.03 0.00 0.00 0.00 0.00 0.00 0.00 0.00 0.00 0.00 0.00 0.00 0.00 0.00 0.00 0.00 0.00 0.00 0.00 0.00 0.00 0.00 0.00 0.00 0.00 0.00 0.00 0.00 0.00 0.00 0.00 0.00 0.00 0.00 0.00 0.00 0.00
5.88 5.98 6.13 6.23 6.33 6.42 6.49 6.58 6.62 6.66 6.71 6.77 6.85 6.94 7.02 7.10 7.18 7.22 7.27 7.30 7.37 7.41 7.48 8.38 9.74 9.83 9.87 9.98 10.07 10.19 10.36 10.49 10.56 10.62 10.59 10.53 8.15 5.29 5.17 5.13 4.82 4.73 3.99 2.79 0.30 0.00 0.02 0.00 0.00 0.00 0.00 0.00 0.00 0.00 0.00 0.00 0.00 0.00 0.00 0.00 0.00 0.00 0.00 0.00 0.00 0.00 0.00 0.00 0.00 0.00 0.00 0.00 0.00 0.00 0.00 0.00 0.00 0.00 0.00 0.00 0.00 0.00 0.00
5.90 6.00 6.15 6.25 6.35 6.43 6.49 6.57 6.61 6.65 6.70 6.77 6.85 6.94 7.02 7.09 7.17 7.22 7.26 7.29 7.37 7.44 7.70 9.54 9.69 9.77 9.91 9.99 10.10 10.19 10.27 10.44 10.52 10.57 10.57 10.25 6.90 5.33 6.04 5.23 4.45 4.05 3.12 2.06 0.06 0.00 0.00 0.00 0.00 0.00 0.00 0.00 0.00 0.00 0.00 0.00 0.00 0.00 0.00 0.00 0.00 0.00 0.00 0.00 0.00 0.00 0.00 0.00 0.00 0.00 0.00 0.00 0.00 0.00 0.00 0.00 0.00 0.00 0.00 0.00 0.00 0.00 0.00
5.92 6.01 6.16 6.26 6.35 6.43 6.49 6.56 6.59 6.64 6.70 6.77 6.85 6.94 7.01 7.09 7.16 7.21 7.25 7.29 7.33 7.53 8.24 9.59 9.66 9.84 9.94 10.01 10.11 10.19 10.26 10.39 10.47 10.52 10.53 9.22 6.56 5.34 6.19 5.04 3.92 3.25 2.48 1.12 0.02 0.01 0.01 0.00 0.00 0.00 0.00 0.00 0.00 0.00 0.00 0.00 0.00 0.00 0.00 0.00 0.00 0.00 0.00 0.00 0.00 0.00 0.00 0.00 0.00 0.00 0.00 0.00 0.00 0.00 0.00 0.00 0.00 0.00 0.00 0.00 0.00 0.00 0.00
5.93 6.02 6.17 6.27 6.36 6.43 6.51 6.54 6.57 6.63 6.69 6.76 6.85 6.93 7.01 7.08 7.14 7.21 7.26 7.30 7.43 7.80 9.04 9.55 9.69 9.87 9.92 10.01 10.10 10.17 10.24 10.36 10.43 10.48 10.49 8.87 6.18 5.19 6.25 4.84 3.89 3.04 2.40 0.80 0.01 0.02 0.00 0.00 0.00 0.00 0.00 0.00 0.00 0.00 0.00 0.00 0.00 0.00 0.00 0.00 0.00 0.00 0.00 0.00 0.00 0.00 0.00 0.00 0.00 0.00 0.00 0.00 0.00 0.00 0.00 0.00 0.00 0.00 0.00 0.00 0.00 0.00 0.00
5.93 6.03 6.18 6.27 6.35 6.41 6.46 6.52 6.56 6.62 6.68 6.76 6.84 6.92 7.00 7.08 7.14 7.22 7.27 7.38 7.57 8.41 9.39 9.54 9.75 9.84 9.91 10.00 10.09 10.17 10.23 10.34 10.40 10.46 10.44 7.45 5.77 5.09 5.91 4.47 3.82 3.32 2.82 0.99 0.02 0.02 0.00 0.00 0.00 0.00 0.00 0.00 0.00 0.00 0.00 0.00 0.00 0.00 0.00 0.00 0.00 0.00 0.00 0.00 0.00 0.00 0.00 0.00 0.00 0.00 0.00 0.00 0.00 0.00 0.00 0.00 0.00 0.00 0.00 0.00 0.00 0.00 0.00
5.93 6.02 6.12 6.26 6.34 6.40 6.48 6.51 6.54 6.61 6.67 6.75 6.83 6.92 7.00 7.09 7.16 7.24 7.29 7.35 7.93 9.08 9.38 9.48 9.75 9.82 9.93 10.01 10.11 10.20 10.26 10.39 10.42 10.44 9.01 6.21 5.13 5.50 5.63 4.26 3.58 3.14 2.60 0.56 0.07 0.02 0.00 0.00 0.00 0.00 0.00 0.00 0.00 0.00 0.00 0.00 0.00 0.00 0.00 0.00 0.00 0.00 0.00 0.00 0.00 0.00 0.00 0.00 0.00 0.00 0.00 0.00 0.00 0.00 0.00 0.00 0.00 0.00 0.00 0.00 0.00 0.00 0.00
5.93 6.02 6.11 6.25 6.33 6.38 6.45 6.50 6.53 6.60 6.66 6.74 6.83 6.92 7.00 7.09 7.17 7.26 7.31 7.38 8.52 9.29 9.36 9.57 9.85 10.02 10.16 10.26 10.35 10.41 10.45 10.51 10.52 10.47 8.86 5.80 4.79 5.54 5.17 4.02 3.17 2.87 2.37 0.12 0.06 0.02 0.00 0.00 0.00 0.00 0.00 0.00 0.00 0.00 0.00 0.00 0.00 0.00 0.00 0.00 0.00 0.00 0.00 0.00 0.00 0.00 0.00 0.00 0.00 0.00 0.00 0.00 0.00 0.00 0.00 0.00 0.00 0.00 0.00 0.00 0.00 0.00 0.00
5.92 6.01 6.10 6.23 6.31 6.36 6.40 6.49 6.51 6.55 6.64 6.73 6.82 6.91 7.00 7.09 7.17 7.27 7.35 8.22 9.20 9.34 9.58 9.91 10.14 10.28 10.34 10.40 10.44 10.47 10.50 10.55 10.58 10.47 7.78 5.57 4.75 5.51 4.75 3.70 3.06 3.03 2.19 0.06 0.07 0.02 0.00 0.00 0.00 0.00 0.00 0.00 0.00 0.00 0.00 0.00 0.00 0.00 0.00 0.00 0.00 0.00 0.00 0.00 0.00 0.00 0.00 0.00 0.00 0.00 0.00 0.00 0.00 0.00 0.00 0.00 0.00 0.00 0.00 0.00 0.00 0.00 0.00
5.91 6.00 6.09 6.22 6.29 6.34 6.41 6.45 6.49 6.54 6.63 6.71 6.80 6.90 7.00 7.11 7.19 7.27 7.39 8.78 9.37 9.58 9.99 10.11 10.24 10.30 10.35 10.41 10.44 10.46 10.47 10.52 10.56 10.46 7.26 5.61 4.98 5.33 4.80 3.37 3.42 3.47 2.38 0.06 0.07 0.02 0.00 0.00 0.00 0.00 0.00 0.00 0.00 0.00 0.00 0.00 0.00 0.00 0.00 0.00 0.00 0.00 0.00 0.00 0.00 0.00 0.00 0.00 0.00 0.00 0.00 0.00 0.00 0.00 0.00 0.00 0.00 0.00 0.00 0.00 0.00 0.00 0.00
5.90 5.99 6.07 6.15 6.25 6.31 6.39 6.43 6.47 6.53 6.62 6.70 6.80 6.90 7.02 7.13 7.20 7.32 7.64 9.34 9.68 9.96 10.09 10.11 10.20 10.23 10.26 10.33 10.37 10.41 10.41 10.46 10.51 9.85 6.46 5.56 5.13 5.43 4.46 3.82 4.04 3.60 2.39 0.08 0.02 0.00 0.00 0.00 0.00 0.00 0.00 0.00 0.00 0.00 0.00 0.00 0.00 0.00 0.00 0.00 0.00 0.00 0.00 0.00 0.00 0.00 0.00 0.00 0.00 0.00 0.00 0.00 0.00 0.00 0.00 0.00 0.00 0.00 0.00 0.00 0.00 0.00 0.00
5.88 5.97 6.05 6.13 6.23 6.29 6.38 6.42 6.46 6.52 6.62 6.70 6.80 6.91 7.04 7.16 7.26 7.36 9.68 9.97 9.91 10.01 10.02 10.03 10.08 10.14 10.17 10.24 10.31 10.36 10.38 10.43 10.49 8.79 6.03 5.29 5.48 5.16 4.13 4.16 3.90 3.07 2.03 0.11 0.02 0.00 0.00 0.00 0.00 0.00 0.00 0.00 0.00 0.00 0.00 0.00 0.00 0.00 0.00 0.00 0.00 0.00 0.00 0.00 0.00 0.00 0.00 0.00 0.00 0.00 0.00 0.00 0.00 0.00 0.00 0.00 0.00 0.00 0.00 0.00 0.00 0.00 0.00
5.87 5.95 6.03 6.10 6.21 6.27 6.36 6.41 6.45 6.51 6.58 6.70 6.81 6.93 7.07 7.19 7.31 7.44 8.74 9.93 9.81 9.80 9.79 9.86 9.93 10.08 10.09 10.15 10.22 10.33 10.38 10.46 9.85 6.75 5.78 5.08 5.49 4.79 4.25 4.23 3.71 2.81 1.25 0.02 0.02 0.00 0.00 0.00 0.00 0.00 0.00 0.00 0.00 0.00 0.00 0.00 0.00 0.00 0.00 0.00 0.00 0.00 0.00 0.00 0.00 0.00 0.00 0.00 0.00 0.00 0.00 0.00 0.00 0.00 0.00 0.00 0.00 0.00 0.00 0.00 0.00 0.00 0.00
5.85 5.93 6.00 6.08 6.19 6.26 6.35 6.39 6.44 6.50 6.57 6.71 6.83 6.96 7.10 7.24 7.39 7.65 9.99 9.70 9.67 9.71 9.77 9.84 9.89 9.98 10.03 10.08 10.15 10.28 10.27 10.43 8.29 6.27 5.70 4.97 5.15 4.51 4.41 4.37 3.46 2.86 0.95 0.04 0.03 0.00 0.00 0.00 0.00 0.00 0.00 0.00 0.00 0.00 0.00 0.00 0.00 0.00 0.00 0.00 0.00 0.00 0.00 0.00 0.00 0.00 0.00 0.00 0.00 0.00 0.00 0.00 0.00 0.00 0.00 0.00 0.00 0.00 0.00 0.00 0.00 0.00 0.00
5.82 5.90 5.98 6.06 6.18 6.24 6.34 6.38 6.43 6.49 6.57 6.74 6.87 7.02 7.18 7.32 7.46 7.95 9.68 9.60 9.62 9.68 9.73 9.77 9.82 9.93 9.99 10.05 10.11 10.16 10.23 10.33 7.73 5.78 5.51 4.95 4.14 4.11 4.55 4.68 3.62 3.33 1.41 0.00 0.02 0.00 0.00 0.00 0.00 0.00 0.00 0.00 0.00 0.00 0.00 0.00 0.00 0.00 0.00 0.00 0.00 0.00 0.00 0.00 0.00 0.00 0.00 0.00 0.00 0.00 0.00 0.00 0.00 0.00 0.00 0.00 0.00 0.00 0.00 0.00 0.00 0.00 0.00
5.80 5.88 5.96 6.03 6.11 6.26 6.30 6.36 6.42 6.49 6.58 6.76 6.91 7.07 7.23 7.36 7.54 8.44 9.65 9.54 9.59 9.63 9.66 9.71 9.78 9.86 9.96 10.02 10.07 10.13 10.19 10.30 6.60 5.68 5.12 4.70 3.64 4.55 4.97 4.75 3.36 3.28 1.07 0.01 0.02 0.00 0.00 0.00 0.00 0.00 0.00 0.00 0.00 0.00 0.00 0.00 0.00 0.00 0.00 0.00 0.00 0.00 0.00 0.00 0.00 0.00 0.00 0.00 0.00 0.00 0.00 0.00 0.00 0.00 0.00 0.00 0.00 0.00 0.00 0.00 0.00 0.00 0.00
5.77 5.85 5.93 6.01 6.18 6.23 6.28 6.34 6.42 6.50 6.60 6.80 6.96 7.12 7.27 7.39 7.67 9.06 9.51 9.49 9.54 9.57 9.60 9.67 9.74 9.80 9.91 9.97 10.03 10.08 10.14 10.26 7.28 5.53 5.13 4.50 3.78 4.99 4.95 4.52 3.54 2.40 0.13 0.00 0.00 0.00 0.00 0.00 0.00 0.00 0.00 0.00 0.00 0.00 0.00 0.00 0.00 0.00 0.00 0.00 0.00 0.00 0.00 0.00 0.00 0.00 0.00 0.00 0.00 0.00 0.00 0.00 0.00 0.00 0.00 0.00 0.00 0.00 0.00 0.00 0.00 0.00 0.00
5.75 5.83 5.91 5.98 6.06 6.21 6.26 6.33 6.42 6.51 6.62 6.76 7.00 7.16 7.29 7.41 7.95 9.48 9.44 9.45 9.49 9.52 9.56 9.62 9.68 9.75 9.85 9.90 9.96 10.02 10.08 10.19 6.99 5.34 5.02 4.38 4.19 5.06 4.87 4.46 3.41 2.37 0.12 0.00 0.00 0.00 0.00 0.00 0.00 0.00 0.00 0.00 0.00 0.00 0.00 0.00 0.00 0.00 0.00 0.00 0.00 0.00 0.00 0.00 0.00 0.00 0.00 0.00 0.00 0.00 0.00 0.00 0.00 0.00 0.00 0.00 0.00 0.00 0.00 0.00 0.00 0.00 0.00
5.73 5.81 5.88 5.96 6.14 6.18 6.24 6.33 6.43 6.53 6.65 6.80 7.04 7.18 7.29 7.48 8.36 9.49 9.39 9.42 9.41 9.45 9.50 9.55 9.60 9.67 9.79 9.86 9.91 9.97 10.08 10.14 6.83 5.01 4.78 4.33 4.69 4.98 4.79 4.31 3.70 2.19 0.09 0.00 0.00 0.00 0.00 0.00 0.00 0.00 0.00 0.00 0.00 0.00 0.00 0.00 0.00 0.00 0.00 0.00 0.00 0.00 0.00 0.00 0.00 0.00 0.00 0.00 0.00 0.00 0.00 0.00 0.00 0.00 0.00 0.00 0.00 0.00 0.00 0.00 0.00 0.00 0.00
5.71 5.79 5.86 5.93 6.01 6.16 6.23 6.32 6.43 6.55 6.68 6.83 7.07 7.19 7.30 7.73 8.89 9.26 9.32 9.34 9.36 9.41 9.46 9.51 9.56 9.62 9.74 9.81 9.87 9.92 10.03 10.08 6.62 4.66 4.39 4.48 4.74 4.68 4.60 4.15 3.49 1.96 0.05 0.00 0.00 0.00 0.00 0.00 0.00 0.00 0.00 0.00 0.00 0.00 0.00 0.00 0.00 0.00 0.00 0.00 0.00 0.00 0.00 0.00 0.00 0.00 0.00 0.00 0.00 0.00 0.00 0.00 0.00 0.00 0.00 0.00 0.00 0.00 0.00 0.00 0.00 0.00 0.00
5.69 5.77 5.84 5.91 6.05 6.15 6.22 6.33 6.45 6.57 6.71 6.86 7.08 7.18 7.35 7.97 8.95 9.11 9.29 9.29 9.33 9.38 9.42 9.46 9.52 9.58 9.65 9.76 9.82 9.87 10.00 10.02 6.49 4.42 4.34 4.41 4.73 4.26 4.24 3.92 3.26 1.56 0.03 0.00 0.00 0.00 0.00 0.00 0.00 0.00 0.00 0.00 0.00 0.00 0.00 0.00 0.00 0.00 0.00 0.00 0.00 0.00 0.00 0.00 0.00 0.00 0.00 0.00 0.00 0.00 0.00 0.00 0.00 0.00 0.00 0.00 0.00 0.00 0.00 0.00 0.00 0.00 0.00
5.67 5.73 5.80 5.87 6.02 6.14 6.23 6.34 6.45 6.58 6.72 6.87 7.08 7.18 7.45 8.15 8.88 8.96 9.23 9.25 9.30 9.34 9.38 9.42 9.47 9.54 9.62 9.71 9.78 9.84 9.89 9.75 6.10 4.51 4.56 4.45 4.72 4.09 3.63 3.48 2.79 0.44 0.01 0.00 0.00 0.00 0.00 0.00 0.00 0.00 0.00 0.00 0.00 0.00 0.00 0.00 0.00 0.00 0.00 0.00 0.00 0.00 0.00 0.00 0.00 0.00 0.00 0.00 0.00 0.00 0.00 0.00 0.00 0.00 0.00 0.00 0.00 0.00 0.00 0.00 0.00 0.00 0.00
5.63 5.70 5.77 5.92 6.01 6.14 6.24 6.34 6.46 6.58 6.72 6.87 7.01 7.19 7.57 8.26 8.72 9.12 9.16 9.21 9.26 9.30 9.35 9.39 9.44 9.51 9.58 9.68 9.74 9.80 9.86 7.76 5.16 4.60 4.53 4.13 4.16 3.82 3.48 3.19 2.51 0.12 0.00 0.00 0.00 0.00 0.00 0.00 0.00 0.00 0.00 0.00 0.00 0.00 0.00 0.00 0.00 0.00 0.00 0.00 0.00 0.00 0.00 0.00 0.00 0.00 0.00 0.00 0.00 0.00 0.00 0.00 0.00 0.00 0.00 0.00 0.00 0.00 0.00 0.00 0.00 0.00 0.00
5.60 5.68 5.75 5.90 5.99 6.14 6.24 6.35 6.46 6.58 6.72 6.86 7.00 7.22 7.68 8.31 8.77 9.07 9.10 9.14 9.22 9.27 9.33 9.37 9.42 9.48 9.55 9.65 9.70 9.76 9.79 6.77 4.79 4.44 4.44 3.93 3.59 3.64 3.29 3.13 2.49 0.60 0.00 0.00 0.00 0.00 0.00 0.00 0.00 0.00 0.00 0.00 0.00 0.00 0.00 0.00 0.00 0.00 0.00 0.00 0.00 0.00 0.00 0.00 0.00 0.00 0.00 0.00 0.00 0.00 0.00 0.00 0.00 0.00 0.00 0.00 0.00 0.00 0.00 0.00 0.00 0.00 0.00
