tsunami_inundation/2370.asc
ncols        89
nrows        96
xllcorner    425855.973699999973
yllcorner    5091051.504999999888
cellsize     55.000000000000
NODATA_value  -9999.00
[rows 0 to 36 of 96, columns 0 to 82 of 89]
-9999.00 4.94 4.98 5.06 5.12 5.15 5.24 5.30 5.36 5.44 5.51 5.58 5.64 5.71 5.80 5.86 5.92 6.02 6.07 6.12 6.18 6.26 6.32 6.37 6.42 6.49 6.55 6.70 8.86 9.29 9.56 9.61 9.72 9.77 9.83 9.91 9.97 10.01 10.06 10.10 10.06 4.38 2.46 1.07 0.13 0.00 0.00 0.00 0.00 0.00 0.00 0.18 0.19 0.19 0.19 0.19 0.20 0.20 0.20 0.00 0.00 0.00 0.00 0.00 0.00 0.00 0.00 0.00 0.00 0.00 0.00 0.00 0.00 0.00 0.00 0.00 0.00 0.00 0.00 0.00 0.00 0.00 0.00
-9999.00 4.96 5.01 5.09 5.14 5.19 5.27 5.32 5.40 5.47 5.52 5.59 5.65 5.72 5.81 5.87 5.98 6.02 6.07 6.12 6.17 6.26 6.31 6.36 6.41 6.47 6.53 6.64 9.24 9.32 9.51 9.56 9.66 9.72 9.79 9.87 9.93 9.97 10.01 10.00 9.98 4.65 1.31 1.05 0.11 0.00 0.00 0.00 0.00 0.00 0.18 0.18 0.18 0.18 0.19 0.19 0.19 0.20 0.20 0.00 0.00 0.00 0.00 0.00 0.00 0.00 0.00 0.00 0.00 0.00 0.00 0.00 0.00 0.00 0.00 0.00 0.00 0.00 0.00 0.00 0.00 0.00 0.00
-9999.00 4.98 5.07 5.11 5.16 5.20 5.25 5.34 5.41 5.48 5.55 5.60 5.68 5.74 5.82 5.93 5.98 6.03 6.08 6.13 6.18 6.26 6.31 6.36 6.40 6.46 6.52 6.60 7.06 9.24 9.43 9.51 9.56 9.65 9.70 9.76 9.83 9.87 9.90 9.92 9.89 3.02 1.40 1.09 0.29 0.01 0.00 0.00 0.00 0.17 0.18 0.18 0.18 0.18 0.18 0.19 0.19 0.19 0.00 0.00 0.00 0.00 0.00 0.00 0.00 0.00 0.00 0.00 0.00 0.00 0.00 0.00 0.00 0.00 0.00 0.00 0.00 0.00 0.00 0.00 0.00 0.00 0.00
-9999.00 5.00 5.09 5.13 5.17 5.22 5.27 5.36 5.43 5.49 5.56 5.63 5.69 5.75 5.83 5.89 5.99 6.04 6.08 6.13 6.18 6.26 6.31 6.35 6.40 6.45 6.50 6.57 8.93 9.17 9.27 9.41 9.49 9.60 9.64 9.69 9.76 9.80 9.82 9.84 9.84 7.25 2.09 1.22 0.71 0.02 0.00 0.00 0.07 0.17 0.17 0.18 0.18 0.18 0.18 0.18 0.19 0.19 0.07 0.00 0.00 0.00 0.00 0.00 0.00 0.00 0.00 0.00 0.00 0.00 0.00 0.00 0.00 0.00 0.00 0.00 0.00 0.00 0.00 0.00 0.00 0.00 0.00
-9999.00 5.02 5.11 5.15 5.19 5.24 5.29 5.38 5.44 5.51 5.58 5.64 5.71 5.78 5.83 5.97 6.01 6.06 6.10 6.14 6.19 6.26 6.31 6.35 6.39 6.43 6.49 6.56 6.68 9.15 9.19 9.34 9.41 9.52 9.57 9.62 9.68 9.72 9.74 9.75 9.76 8.72 2.45 1.44 1.05 0.07 0.00 0.00 0.16 0.16 0.17 0.17 0.17 0.17 0.17 0.18 0.18 0.18 0.18 0.00 0.00 0.00 0.00 0.00 0.00 0.00 0.00 0.00 0.00 0.00 0.00 0.00 0.00 0.00 0.00 0.00 0.00 0.00 0.00 0.00 0.00 0.00 0.00
-9999.00 5.04 5.13 5.17 5.21 5.26 5.31 5.41 5.47 5.54 5.61 5.67 5.73 5.79 5.85 5.98 6.02 6.07 6.11 6.15 6.19 6.24 6.31 6.35 6.39 6.42 6.47 6.55 7.70 9.10 9.15 9.26 9.35 9.43 9.50 9.55 9.61 9.64 9.65 9.66 9.66 8.60 2.78 1.74 1.33 0.36 0.04 0.00 0.15 0.16 0.15 0.15 0.16 0.16 0.16 0.17 0.17 0.17 0.17 0.17 0.17 0.06 0.00 0.00 0.00 0.00 0.00 0.00 0.00 0.00 0.00 0.00 0.00 0.00 0.00 0.00 0.00 0.00 0.00 0.00 0.00 0.00 0.00
-9999.00 5.12 5.16 5.20 5.25 5.29 5.34 5.40 5.50 5.56 5.63 5.69 5.75 5.81 5.87 5.99 6.04 6.08 6.12 6.16 6.20 6.25 6.31 6.35 6.39 6.43 6.47 6.54 6.80 8.82 9.13 9.19 9.29 9.34 9.42 9.46 9.52 9.55 9.55 9.55 9.53 4.64 3.08 2.16 1.78 1.36 0.09 0.00 0.14 0.14 0.15 0.15 0.15 0.15 0.15 0.16 0.16 0.17 0.17 0.17 0.17 0.17 0.02 0.00 0.00 0.00 0.00 0.00 0.00 0.00 0.00 0.00 0.00 0.00 0.00 0.00 0.00 0.00 0.00 0.00 0.00 0.00 0.00
-9999.00 5.14 5.19 5.23 5.27 5.32 5.37 5.43 5.52 5.59 5.65 5.71 5.78 5.83 5.89 6.01 6.05 6.10 6.13 6.17 6.21 6.26 6.32 6.36 6.40 6.43 6.47 6.53 6.68 7.31 8.62 9.06 9.11 9.19 9.34 9.38 9.42 9.40 9.40 9.37 9.32 9.25 3.75 2.47 2.04 1.63 0.53 0.00 0.13 0.14 0.14 0.14 0.14 0.15 0.15 0.15 0.16 0.16 0.00 0.00 0.17 0.17 0.17 0.17 0.17 0.00 0.00 0.00 0.00 0.00 0.00 0.00 0.00 0.00 0.00 0.00 0.00 0.00 0.00 0.00 0.00 0.00 0.00
-9999.00 5.17 5.21 5.26 5.30 5.35 5.40 5.45 5.55 5.61 5.68 5.74 5.80 5.86 5.91 6.03 6.07 6.11 6.15 6.19 6.23 6.27 6.33 6.37 6.41 6.45 6.49 6.60 6.67 6.84 7.67 8.98 9.03 9.12 9.16 9.28 9.22 9.22 9.19 9.14 9.19 6.70 4.40 3.19 2.31 1.87 1.18 0.03 0.37 0.17 0.13 0.14 0.14 0.14 0.14 0.15 0.15 0.15 0.00 0.00 0.00 0.17 0.17 0.17 0.17 0.17 0.00 0.00 0.00 0.00 0.00 0.00 0.00 0.00 0.00 0.00 0.00 0.00 0.00 0.00 0.00 0.00 0.00
-9999.00 5.17 5.24 5.29 5.33 5.38 5.43 5.48 5.58 5.64 5.70 5.77 5.83 5.88 5.94 6.06 6.10 6.15 6.18 6.22 6.26 6.30 6.34 6.39 6.43 6.47 6.50 6.55 6.67 6.77 7.02 8.43 8.99 9.02 9.09 9.11 9.14 9.12 9.08 9.01 8.92 7.51 4.91 3.66 2.68 2.13 1.94 1.19 1.23 1.38 0.40 0.13 0.13 0.14 0.14 0.14 0.15 0.00 0.00 0.00 0.00 0.00 0.00 0.00 0.13 0.17 0.00 0.00 0.00 0.00 0.00 0.00 0.00 0.00 0.00 0.00 0.00 0.00 0.00 0.00 0.00 0.00 0.00
-9999.00 5.19 5.28 5.32 5.37 5.41 5.46 5.51 5.61 5.67 5.73 5.81 5.87 5.93 5.98 6.10 6.14 6.18 6.21 6.24 6.28 6.32 6.36 6.41 6.45 6.49 6.53 6.57 6.67 6.72 6.81 7.32 8.82 8.94 8.98 9.01 9.03 9.00 8.95 8.87 8.77 8.06 7.58 5.87 3.17 3.13 2.54 1.33 1.55 1.78 1.77 0.47 0.13 0.13 0.14 0.14 0.00 0.00 0.00 0.00 0.00 0.00 0.00 0.00 0.00 0.17 0.00 0.00 0.00 0.00 0.00 0.00 0.00 0.00 0.00 0.00 0.00 0.00 0.00 0.00 0.00 0.00 0.00
-9999.00 5.24 5.32 5.36 5.43 5.47 5.52 5.57 5.63 5.72 5.78 5.84 5.90 5.96 6.06 6.13 6.17 6.21 6.24 6.27 6.31 6.34 6.38 6.44 6.48 6.52 6.56 6.63 6.67 6.71 6.75 6.82 7.72 8.84 8.85 8.90 8.90 8.89 8.80 8.72 8.62 7.88 7.45 6.75 5.49 4.01 1.69 2.29 3.29 2.87 2.74 2.80 0.97 0.13 0.13 0.13 0.00 0.00 0.00 0.00 0.00 0.00 0.00 0.00 0.00 0.17 0.00 0.00 0.00 0.00 0.00 0.00 0.00 0.00 0.00 0.00 0.00 0.00 0.00 0.00 0.00 0.00 0.00
5.32 5.36 5.40 5.44 5.48 5.52 5.57 5.62 5.67 5.76 5.82 5.88 5.94 6.04 6.09 6.16 6.21 6.24 6.27 6.30 6.34 6.37 6.41 6.47 6.51 6.55 6.59 6.64 6.67 6.69 6.70 6.69 6.81 8.15 8.74 8.68 8.70 8.67 8.56 8.48 8.15 7.70 7.22 6.63 5.12 2.88 2.99 4.52 3.98 3.22 2.81 2.31 2.90 0.13 0.13 0.08 0.00 0.00 0.00 0.00 0.00 0.00 0.00 0.00 0.00 0.16 0.00 0.00 0.00 0.00 0.00 0.00 0.00 0.00 0.00 0.00 0.00 0.00 0.00 0.00 0.00 0.00 0.00
5.38 5.42 5.46 5.49 5.53 5.58 5.62 5.67 5.72 5.81 5.87 5.93 5.98 6.03 6.13 6.17 6.24 6.28 6.31 6.34 6.37 6.41 6.45 6.51 6.55 6.58 6.61 6.65 6.67 6.67 6.63 6.58 6.55 6.61 7.65 8.55 8.53 8.51 8.39 8.13 7.88 7.49 6.96 6.23 4.87 4.86 5.61 5.22 4.43 3.51 3.22 2.57 3.13 0.12 0.12 0.00 0.00 0.00 0.00 0.00 0.00 0.00 0.00 0.00 0.00 0.14 0.00 0.00 0.00 0.00 0.00 0.00 0.00 0.00 0.00 0.00 0.00 0.00 0.00 0.00 0.00 0.00 0.00
5.45 5.49 5.52 5.56 5.60 5.64 5.68 5.73 5.78 5.87 5.92 5.98 6.03 6.13 6.17 6.21 6.28 6.31 6.34 6.37 6.40 6.44 6.50 6.54 6.60 6.63 6.65 6.66 6.67 6.66 6.60 6.53 6.48 6.47 6.58 7.72 8.38 8.31 8.21 7.92 7.66 7.34 6.52 5.49 5.10 6.26 6.04 5.77 4.84 3.60 3.13 2.97 2.01 0.14 0.12 0.00 0.00 0.00 0.00 0.00 0.00 0.00 0.00 0.00 0.00 0.04 0.00 0.00 0.00 0.00 0.00 0.00 0.00 0.00 0.00 0.00 0.00 0.00 0.00 0.00 0.00 0.00 0.00
5.52 5.55 5.60 5.63 5.67 5.71 5.75 5.80 5.85 5.93 5.98 6.03 6.08 6.18 6.22 6.29 6.35 6.38 6.40 6.43 6.46 6.50 6.54 6.58 6.63 6.65 6.67 6.67 6.67 6.66 6.61 6.49 6.42 6.39 6.40 6.51 7.56 8.15 7.98 7.90 7.52 7.10 6.33 6.06 7.23 6.51 6.12 6.14 5.57 4.28 3.10 2.77 2.61 0.30 0.04 0.00 0.00 0.00 0.00 0.00 0.00 0.00 0.00 0.00 0.00 0.00 0.00 0.00 0.00 0.00 0.00 0.00 0.00 0.00 0.00 0.00 0.00 0.00 0.00 0.00 0.00 0.00 0.00
5.58 5.61 5.67 5.71 5.74 5.79 5.83 5.87 5.92 6.01 6.09 6.14 6.19 6.27 6.31 6.35 6.40 6.43 6.45 6.48 6.51 6.54 6.58 6.61 6.65 6.67 6.68 6.68 6.67 6.66 6.61 6.47 6.37 6.32 6.30 6.28 6.34 7.28 7.88 7.80 7.63 7.57 7.73 7.93 7.68 6.90 6.12 5.55 5.33 4.43 3.23 1.87 2.18 0.47 0.00 0.00 0.00 0.00 0.00 0.00 0.00 0.00 0.00 0.00 0.00 0.00 0.00 0.00 0.00 0.00 0.00 0.00 0.00 0.00 0.00 0.00 0.00 0.00 0.00 0.00 0.00 0.00 0.00
5.64 5.68 5.76 5.80 5.85 5.89 5.94 5.98 6.04 6.09 6.17 6.22 6.26 6.31 6.38 6.42 6.46 6.48 6.51 6.53 6.56 6.59 6.62 6.65 6.68 6.69 6.70 6.69 6.68 6.66 6.61 6.46 6.34 6.26 6.21 6.15 6.11 6.17 7.01 7.94 8.73 8.70 8.51 8.47 8.38 7.40 6.34 5.12 4.46 3.06 2.43 1.48 1.82 0.55 0.00 0.00 0.00 0.00 0.00 0.00 0.00 0.00 0.00 0.00 0.00 0.00 0.00 0.00 0.00 0.00 0.00 0.00 0.00 0.00 0.00 0.00 0.00 0.00 0.00 0.00 0.00 0.00 0.00
5.79 5.77 5.83 5.87 5.91 5.96 6.00 6.05 6.11 6.16 6.24 6.29 6.34 6.43 6.46 6.49 6.51 6.55 6.57 6.59 6.61 6.64 6.67 6.69 6.71 6.72 6.72 6.70 6.69 6.67 6.62 6.45 6.32 6.21 6.12 6.00 5.93 5.97 6.29 8.24 9.01 8.94 8.91 8.82 8.60 7.99 5.98 4.02 2.70 2.01 1.19 1.25 1.51 0.19 0.00 0.00 0.00 0.00 0.00 0.00 0.00 0.00 0.00 0.00 0.00 0.00 0.00 0.00 0.00 0.00 0.00 0.00 0.00 0.00 0.00 0.00 0.00 0.00 0.00 0.00 0.00 0.00 0.00
5.84 5.89 5.93 6.00 6.04 6.09 6.07 6.12 6.18 6.23 6.32 6.37 6.42 6.51 6.54 6.57 6.59 6.62 6.64 6.66 6.68 6.70 6.72 6.73 6.74 6.75 6.74 6.73 6.71 6.68 6.63 6.45 6.30 6.19 6.11 5.96 5.89 5.99 6.55 7.11 8.91 8.92 8.90 8.79 8.48 7.77 2.85 1.77 2.08 1.28 0.86 1.20 1.16 0.14 0.14 0.00 0.00 0.00 0.00 0.00 0.00 0.00 0.00 0.00 0.00 0.00 0.00 0.00 0.00 0.00 0.00 0.00 0.00 0.00 0.00 0.00 0.00 0.00 0.00 0.00 0.00 0.00 0.00
5.87 5.92 5.97 6.04 6.09 6.14 6.14 6.19 6.25 6.30 6.43 6.44 6.49 6.59 6.62 6.65 6.67 6.70 6.71 6.73 6.78 6.79 6.81 6.81 6.81 6.81 6.78 6.76 6.73 6.70 6.64 6.52 6.28 6.18 6.13 5.96 5.94 6.22 6.74 8.94 9.03 8.88 8.73 8.69 7.45 4.00 2.11 1.77 1.43 0.86 0.93 1.04 0.21 0.14 0.13 0.00 0.00 0.00 0.00 0.00 0.00 0.00 0.00 0.00 0.00 0.00 0.00 0.00 0.00 0.00 0.00 0.00 0.00 0.00 0.00 0.00 0.00 0.00 0.00 0.00 0.00 0.00 0.00
5.90 5.94 5.99 6.07 6.12 6.17 6.23 6.31 6.37 6.44 6.50 6.51 6.71 6.70 6.74 6.77 6.79 6.82 6.84 6.85 6.86 6.87 6.87 6.87 6.87 6.84 6.82 6.79 6.76 6.72 6.65 6.53 6.28 6.18 6.17 6.02 6.17 6.57 7.07 9.14 9.05 8.99 8.87 8.78 5.96 3.30 1.77 1.28 0.05 0.00 0.21 0.15 0.15 0.15 0.00 0.00 0.00 0.00 0.00 0.00 0.00 0.00 0.00 -0.00 0.00 0.00 0.00 0.00 0.00 0.00 0.00 0.00 0.00 0.00 0.00 0.00 0.00 0.00 0.00 0.00 0.00 0.00 0.00
5.93 5.98 6.03 6.11 6.16 6.21 6.27 6.33 6.40 6.46 6.53 6.63 6.69 6.81 6.80 6.83 6.92 6.95 6.92 6.93 6.94 6.95 6.95 6.94 6.93 6.89 6.87 6.84 6.80 6.75 6.67 6.54 6.30 6.21 6.23 6.18 6.54 6.76 7.93 8.93 8.88 8.95 8.89 8.83 3.84 2.76 1.40 0.07 0.00 0.00 0.00 0.15 0.15 0.15 0.00 0.00 0.00 0.00 0.00 0.00 0.00 0.00 0.00 -0.00 0.00 0.00 0.00 0.00 0.00 0.00 0.00 0.00 0.00 0.00 0.00 0.00 0.00 0.00 0.00 0.00 0.00 0.00 0.00
5.96 6.01 6.06 6.14 6.20 6.25 6.31 6.37 6.43 6.49 6.56 6.65 6.78 6.84 6.89 6.93 6.97 7.01 7.05 7.01 7.10 7.03 7.03 7.02 7.01 6.95 6.92 6.89 6.85 6.79 6.70 6.57 6.33 6.30 6.34 6.47 6.80 6.87 7.81 8.78 8.77 8.76 8.76 6.25 3.25 2.38 1.90 0.03 0.00 0.00 0.00 0.00 0.16 0.15 0.00 0.00 0.00 0.00 0.00 0.00 0.00 0.00 0.00 0.00 0.00 0.00 0.00 0.00 0.00 0.00 0.00 0.00 0.00 0.00 0.00 0.00 0.00 0.00 0.00 0.00 0.00 0.00 0.00
5.96 6.01 6.07 6.13 6.21 6.27 6.34 6.40 6.47 6.54 6.60 6.70 6.81 6.87 6.92 6.96 7.00 7.04 7.10 7.13 7.16 7.18 7.19 7.19 7.18 7.20 7.12 6.96 6.91 6.84 6.74 6.63 6.44 6.50 6.63 6.93 7.03 7.61 8.64 8.75 8.76 8.73 8.73 5.75 3.12 2.61 2.51 0.05 0.00 0.00 0.00 0.16 0.16 0.16 0.00 0.00 0.00 0.00 0.00 0.00 0.00 -0.00 0.00 0.00 0.00 0.00 0.00 0.00 0.00 0.00 0.00 0.00 0.00 0.00 0.00 0.00 0.00 0.00 0.00 0.00 0.00 0.00 0.00
5.96 6.01 6.07 6.12 6.21 6.27 6.34 6.41 6.47 6.55 6.62 6.69 6.86 6.91 6.95 6.99 7.03 7.08 7.16 7.19 7.23 7.26 7.28 7.29 7.29 7.25 7.22 7.07 7.10 7.01 6.83 6.70 6.57 6.70 6.85 7.12 7.55 8.14 8.34 8.74 8.75 8.73 8.59 4.93 3.16 2.95 2.58 0.06 0.00 0.00 0.00 0.17 0.16 0.16 0.00 0.00 0.00 0.00 0.00 0.00 0.00 0.00 0.00 0.00 0.00 0.00 0.00 0.00 0.00 0.00 0.00 0.00 0.00 0.00 0.00 0.00 0.00 0.00 0.00 0.00 0.00 0.00 0.00
5.96 6.01 6.07 6.12 6.21 6.27 6.34 6.40 6.47 6.54 6.62 6.69 6.87 6.93 6.99 7.04 7.10 7.14 7.20 7.23 7.27 7.30 7.33 7.35 7.36 7.34 7.31 7.27 7.19 7.10 6.99 6.92 6.71 7.03 7.28 8.11 8.13 8.22 8.75 8.75 8.76 8.73 8.35 4.37 3.07 3.10 2.42 0.03 0.00 0.00 0.00 0.17 0.17 0.00 0.00 0.00 0.00 0.00 0.00 0.00 0.00 -0.00 0.00 0.00 0.00 0.00 0.00 0.00 0.00 0.00 0.00 0.00 0.00 0.00 0.00 0.00 0.00 0.00 0.00 0.00 0.00 0.00 0.00
5.96 6.01 6.07 6.13 6.21 6.28 6.34 6.40 6.47 6.54 6.62 6.80 6.86 6.93 6.99 7.05 7.11 7.17 7.22 7.28 7.32 7.35 7.38 7.40 7.42 7.41 7.39 7.35 7.29 7.19 7.09 7.08 7.10 7.18 7.84 8.35 8.37 8.47 8.75 8.83 8.75 8.75 7.49 3.64 2.81 2.99 2.16 0.01 0.00 0.00 0.17 0.17 0.00 0.00 0.00 0.00 0.00 0.00 0.00 0.00 -0.00 -0.00 0.00 0.00 0.00 0.00 0.00 0.00 0.00 0.00 0.00 0.00 0.00 0.00 0.00 0.00 0.00 0.00 0.00 0.00 0.00 0.00 0.00
5.97 6.02 6.08 6.13 6.22 6.28 6.35 6.41 6.48 6.55 6.62 6.80 6.86 6.93 6.99 7.04 7.10 7.17 7.23 7.31 7.36 7.41 7.44 7.46 7.47 7.46 7.44 7.42 7.37 7.29 7.22 7.23 7.25 7.55 8.38 8.50 8.61 8.71 8.88 8.94 8.81 8.31 3.51 2.92 2.80 2.61 0.71 0.01 0.00 0.00 0.17 0.16 0.00 0.00 0.00 0.00 0.00 0.00 0.00 0.00 -0.00 -0.00 0.00 0.00 0.00 0.00 0.00 0.00 0.00 0.00 0.00 0.00 0.00 0.00 0.00 0.00 0.00 0.00 0.00 0.00 0.00 0.00 0.00
5.98 6.03 6.09 6.14 6.20 6.29 6.36 6.42 6.48 6.56 6.63 6.80 6.87 6.93 6.99 7.05 7.11 7.17 7.23 7.32 7.38 7.44 7.49 7.52 7.53 7.51 7.48 7.46 7.45 7.42 7.41 7.44 7.55 8.12 8.58 8.66 8.81 9.06 9.08 9.09 7.65 4.59 3.24 2.78 2.62 2.32 0.04 0.00 0.00 0.00 0.17 0.00 0.00 0.00 0.00 0.00 0.00 0.00 0.00 0.00 0.00 0.00 0.00 0.00 0.00 0.00 0.00 0.00 0.00 0.00 0.00 0.00 0.00 0.00 0.00 0.00 0.00 0.00 0.00 0.00 0.00 0.00 0.00
5.99 6.04 6.09 6.15 6.21 6.30 6.36 6.43 6.49 6.56 6.70 6.77 6.88 6.94 7.00 7.06 7.11 7.17 7.22 7.32 7.39 7.46 7.52 7.56 7.60 7.59 7.56 7.54 7.51 7.50 7.52 7.58 7.90 8.57 8.69 8.87 9.13 9.31 9.30 9.30 5.06 4.43 3.29 2.92 2.44 1.12 0.02 0.00 0.00 0.17 0.17 0.00 0.00 0.00 0.00 0.00 0.00 0.00 0.00 0.00 0.00 -0.00 0.00 0.00 0.00 0.00 0.00 0.00 0.00 0.00 0.00 0.00 0.00 0.00 0.00 0.00 0.00 0.00 0.00 0.00 0.00 0.00 0.00
6.00 6.05 6.10 6.16 6.22 6.31 6.37 6.43 6.49 6.56 6.70 6.78 6.88 6.95 7.01 7.06 7.11 7.17 7.23 7.33 7.41 7.48 7.53 7.58 7.62 7.62 7.61 7.59 7.58 7.59 7.63 7.75 8.22 8.75 8.90 9.29 9.45 9.48 9.45 9.49 6.79 4.59 3.31 2.65 2.29 0.67 0.01 0.00 0.00 0.16 0.00 0.00 0.00 0.00 0.00 0.00 0.00 0.00 0.00 0.00 -0.00 0.00 0.00 0.00 0.00 0.00 0.00 0.00 0.00 0.00 0.00 0.00 0.00 0.00 0.00 0.00 0.00 0.00 0.00 0.00 0.00 0.00 0.00
6.00 6.05 6.11 6.16 6.22 6.31 6.37 6.43 6.50 6.56 6.71 6.78 6.88 6.95 7.00 7.05 7.10 7.15 7.22 7.30 7.43 7.50 7.56 7.63 7.64 7.63 7.63 7.63 7.66 7.70 7.76 7.95 8.38 8.86 9.33 9.65 9.65 9.66 9.61 9.58 7.02 4.87 3.24 2.56 2.28 0.43 0.01 0.00 0.00 0.15 0.00 0.00 0.00 0.00 0.00 0.00 0.00 0.00 0.00 0.00 0.00 0.00 0.00 0.00 0.00 0.00 0.00 0.00 0.00 0.00 0.00 0.00 0.00 0.00 0.00 0.00 0.00 0.00 0.00 0.00 0.00 0.00 0.00
6.01 6.06 6.11 6.16 6.22 6.31 6.37 6.43 6.50 6.57 6.64 6.78 6.88 6.94 6.99 7.04 7.09 7.14 7.22 7.30 7.44 7.52 7.58 7.65 7.65 7.64 7.63 7.66 7.73 7.79 7.91 8.12 8.50 9.00 9.78 9.84 9.86 9.82 9.75 7.15 5.90 4.62 3.56 2.96 2.48 0.48 0.01 0.00 0.00 0.15 0.00 0.00 0.00 0.00 0.00 0.00 0.00 0.00 0.00 0.00 0.00 0.00 0.00 0.00 0.00 0.00 0.00 0.00 0.00 0.00 0.00 0.00 0.00 0.00 0.00 0.00 0.00 0.00 0.00 0.00 0.00 0.00 0.00
6.01 6.06 6.11 6.16 6.22 6.27 6.37 6.43 6.50 6.57 6.64 6.78 6.88 6.93 6.98 7.03 7.08 7.14 7.22 7.32 7.46 7.54 7.60 7.66 7.66 7.64 7.64 7.71 7.80 7.87 8.04 8.25 8.62 9.49 10.05 10.09 10.15 10.11 8.46 5.69 5.63 4.30 3.60 2.95 2.54 0.39 0.00 0.00 0.00 0.15 0.00 0.00 0.00 0.00 0.00 0.00 0.00 0.00 0.00 0.00 0.00 0.00 0.00 0.00 0.00 0.00 0.00 0.00 0.00 0.00 0.00 0.00 0.00 0.00 0.00 0.00 0.00 0.00 0.00 0.00 0.00 0.00 0.00
6.01 6.06 6.11 6.16 6.21 6.27 6.36 6.43 6.50 6.57 6.71 6.78 6.84 6.92 6.97 7.02 7.07 7.14 7.23 7.33 7.48 7.57 7.62 7.66 7.67 7.65 7.67 7.77 7.89 8.02 8.19 8.40 8.84 9.94 10.22 10.26 10.30 10.32 10.06 7.18 5.32 4.20 3.49 3.14 2.70 0.39 0.00 0.00 0.00 0.14 0.00 0.00 0.00 0.00 0.00 0.00 0.00 0.00 0.00 0.00 0.00 0.00 0.00 0.00 0.00 0.00 0.00 0.00 0.00 0.00 0.00 0.00 0.00 0.00 0.00 0.00 0.00 0.00 0.00 0.00 0.00 0.00 0.00
6.00 6.05 6.10 6.15 6.21 6.26 6.36 6.42 6.49 6.57 6.70 6.76 6.82 6.90 6.95 7.00 7.07 7.15 7.24 7.35 7.51 7.60 7.65 7.68 7.68 7.68 7.70 7.81 7.96 8.12 8.28 8.47 9.06 10.27 10.37 10.44 10.46 10.45 10.42 10.04 6.06 4.43 3.39 3.30 2.77 0.42 0.00 0.00 0.00 0.14 0.00 0.00 0.00 0.00 0.00 0.00 0.00 0.00 0.00 0.00 0.00 0.00 0.00 0.00 0.00 0.00 0.00 0.00 0.00 0.00 0.00 0.00 0.00 0.00 0.00 0.00 0.00 0.00 0.00 0.00 0.00 0.00 0.00
