tsunami_inundation/2400.asc
ncols        89
nrows        96
xllcorner    425855.973699999973
yllcorner    5091051.504999999888
cellsize     55.000000000000
NODATA_value  -9999.00
[rows 0 to 36 of 96, columns 0 to 83 of 89]
-9999.00 5.10 5.16 5.26 5.37 5.39 5.49 5.56 5.62 5.69 5.74 5.79 5.84 5.89 5.97 6.03 6.08 6.19 6.25 6.31 6.45 8.31 8.98 8.98 9.05 9.12 9.17 9.23 9.28 9.32 9.37 9.40 9.43 9.46 9.48 9.52 9.55 9.57 9.60 9.63 9.57 3.92 2.10 1.44 1.17 0.09 0.00 0.00 0.00 0.00 0.00 0.18 0.18 0.19 0.19 0.19 0.20 0.20 0.20 0.00 0.00 0.00 0.00 0.00 0.00 0.00 0.00 0.00 0.00 0.00 0.00 0.00 0.00 0.00 0.00 0.00 0.00 0.00 0.00 0.00 0.00 0.00 0.00 0.00
-9999.00 5.16 5.22 5.34 5.41 5.47 5.56 5.59 5.68 5.73 5.76 5.81 5.86 5.91 5.99 6.04 6.14 6.19 6.25 6.32 6.42 7.82 8.96 8.96 9.02 9.10 9.14 9.21 9.31 9.33 9.36 9.39 9.41 9.44 9.46 9.50 9.52 9.54 9.56 9.56 9.52 4.20 1.20 1.15 1.06 0.15 0.00 0.00 0.00 0.00 0.17 0.18 0.18 0.18 0.19 0.19 0.19 0.20 0.20 0.00 0.00 0.00 0.00 0.00 0.00 0.00 0.00 0.00 0.00 0.00 0.00 0.00 0.00 0.00 0.00 0.00 0.00 0.00 0.00 0.00 0.00 0.00 0.00 0.00
-9999.00 5.21 5.32 5.39 5.45 5.51 5.57 5.65 5.71 5.76 5.81 5.84 5.91 5.95 6.01 6.11 6.16 6.21 6.26 6.32 6.40 7.35 8.88 8.95 8.98 9.08 9.13 9.19 9.23 9.31 9.34 9.37 9.38 9.41 9.43 9.45 9.47 9.48 9.49 9.50 9.45 2.65 1.25 1.08 1.00 0.43 0.04 0.00 0.00 0.17 0.17 0.17 0.18 0.18 0.18 0.19 0.19 0.19 0.00 0.00 0.00 0.00 0.00 0.00 0.00 0.00 0.00 0.00 0.00 0.00 0.00 0.00 0.00 0.00 0.00 0.00 0.00 0.00 0.00 0.00 0.00 0.00 0.00 0.00
-9999.00 5.26 5.37 5.43 5.49 5.55 5.61 5.69 5.75 5.80 5.85 5.89 5.93 5.98 6.03 6.08 6.17 6.22 6.28 6.34 6.40 6.98 8.64 8.94 8.95 9.06 9.11 9.15 9.24 9.28 9.30 9.33 9.35 9.38 9.40 9.41 9.43 9.44 9.44 9.44 9.43 6.84 1.85 1.14 0.99 0.76 0.07 0.00 0.07 0.17 0.17 0.17 0.17 0.17 0.17 0.18 0.18 0.18 0.07 0.00 0.00 0.00 0.00 0.00 0.00 0.00 0.00 0.00 0.00 0.00 0.00 0.00 0.00 0.00 0.00 0.00 0.00 0.00 0.00 0.00 0.00 0.00 0.00 0.00
-9999.00 5.32 5.43 5.49 5.55 5.60 5.66 5.74 5.79 5.84 5.88 5.93 5.97 6.03 6.07 6.18 6.23 6.27 6.32 6.36 6.44 6.68 7.86 8.91 8.92 9.00 9.09 9.12 9.17 9.24 9.28 9.30 9.32 9.34 9.36 9.37 9.38 9.39 9.39 9.38 9.38 8.34 2.22 1.33 1.09 0.84 0.41 0.01 0.16 0.16 0.16 0.16 0.17 0.17 0.17 0.17 0.18 0.18 0.18 0.00 0.00 0.00 0.00 0.00 0.00 0.00 0.00 0.00 0.00 0.00 0.00 0.00 0.00 0.00 0.00 0.00 0.00 0.00 0.00 0.00 0.00 0.00 0.00 0.00
-9999.00 5.38 5.50 5.55 5.61 5.66 5.71 5.82 5.87 5.91 5.95 5.99 6.03 6.07 6.11 6.21 6.26 6.30 6.35 6.40 6.46 6.53 7.33 8.80 8.91 8.91 9.01 9.10 9.18 9.21 9.24 9.27 9.29 9.30 9.32 9.33 9.34 9.33 9.33 9.32 9.31 8.25 2.55 1.61 1.33 0.98 0.79 0.33 0.16 0.16 0.21 0.16 0.15 0.16 0.16 0.16 0.17 0.17 0.17 0.17 0.18 0.07 0.00 0.00 0.00 0.00 0.00 0.00 0.00 0.00 0.00 0.00 0.00 0.00 0.00 0.00 0.00 0.00 0.00 0.00 0.00 0.00 0.00 0.00
-9999.00 5.55 5.60 5.66 5.72 5.77 5.82 5.86 5.93 5.97 6.01 6.05 6.08 6.12 6.16 6.26 6.29 6.34 6.38 6.43 6.49 6.55 6.78 7.79 8.88 8.88 8.93 9.07 9.14 9.17 9.21 9.23 9.24 9.26 9.27 9.28 9.28 9.28 9.27 9.25 9.21 4.37 2.86 2.04 1.75 1.44 1.11 0.88 0.86 1.03 1.17 0.92 0.32 0.16 0.15 0.16 0.16 0.17 0.17 0.17 0.18 0.18 0.04 0.00 0.00 0.00 0.00 0.00 0.00 0.00 0.00 0.00 0.00 0.00 0.00 0.00 0.00 0.00 0.00 0.00 0.00 0.00 0.00 0.00
-9999.00 5.61 5.67 5.73 5.79 5.84 5.89 5.94 6.00 6.04 6.08 6.11 6.15 6.18 6.22 6.30 6.34 6.38 6.42 6.46 6.52 6.58 6.72 7.23 8.68 8.88 8.87 8.96 9.04 9.08 9.07 9.09 9.11 9.12 9.22 9.22 9.22 9.18 9.16 9.12 9.06 8.98 3.54 2.34 1.99 1.72 1.47 1.28 1.24 1.33 1.54 1.78 1.82 1.26 0.15 0.15 0.16 0.16 0.00 0.00 0.18 0.18 0.18 0.18 0.18 0.00 0.00 0.00 0.00 0.00 0.00 0.00 0.00 0.00 0.00 0.00 0.00 0.00 0.00 0.00 0.00 0.00 0.00 0.00
-9999.00 5.68 5.74 5.80 5.86 5.91 5.96 6.01 6.07 6.11 6.15 6.18 6.21 6.25 6.28 6.36 6.39 6.43 6.46 6.51 6.55 6.61 6.71 6.92 7.65 8.82 8.82 8.90 8.95 9.00 9.02 9.04 9.05 9.06 9.06 9.13 9.05 9.02 8.98 8.92 8.96 6.47 4.21 3.05 2.27 1.96 1.68 1.53 1.38 1.56 1.64 1.96 2.07 2.09 1.84 0.15 0.15 0.15 0.00 0.00 0.00 0.18 0.18 0.18 0.18 0.18 0.00 0.00 0.00 0.00 0.00 0.00 0.00 0.00 0.00 0.00 0.00 0.00 0.00 0.00 0.00 0.00 0.00 0.00
-9999.00 5.67 5.80 5.86 5.92 5.98 6.03 6.08 6.15 6.19 6.22 6.26 6.29 6.32 6.35 6.43 6.46 6.52 6.55 6.58 6.62 6.66 6.71 6.79 7.11 8.42 8.83 8.78 8.88 8.94 8.97 8.99 9.00 9.00 9.00 8.99 8.98 8.93 8.88 8.80 8.70 7.29 4.73 3.54 2.64 2.22 2.41 1.92 1.77 1.96 1.99 2.02 2.18 2.23 1.99 0.22 0.14 0.00 0.00 0.00 0.00 0.00 0.00 0.00 0.14 0.18 0.00 0.00 0.00 0.00 0.00 0.00 0.00 0.00 0.00 0.00 0.00 0.00 0.00 0.00 0.00 0.00 0.00 0.00
-9999.00 5.71 5.86 5.92 5.98 6.04 6.09 6.14 6.21 6.26 6.29 6.37 6.40 6.43 6.47 6.54 6.57 6.59 6.62 6.64 6.67 6.70 6.74 6.79 6.90 7.58 8.76 8.77 8.81 8.85 8.91 8.93 8.94 8.93 8.93 8.92 8.90 8.83 8.76 8.67 8.55 7.86 7.38 5.72 3.14 3.32 2.81 1.81 3.03 2.65 2.59 2.52 2.48 2.35 2.31 2.05 0.23 0.00 0.00 0.00 0.00 0.00 0.00 0.00 0.00 0.18 0.00 0.00 0.00 0.00 0.00 0.00 0.00 0.00 0.00 0.00 0.00 0.00 0.00 0.00 0.00 0.00 0.00 0.00
-9999.00 5.76 5.92 5.99 6.08 6.14 6.19 6.24 6.29 6.36 6.40 6.43 6.47 6.50 6.57 6.61 6.65 6.67 6.69 6.71 6.73 6.75 6.78 6.81 6.86 7.07 8.17 8.73 8.75 8.81 8.84 8.86 8.86 8.86 8.85 8.84 8.81 8.76 8.64 8.54 8.40 7.70 7.31 6.68 5.66 4.46 4.80 4.63 4.21 3.58 3.05 2.95 3.32 2.53 2.54 2.59 0.83 0.00 0.00 0.00 0.00 0.00 0.00 0.00 0.00 0.17 0.00 0.00 0.00 0.00 0.00 0.00 0.00 0.00 0.00 0.00 0.00 0.00 0.00 0.00 0.00 0.00 0.00 0.00
5.82 5.92 5.99 6.06 6.13 6.19 6.25 6.30 6.35 6.42 6.46 6.50 6.53 6.60 6.64 6.69 6.72 6.75 6.77 6.78 6.79 6.81 6.82 6.84 6.86 6.92 7.32 8.74 8.71 8.75 8.79 8.80 8.79 8.78 8.77 8.71 8.66 8.59 8.48 8.39 8.07 7.67 7.34 7.01 6.07 5.78 5.68 5.24 4.66 3.91 3.21 1.83 3.69 2.63 3.49 3.70 0.86 0.00 0.00 0.00 0.00 0.00 0.00 0.00 0.00 0.17 0.00 0.00 0.00 0.00 0.00 0.00 0.00 0.00 0.00 0.00 0.00 0.00 0.00 0.00 0.00 0.00 0.00 0.00
5.84 5.94 6.01 6.09 6.16 6.23 6.29 6.35 6.40 6.47 6.52 6.56 6.59 6.63 6.70 6.74 6.79 6.82 6.84 6.85 6.86 6.87 6.88 6.89 6.90 6.91 7.00 8.68 8.71 8.69 8.72 8.72 8.70 8.69 8.66 8.63 8.58 8.54 8.47 8.33 8.16 7.96 7.90 7.57 6.89 6.49 6.33 5.90 5.14 4.29 3.81 2.68 3.41 2.87 4.20 3.41 0.61 0.00 0.00 0.00 0.00 0.00 0.00 0.00 0.00 0.15 0.00 0.00 0.00 0.00 0.00 0.00 0.00 0.00 0.00 0.00 0.00 0.00 0.00 0.00 0.00 0.00 0.00 0.00
5.86 5.96 6.03 6.11 6.18 6.25 6.31 6.37 6.43 6.51 6.56 6.60 6.64 6.72 6.76 6.80 6.86 6.89 6.91 6.92 6.93 6.93 6.97 6.97 6.96 6.96 6.97 7.35 8.49 8.70 8.67 8.67 8.66 8.63 8.60 8.57 8.56 8.56 8.64 8.93 8.97 8.90 8.40 7.67 7.36 6.90 6.71 6.47 5.51 4.28 3.83 3.32 3.53 3.21 4.59 3.02 0.37 0.00 0.00 0.00 0.00 0.00 0.00 0.00 0.00 0.05 0.00 0.00 0.00 0.00 0.00 0.00 0.00 0.00 0.00 0.00 0.00 0.00 0.00 0.00 0.00 0.00 0.00 0.00
5.88 5.95 6.06 6.13 6.21 6.27 6.34 6.40 6.45 6.53 6.58 6.63 6.67 6.76 6.80 6.87 6.93 6.96 6.99 7.00 7.02 7.02 7.03 7.03 7.02 7.02 7.01 7.04 7.37 8.46 8.68 8.62 8.61 8.58 8.55 8.57 8.63 8.78 9.25 9.55 9.48 9.22 8.57 8.09 7.81 7.25 6.81 6.84 6.21 4.80 3.68 3.14 2.11 3.92 4.63 3.20 0.15 0.00 0.00 0.00 0.00 0.00 0.00 0.00 0.00 0.00 0.00 0.00 0.00 0.00 0.00 0.00 0.00 0.00 0.00 0.00 0.00 0.00 0.00 0.00 0.00 0.00 0.00 0.00
5.89 5.97 6.08 6.16 6.24 6.31 6.37 6.43 6.49 6.56 6.63 6.67 6.71 6.80 6.85 6.90 6.96 7.00 7.03 7.05 7.06 7.07 7.08 7.08 7.08 7.07 7.06 7.03 7.05 7.30 8.30 8.63 8.57 8.55 8.56 8.65 8.89 9.26 9.90 9.94 9.66 9.34 8.89 8.49 8.38 7.61 6.95 6.63 6.12 5.06 3.83 2.49 1.55 4.26 3.78 2.82 0.09 0.00 0.00 0.00 0.00 0.00 0.00 0.00 0.00 0.00 0.00 0.00 0.00 0.00 0.00 0.00 0.00 0.00 0.00 0.00 0.00 0.00 0.00 0.00 0.00 0.00 0.00 0.00
5.89 5.97 6.09 6.17 6.24 6.32 6.39 6.45 6.52 6.58 6.65 6.70 6.75 6.79 6.88 6.93 6.99 7.02 7.05 7.08 7.10 7.11 7.13 7.13 7.14 7.13 7.10 7.07 7.05 7.04 7.17 8.46 8.57 8.54 8.62 8.89 9.36 10.17 10.28 9.98 9.74 9.53 9.24 9.00 8.88 8.06 7.08 6.03 5.57 4.22 3.27 2.10 3.24 4.16 3.09 1.60 0.01 0.00 0.00 0.00 0.00 0.00 0.00 0.00 0.00 0.00 0.00 0.00 0.00 0.00 0.00 0.00 0.00 0.00 0.00 0.00 0.00 0.00 0.00 0.00 0.00 0.00 0.00 0.00
5.89 5.97 6.09 6.16 6.24 6.32 6.39 6.45 6.52 6.58 6.66 6.71 6.76 6.86 6.92 6.96 7.00 7.06 7.08 7.11 7.13 7.14 7.16 7.17 7.18 7.18 7.18 7.13 7.09 7.05 6.99 7.18 8.21 8.54 8.92 9.63 10.57 10.58 10.23 9.93 9.81 9.64 9.44 9.27 9.08 8.61 6.74 4.99 4.04 3.45 2.61 1.84 1.44 3.50 2.95 0.75 0.00 0.00 0.00 0.00 0.00 0.00 0.00 0.00 0.00 0.00 0.00 0.00 0.00 0.00 0.00 0.00 0.00 0.00 0.00 0.00 0.00 0.00 0.00 0.00 0.00 0.00 0.00 0.00
5.90 5.97 6.05 6.17 6.25 6.32 6.39 6.45 6.52 6.57 6.65 6.70 6.76 6.87 6.92 6.98 7.03 7.09 7.12 7.14 7.16 7.18 7.19 7.20 7.21 7.22 7.23 7.21 7.19 7.14 7.07 6.93 6.96 7.42 8.90 10.59 10.88 10.50 10.24 10.10 9.86 9.73 9.58 9.45 9.24 8.59 3.82 2.79 3.76 2.91 2.17 2.01 2.07 2.84 3.50 0.26 0.00 0.00 0.00 0.00 0.00 0.00 0.00 0.00 0.00 0.00 0.00 0.00 0.00 0.00 0.00 0.00 0.00 0.00 0.00 0.00 0.00 0.00 0.00 0.00 0.00 0.00 0.00 0.00
5.90 5.98 6.06 6.18 6.26 6.33 6.40 6.46 6.52 6.58 6.64 6.70 6.76 6.87 6.93 6.98 7.03 7.10 7.14 7.18 7.21 7.24 7.25 7.27 7.27 7.28 7.27 7.26 7.24 7.21 7.16 7.09 7.06 7.24 7.93 10.75 11.06 10.48 10.26 10.00 9.91 9.80 9.70 9.60 8.45 5.07 3.02 2.74 3.27 2.71 2.13 1.95 1.94 2.41 3.01 0.00 0.00 0.00 0.00 0.00 0.00 0.00 0.00 0.00 0.00 0.00 0.00 0.00 0.00 0.00 0.00 0.00 0.00 0.00 0.00 0.00 0.00 0.00 0.00 0.00 0.00 0.00 0.00 0.00
5.91 5.99 6.07 6.19 6.27 6.34 6.41 6.48 6.54 6.60 6.65 6.71 6.84 6.88 6.94 6.99 7.04 7.11 7.15 7.19 7.22 7.25 7.28 7.31 7.32 7.32 7.31 7.30 7.28 7.27 7.26 7.25 7.30 7.48 8.05 9.74 10.64 10.57 10.12 9.98 9.89 9.79 9.72 9.66 6.81 4.12 2.54 2.28 2.42 1.61 1.26 1.33 1.53 1.60 0.65 0.00 0.00 0.00 0.00 0.00 0.00 0.00 0.00 -0.00 0.00 0.00 0.00 0.00 0.00 0.00 0.00 0.00 0.00 0.00 0.00 0.00 0.00 0.00 0.00 0.00 0.00 0.00 0.00 0.00
5.93 6.00 6.08 6.20 6.28 6.35 6.42 6.49 6.55 6.60 6.65 6.73 6.79 6.91 6.95 7.00 7.06 7.11 7.16 7.19 7.23 7.26 7.29 7.32 7.34 7.36 7.35 7.34 7.34 7.35 7.38 7.43 7.59 7.93 8.66 9.16 9.63 10.21 10.17 9.97 9.86 9.77 9.64 9.57 4.49 3.36 1.78 2.28 1.67 0.06 0.00 0.86 1.01 0.79 0.00 0.00 0.00 0.00 0.00 0.00 0.00 0.00 0.00 0.00 0.00 0.00 0.00 0.00 0.00 0.00 0.00 0.00 0.00 0.00 0.00 0.00 0.00 0.00 0.00 0.00 0.00 0.00 0.00 0.00
5.93 6.01 6.09 6.20 6.28 6.35 6.42 6.49 6.55 6.60 6.66 6.74 6.86 6.91 6.97 7.02 7.07 7.12 7.19 7.21 7.25 7.27 7.29 7.32 7.35 7.39 7.40 7.40 7.41 7.46 7.52 7.60 8.05 8.53 8.78 9.15 9.28 9.53 9.60 9.76 9.66 9.60 9.53 6.90 3.64 2.76 2.59 2.67 1.82 0.08 0.00 0.00 0.36 0.19 0.00 0.00 0.00 0.00 0.00 0.00 0.00 0.00 -0.00 0.00 0.00 0.00 0.00 0.00 0.00 0.00 0.00 0.00 0.00 0.00 0.00 0.00 0.00 0.00 0.00 0.00 0.00 0.00 0.00 0.00
5.93 6.01 6.09 6.16 6.28 6.35 6.42 6.49 6.55 6.61 6.66 6.75 6.86 6.92 6.97 7.02 7.08 7.13 7.20 7.23 7.26 7.29 7.31 7.33 7.34 7.36 7.47 7.47 7.52 7.59 7.68 8.16 8.63 8.70 8.91 9.27 9.38 9.49 9.57 9.50 9.40 9.31 9.24 6.17 3.31 2.98 3.64 2.74 1.90 0.09 0.00 0.15 0.16 0.15 0.00 0.00 0.00 0.00 0.00 0.00 0.00 0.00 0.00 0.00 0.00 0.00 0.00 0.00 0.00 0.00 0.00 0.00 0.00 0.00 0.00 0.00 0.00 0.00 0.00 0.00 0.00 0.00 0.00 0.00
5.93 6.01 6.09 6.16 6.27 6.35 6.42 6.48 6.55 6.61 6.66 6.72 6.86 6.92 6.97 7.03 7.09 7.14 7.21 7.25 7.27 7.30 7.32 7.34 7.37 7.43 7.50 7.56 7.79 8.12 8.20 8.65 8.69 8.78 9.02 9.43 9.55 9.63 9.64 9.49 9.38 9.25 9.03 5.25 3.35 3.54 3.74 2.81 1.94 0.09 0.00 0.16 0.15 0.15 0.00 0.00 0.00 0.00 0.00 0.00 0.00 0.00 0.00 0.00 0.00 0.00 0.00 0.00 0.00 0.00 0.00 0.00 0.00 0.00 0.00 0.00 0.00 0.00 0.00 0.00 0.00 0.00 0.00 0.00
5.93 6.01 6.08 6.16 6.27 6.34 6.41 6.48 6.54 6.60 6.66 6.72 6.85 6.91 6.97 7.04 7.10 7.16 7.23 7.26 7.29 7.31 7.33 7.34 7.36 7.46 7.55 7.70 7.96 8.45 8.75 8.81 8.76 9.27 9.51 9.69 9.66 9.73 9.67 9.50 9.38 9.28 8.80 4.69 3.33 3.97 3.57 2.66 1.69 0.06 0.00 0.16 0.16 0.00 0.00 0.00 0.00 0.00 0.00 0.00 0.00 -0.00 0.00 0.00 0.00 0.00 0.00 0.00 0.00 0.00 0.00 0.00 0.00 0.00 0.00 0.00 0.00 0.00 0.00 0.00 0.00 0.00 0.00 0.00
5.93 6.00 6.08 6.15 6.26 6.34 6.41 6.47 6.54 6.60 6.65 6.79 6.84 6.91 6.98 7.05 7.12 7.18 7.23 7.28 7.30 7.32 7.34 7.35 7.39 7.49 7.62 7.81 8.19 8.66 8.79 8.96 9.26 9.48 9.59 9.79 9.85 9.88 9.76 9.72 9.42 9.32 7.97 3.98 3.23 4.09 3.42 2.47 1.17 0.01 0.16 0.16 0.00 0.00 0.00 0.00 0.00 0.00 0.00 0.00 -0.00 -0.00 0.00 0.00 0.00 0.00 0.00 0.00 0.00 0.00 0.00 0.00 0.00 0.00 0.00 0.00 0.00 0.00 0.00 0.00 0.00 0.00 0.00 0.00
5.92 5.99 6.07 6.14 6.26 6.33 6.41 6.47 6.53 6.59 6.64 6.77 6.84 6.91 6.98 7.06 7.13 7.19 7.24 7.29 7.31 7.33 7.34 7.35 7.37 7.49 7.69 7.94 8.38 8.75 8.90 9.27 9.50 9.58 9.70 9.91 10.00 10.02 9.94 9.87 9.49 8.89 4.07 3.39 4.02 4.13 3.29 2.65 0.27 0.00 0.16 0.17 0.00 0.00 0.00 0.00 0.00 0.00 0.00 0.00 -0.00 -0.00 0.00 0.00 0.00 0.00 0.00 0.00 0.00 0.00 0.00 0.00 0.00 0.00 0.00 0.00 0.00 0.00 0.00 0.00 0.00 0.00 0.00 0.00
5.92 5.98 6.06 6.13 6.21 6.33 6.40 6.47 6.53 6.58 6.63 6.77 6.84 6.92 7.00 7.08 7.15 7.21 7.26 7.30 7.32 7.34 7.35 7.36 7.39 7.54 7.77 8.08 8.60 8.98 9.36 9.57 9.62 9.72 9.85 9.98 10.09 10.14 10.05 9.97 8.39 5.27 3.88 3.53 3.93 4.05 3.01 2.07 0.06 0.00 0.17 0.00 0.00 0.00 0.00 0.00 0.00 0.00 0.00 0.00 -0.00 -0.00 0.00 0.00 0.00 0.00 0.00 0.00 0.00 0.00 0.00 0.00 0.00 0.00 0.00 0.00 0.00 0.00 0.00 0.00 0.00 0.00 0.00 0.00
5.91 5.98 6.05 6.13 6.20 6.32 6.39 6.46 6.51 6.57 6.67 6.73 6.84 6.93 7.02 7.10 7.17 7.23 7.27 7.31 7.33 7.34 7.36 7.39 7.52 7.64 7.92 8.26 8.75 9.29 9.59 9.65 9.75 9.85 9.97 10.09 10.18 10.26 10.18 10.11 5.79 5.12 3.93 3.70 3.73 3.74 2.84 1.68 0.00 0.17 0.17 0.00 0.00 0.00 0.00 0.00 0.00 0.00 0.00 0.00 -0.00 -0.00 0.00 0.00 0.00 0.00 0.00 0.00 0.00 0.00 0.00 0.00 0.00 0.00 0.00 0.00 0.00 0.00 0.00 0.00 0.00 0.00 0.00 0.00
5.90 5.97 6.04 6.12 6.20 6.32 6.38 6.45 6.50 6.55 6.66 6.72 6.85 6.94 7.03 7.13 7.19 7.24 7.28 7.31 7.32 7.34 7.36 7.41 7.58 7.71 8.02 8.38 9.02 9.60 9.70 9.79 9.92 10.01 10.12 10.18 10.26 10.34 10.30 10.28 7.56 5.27 3.95 3.36 3.64 3.65 2.76 1.19 0.00 0.16 0.00 0.00 0.00 0.00 0.00 0.00 0.00 0.00 0.00 0.00 -0.00 0.00 0.00 0.00 0.00 0.00 0.00 0.00 0.00 0.00 0.00 0.00 0.00 0.00 0.00 0.00 0.00 0.00 0.00 0.00 0.00 0.00 0.00 0.00
5.89 5.96 6.04 6.12 6.20 6.31 6.37 6.43 6.49 6.54 6.65 6.72 6.86 6.96 7.06 7.14 7.20 7.25 7.28 7.30 7.32 7.34 7.37 7.52 7.63 7.78 8.10 8.54 9.42 9.78 9.86 9.98 10.09 10.15 10.20 10.25 10.30 10.37 10.34 10.31 7.77 5.56 3.88 3.27 3.70 3.53 2.62 0.89 0.02 0.15 0.00 0.00 0.00 0.00 0.00 0.00 0.00 0.00 0.00 0.00 -0.00 0.00 0.00 0.00 0.00 0.00 0.00 0.00 0.00 0.00 0.00 0.00 0.00 0.00 0.00 0.00 0.00 0.00 0.00 0.00 0.00 0.00 0.00 0.00
5.88 5.96 6.03 6.11 6.19 6.29 6.36 6.41 6.47 6.52 6.58 6.72 6.87 6.98 7.08 7.15 7.21 7.25 7.28 7.30 7.31 7.34 7.39 7.56 7.68 7.85 8.04 8.83 9.81 9.99 10.04 10.13 10.18 10.23 10.26 10.30 10.37 10.39 10.37 7.76 6.55 5.28 4.20 3.69 3.92 3.53 2.63 0.93 0.02 0.15 0.00 0.00 0.00 0.00 0.00 0.00 0.00 0.00 0.00 0.00 -0.00 0.00 0.00 0.00 0.00 0.00 0.00 0.00 0.00 0.00 0.00 0.00 0.00 0.00 0.00 0.00 0.00 0.00 0.00 0.00 0.00 0.00 0.00 0.00
5.87 5.94 6.02 6.10 6.17 6.24 6.34 6.40 6.45 6.51 6.57 6.73 6.88 6.99 7.09 7.16 7.21 7.25 7.28 7.29 7.32 7.35 7.41 7.60 7.74 7.91 8.10 9.36 10.10 10.12 10.14 10.19 10.24 10.32 10.36 10.42 10.47 10.49 8.90 6.24 6.16 4.91 4.23 3.78 4.15 3.58 2.65 1.01 0.00 0.15 0.00 0.00 0.00 0.00 0.00 0.00 0.00 0.00 0.00 0.00 0.00 0.00 0.00 0.00 0.00 0.00 0.00 0.00 0.00 0.00 0.00 0.00 0.00 0.00 0.00 0.00 0.00 0.00 0.00 0.00 0.00 0.00 0.00 0.00
5.86 5.93 6.01 6.08 6.15 6.22 6.31 6.38 6.44 6.50 6.65 6.74 6.84 7.00 7.10 7.17 7.22 7.26 7.28 7.30 7.33 7.37 7.43 7.53 7.80 7.96 8.32 10.18 10.27 10.21 10.23 10.30 10.34 10.38 10.42 10.49 10.53 10.57 10.38 7.62 5.79 4.79 4.10 4.16 4.35 3.65 2.73 1.15 0.02 0.14 0.00 0.00 0.00 0.00 0.00 0.00 0.00 0.00 0.00 0.00 0.00 0.00 0.00 0.00 0.00 0.00 0.00 0.00 0.00 0.00 0.00 0.00 0.00 0.00 0.00 0.00 0.00 0.00 0.00 0.00 0.00 0.00 0.00 0.00
5.85 5.92 6.00 6.07 6.14 6.20 6.29 6.36 6.43 6.50 6.65 6.75 6.86 7.02 7.11 7.18 7.23 7.26 7.28 7.30 7.35 7.40 7.48 7.59 7.89 8.08 8.74 10.37 10.30 10.28 10.33 10.36 10.38 10.42 10.45 10.52 10.56 10.59 10.62 10.33 6.45 4.95 3.96 4.45 4.42 3.96 3.14 1.46 0.00 0.14 0.00 0.00 0.00 0.00 0.00 0.00 0.00 0.00 0.00 0.00 0.00 0.00 0.00 0.00 0.00 0.00 0.00 0.00 0.00 0.00 0.00 0.00 0.00 0.00 0.00 0.00 0.00 0.00 0.00 0.00 0.00 0.00 0.00 0.00
