tsunami_inundation/2400.asc
ncols        89
nrows        96
xllcorner    425855.973699999973
yllcorner    5091051.504999999888
cellsize     55.000000000000
NODATA_value  -9999.00
[rows 37 to 73 of 96, columns 0 to 83 of 89]
5.84 5.91 5.99 6.06 6.12 6.19 6.28 6.35 6.42 6.57 6.66 6.76 6.87 7.04 7.13 7.20 7.25 7.28 7.30 7.32 7.35 7.43 7.64 7.79 7.97 8.27 9.61 10.41 10.34 10.37 10.40 10.39 10.40 10.45 10.48 10.54 10.57 10.58 10.59 10.57 6.57 4.73 3.87 4.47 4.28 4.11 3.59 1.79 0.16 0.15 0.00 0.00 0.00 0.00 0.00 0.00 0.00 0.00 0.00 0.00 0.00 0.00 0.00 0.00 0.00 0.00 0.00 0.00 0.00 0.00 0.00 0.00 0.00 0.00 0.00 0.00 0.00 0.00 0.00 0.00 0.00 0.00 0.00 0.00
5.84 5.91 5.99 6.05 6.11 6.18 6.25 6.34 6.42 6.58 6.68 6.78 6.89 7.05 7.14 7.21 7.27 7.29 7.31 7.34 7.37 7.46 7.69 7.86 8.08 8.89 10.31 10.42 10.39 10.42 10.43 10.44 10.45 10.47 10.51 10.57 10.56 10.58 10.58 9.55 5.62 4.65 3.79 4.50 4.22 3.95 2.95 0.93 0.18 0.00 0.00 0.00 0.00 0.00 0.00 0.00 0.00 0.00 0.00 0.00 0.00 0.00 0.00 0.00 0.00 0.00 0.00 0.00 0.00 0.00 0.00 0.00 0.00 0.00 0.00 0.00 0.00 0.00 0.00 0.00 0.00 0.00 0.00 0.00
5.84 5.92 5.99 6.05 6.12 6.19 6.26 6.35 6.42 6.61 6.71 6.80 6.91 7.06 7.15 7.22 7.27 7.30 7.32 7.35 7.39 7.49 7.75 7.95 8.48 9.95 10.35 10.38 10.42 10.44 10.46 10.48 10.49 10.50 10.53 10.55 10.57 10.56 10.59 8.58 5.07 4.54 3.98 4.55 4.07 3.74 2.77 0.69 0.11 0.00 0.00 0.00 0.00 0.00 0.00 0.00 0.00 0.00 0.00 0.00 0.00 0.00 0.00 0.00 0.00 0.00 0.00 0.00 0.00 0.00 0.00 0.00 0.00 0.00 0.00 0.00 0.00 0.00 0.00 0.00 0.00 0.00 0.00 0.00
5.85 5.93 6.00 6.07 6.14 6.21 6.28 6.38 6.46 6.54 6.73 6.84 6.94 7.02 7.12 7.21 7.26 7.29 7.32 7.35 7.40 7.51 7.80 8.18 9.52 10.17 10.27 10.37 10.42 10.43 10.47 10.50 10.52 10.54 10.56 10.60 10.57 10.55 10.59 7.41 4.80 4.25 4.31 4.59 4.13 3.74 2.53 0.70 0.29 0.00 0.00 0.00 0.00 0.00 0.00 0.00 0.00 0.00 0.00 0.00 0.00 0.00 0.00 0.00 0.00 0.00 0.00 0.00 0.00 0.00 0.00 0.00 0.00 0.00 0.00 0.00 0.00 0.00 0.00 0.00 0.00 0.00 0.00 0.00
5.87 5.94 6.02 6.09 6.16 6.23 6.29 6.39 6.46 6.54 6.73 6.84 6.93 7.00 7.10 7.19 7.21 7.25 7.31 7.33 7.41 7.54 7.67 9.03 10.03 10.07 10.20 10.36 10.41 10.42 10.45 10.49 10.52 10.54 10.56 10.58 10.58 10.56 10.56 7.15 4.61 3.81 4.18 4.58 4.26 3.58 2.38 0.89 0.42 0.00 0.00 0.00 0.00 0.00 0.00 0.00 0.00 0.00 -0.00 0.00 0.00 0.00 0.00 0.00 0.00 0.00 0.00 0.00 0.00 0.00 0.00 0.00 0.00 0.00 0.00 0.00 0.00 0.00 0.00 0.00 0.00 0.00 0.00 0.00
5.89 5.97 6.04 6.11 6.18 6.24 6.30 6.39 6.54 6.63 6.73 6.83 6.91 6.97 7.05 7.10 7.15 7.20 7.25 7.32 7.40 7.52 9.07 9.98 10.00 10.03 10.17 10.31 10.39 10.41 10.43 10.46 10.50 10.53 10.56 10.61 10.57 10.57 10.36 5.89 4.82 4.00 4.26 4.49 4.33 3.53 2.36 1.44 0.41 0.00 0.00 0.00 0.00 0.00 0.00 0.00 0.00 0.00 0.00 0.00 0.00 0.00 0.00 0.00 0.00 0.00 0.00 0.00 0.00 0.00 0.00 0.00 0.00 0.00 0.00 0.00 0.00 0.00 0.00 0.00 0.00 0.00 0.00 0.00
5.91 5.99 6.06 6.12 6.18 6.23 6.29 6.34 6.45 6.62 6.72 6.81 6.89 6.95 7.02 7.07 7.12 7.17 7.23 7.30 7.40 9.62 9.90 9.90 9.93 9.99 10.11 10.24 10.34 10.39 10.41 10.43 10.47 10.50 10.54 10.57 10.57 10.57 10.27 5.42 4.88 3.96 4.57 4.45 4.26 3.41 1.99 1.48 0.10 0.00 0.00 0.00 0.00 0.00 0.00 0.00 0.00 0.00 0.00 0.00 0.00 0.00 0.00 0.00 0.00 0.00 0.00 0.00 0.00 0.00 0.00 0.00 0.00 0.00 0.00 0.00 0.00 0.00 0.00 0.00 0.00 0.00 0.00 0.00
5.94 6.01 6.08 6.13 6.17 6.22 6.28 6.34 6.44 6.62 6.71 6.79 6.86 6.92 6.97 7.04 7.09 7.14 7.21 7.29 7.45 8.19 9.81 9.84 9.94 9.97 10.04 10.15 10.30 10.39 10.41 10.44 10.46 10.49 10.55 10.56 10.55 10.57 7.29 5.05 4.19 3.95 5.49 4.67 4.09 3.06 1.29 1.39 0.00 0.00 0.00 0.00 0.00 0.00 0.00 0.00 0.00 0.00 0.00 0.00 0.00 0.00 0.00 0.00 0.00 0.00 0.00 0.00 0.00 0.00 0.00 0.00 0.00 0.00 0.00 0.00 0.00 0.00 0.00 0.00 0.00 0.00 0.00 0.00
5.95 6.02 6.07 6.12 6.16 6.21 6.26 6.33 6.52 6.61 6.70 6.78 6.84 6.90 6.95 7.02 7.06 7.12 7.19 7.31 7.73 9.71 9.73 9.86 9.96 9.98 10.05 10.13 10.22 10.35 10.42 10.45 10.47 10.49 10.51 10.54 10.52 10.53 6.30 4.51 3.67 4.99 5.56 4.58 3.96 2.76 1.08 0.00 0.00 0.00 0.00 0.00 0.00 0.00 0.00 0.00 0.00 0.00 0.00 0.00 0.00 0.00 0.00 0.00 0.00 0.00 0.00 0.00 0.00 0.00 0.00 0.00 0.00 0.00 0.00 0.00 0.00 0.00 0.00 0.00 0.00 0.00 0.00 0.00
5.92 6.01 6.06 6.11 6.15 6.20 6.25 6.32 6.52 6.60 6.69 6.76 6.82 6.88 6.93 6.99 7.04 7.10 7.19 7.43 8.62 9.60 9.77 9.89 9.95 10.00 10.04 10.09 10.16 10.29 10.37 10.43 10.46 10.48 10.49 10.49 10.51 9.51 5.78 4.12 4.41 5.24 5.32 4.96 3.79 2.55 1.19 0.00 0.00 0.00 0.00 0.00 0.00 0.00 0.00 0.00 0.00 0.00 0.00 0.00 0.00 0.00 0.00 0.00 0.00 0.00 0.00 0.00 0.00 0.00 0.00 0.00 0.00 0.00 0.00 0.00 0.00 0.00 0.00 0.00 0.00 0.00 0.00 0.00
5.92 6.00 6.05 6.09 6.13 6.18 6.24 6.31 6.51 6.60 6.67 6.74 6.80 6.86 6.91 6.98 7.03 7.11 7.35 8.50 9.35 9.52 9.77 9.86 9.93 9.99 10.02 10.06 10.12 10.19 10.30 10.37 10.43 10.48 10.49 10.47 10.50 8.44 4.96 3.89 4.49 5.57 5.10 4.71 4.65 3.31 1.67 0.80 0.00 0.00 0.00 0.00 0.00 0.00 0.00 0.00 0.00 0.00 0.00 0.00 0.00 0.00 0.00 0.00 0.00 0.00 0.00 0.00 0.00 0.00 0.00 0.00 0.00 0.00 0.00 0.00 0.00 0.00 0.00 0.00 0.00 0.00 0.00 0.00
5.91 5.99 6.03 6.07 6.12 6.17 6.23 6.31 6.51 6.58 6.65 6.71 6.77 6.83 6.89 6.97 7.04 7.19 7.92 9.15 9.26 9.34 9.74 9.85 9.94 9.99 10.03 10.08 10.12 10.18 10.26 10.32 10.39 10.45 10.48 10.46 10.50 8.04 4.56 3.75 4.73 5.64 4.96 4.70 4.26 2.76 1.10 0.00 0.00 0.00 0.00 0.00 0.00 0.00 0.00 0.00 0.00 0.00 0.00 0.00 0.00 0.00 0.00 0.00 0.00 0.00 0.00 0.00 0.00 0.00 0.00 0.00 0.00 0.00 0.00 0.00 0.00 0.00 0.00 0.00 0.00 0.00 0.00 0.00
5.90 5.97 6.01 6.05 6.09 6.15 6.22 6.30 6.50 6.57 6.63 6.69 6.76 6.82 6.88 6.95 7.08 7.49 8.81 9.15 9.19 9.52 9.73 9.87 9.97 10.05 10.10 10.14 10.18 10.23 10.27 10.32 10.37 10.42 10.46 10.45 10.47 6.46 4.36 4.08 5.62 5.85 5.23 4.80 3.74 2.47 0.82 0.08 0.00 0.00 0.00 0.00 0.00 0.00 0.00 0.00 0.00 0.00 0.00 0.00 0.00 0.00 0.00 0.00 0.00 0.00 0.00 0.00 0.00 0.00 0.00 0.00 0.00 0.00 0.00 0.00 0.00 0.00 0.00 0.00 0.00 0.00 0.00 0.00
5.88 5.95 5.99 6.03 6.08 6.15 6.21 6.29 6.49 6.56 6.62 6.69 6.75 6.82 6.88 6.95 7.22 8.20 9.06 9.10 9.20 9.55 9.81 9.98 10.10 10.19 10.24 10.28 10.31 10.34 10.36 10.39 10.42 10.44 10.45 10.44 9.29 5.44 4.75 5.02 5.81 5.76 5.29 4.76 3.97 2.33 0.60 0.00 0.00 0.00 0.00 0.00 0.00 0.00 0.00 0.00 0.00 0.00 0.00 0.00 0.00 0.00 0.00 0.00 0.00 0.00 0.00 0.00 0.00 0.00 0.00 0.00 0.00 0.00 0.00 0.00 0.00 0.00 0.00 0.00 0.00 0.00 0.00 0.00
5.87 5.91 5.98 6.02 6.07 6.13 6.20 6.36 6.48 6.55 6.61 6.68 6.75 6.81 6.88 6.97 7.64 8.87 9.06 9.12 9.54 9.68 9.86 10.05 10.14 10.22 10.27 10.30 10.34 10.37 10.39 10.41 10.44 10.50 10.48 10.41 8.02 5.30 5.20 5.29 5.36 5.37 4.82 4.00 3.33 2.19 0.31 0.00 0.00 0.00 0.00 0.00 0.00 0.00 0.00 0.00 0.00 0.00 0.00 0.00 0.00 0.00 0.00 0.00 0.00 0.00 0.00 0.00 0.00 0.00 0.00 0.00 0.00 0.00 0.00 0.00 0.00 0.00 0.00 0.00 0.00 0.00 0.00 0.00
5.85 5.90 5.96 6.01 6.06 6.12 6.19 6.35 6.47 6.54 6.61 6.67 6.74 6.81 6.89 7.04 8.34 9.01 9.08 9.33 9.64 9.73 9.82 9.94 10.03 10.11 10.16 10.21 10.26 10.30 10.33 10.37 10.41 10.48 10.49 10.18 6.88 5.37 6.04 5.32 4.82 4.58 3.89 3.22 2.99 1.77 0.00 0.00 0.00 0.00 0.00 0.00 0.00 0.00 0.00 0.00 0.00 0.00 0.00 0.00 0.00 0.00 0.00 0.00 0.00 0.00 0.00 0.00 0.00 0.00 0.00 0.00 0.00 0.00 0.00 0.00 0.00 0.00 0.00 0.00 0.00 0.00 0.00 0.00
5.84 5.88 5.94 5.99 6.04 6.11 6.18 6.34 6.42 6.53 6.60 6.67 6.74 6.82 6.96 7.50 9.01 9.14 9.42 9.56 9.57 9.67 9.70 9.80 9.87 9.96 10.02 10.08 10.14 10.19 10.22 10.29 10.34 10.40 10.47 9.21 6.64 5.38 6.18 5.10 4.15 3.64 3.24 3.29 2.99 1.09 0.28 0.00 0.00 0.00 0.00 0.00 0.00 0.00 0.00 0.00 0.00 0.00 0.00 0.00 0.00 0.00 0.00 0.00 0.00 0.00 0.00 0.00 0.00 0.00 0.00 0.00 0.00 0.00 0.00 0.00 0.00 0.00 0.00 0.00 0.00 0.00 0.00 0.00
5.82 5.86 5.92 5.97 6.03 6.10 6.25 6.33 6.42 6.53 6.61 6.68 6.76 6.86 7.14 8.16 9.13 9.29 9.46 9.47 9.53 9.55 9.59 9.69 9.76 9.84 9.91 9.98 10.05 10.11 10.15 10.22 10.29 10.35 10.44 8.89 6.34 5.34 6.25 4.93 4.07 3.37 3.23 3.31 2.73 1.40 0.16 0.00 0.00 0.00 0.00 0.00 0.00 0.00 0.00 0.00 0.00 0.00 0.00 0.00 0.00 0.00 0.00 0.00 0.00 0.00 0.00 0.00 0.00 0.00 0.00 0.00 0.00 0.00 0.00 0.00 0.00 0.00 0.00 0.00 0.00 0.00 0.00 0.00
5.80 5.83 5.90 5.95 6.01 6.08 6.16 6.33 6.42 6.54 6.62 6.70 6.79 6.94 7.59 8.98 9.20 9.30 9.35 9.39 9.45 9.49 9.55 9.63 9.69 9.77 9.83 9.91 9.99 10.05 10.11 10.19 10.25 10.35 10.37 7.48 5.95 5.23 5.98 4.59 4.00 3.71 3.71 3.04 2.26 1.59 0.17 0.00 0.00 0.00 0.00 0.00 0.00 0.00 0.00 0.00 0.00 0.00 0.00 0.00 0.00 0.00 0.00 0.00 0.00 0.00 0.00 0.00 0.00 0.00 0.00 0.00 0.00 0.00 0.00 0.00 0.00 0.00 0.00 0.00 0.00 0.00 0.00 0.00
5.76 5.80 5.85 5.94 6.01 6.08 6.24 6.33 6.42 6.56 6.64 6.73 6.83 7.16 8.44 9.17 9.16 9.22 9.22 9.26 9.39 9.45 9.51 9.56 9.65 9.71 9.78 9.84 9.91 9.98 10.04 10.09 10.15 10.27 8.89 6.25 5.30 5.63 5.73 4.42 3.80 3.62 3.69 2.72 1.26 2.33 0.00 0.00 0.00 0.00 0.00 0.00 0.00 0.00 0.00 0.00 0.00 0.00 0.00 0.00 0.00 0.00 0.00 0.00 0.00 0.00 0.00 0.00 0.00 0.00 0.00 0.00 0.00 0.00 0.00 0.00 0.00 0.00 0.00 0.00 0.00 0.00 0.00 0.00
5.74 5.79 5.84 5.92 6.00 6.06 6.24 6.33 6.43 6.58 6.67 6.76 6.93 7.71 9.07 9.14 9.07 9.11 9.14 9.22 9.35 9.41 9.47 9.52 9.56 9.61 9.67 9.73 9.79 9.85 9.90 9.97 10.13 10.19 8.67 5.80 4.95 5.62 5.31 4.22 3.44 3.72 3.62 2.55 1.60 3.07 0.00 0.00 0.00 0.00 0.00 0.00 0.00 0.00 0.00 0.00 0.00 0.00 0.00 0.00 0.00 0.00 0.00 0.00 0.00 0.00 0.00 0.00 0.00 0.00 0.00 0.00 0.00 0.00 0.00 0.00 0.00 0.00 0.00 0.00 0.00 0.00 0.00 0.00
5.74 5.78 5.83 5.91 5.97 6.05 6.14 6.34 6.47 6.59 6.76 6.82 7.19 8.58 9.12 9.02 8.98 9.04 9.09 9.22 9.27 9.33 9.37 9.43 9.51 9.56 9.61 9.67 9.74 9.79 9.84 9.90 10.05 10.01 7.48 5.49 4.82 5.57 4.88 3.90 3.64 4.12 3.56 2.81 2.10 3.30 0.00 0.00 0.00 0.00 0.00 0.00 0.00 0.00 0.00 0.00 0.00 0.00 0.00 0.00 0.00 0.00 0.00 0.00 0.00 0.00 0.00 0.00 0.00 0.00 0.00 0.00 0.00 0.00 0.00 0.00 0.00 0.00 0.00 0.00 0.00 0.00 0.00 0.00
5.73 5.77 5.82 5.90 5.96 6.04 6.26 6.38 6.52 6.65 6.87 7.37 8.78 9.04 8.97 8.77 8.87 8.94 9.05 9.16 9.21 9.27 9.33 9.39 9.47 9.52 9.57 9.63 9.70 9.75 9.79 9.86 9.94 9.91 6.83 5.39 4.96 5.36 4.89 3.61 4.42 4.48 3.70 2.63 2.04 3.28 0.00 0.00 0.00 0.00 0.00 0.00 0.00 0.00 0.00 0.00 0.00 0.00 0.00 0.00 0.00 0.00 0.00 0.00 0.00 0.00 0.00 0.00 0.00 0.00 0.00 0.00 0.00 0.00 0.00 0.00 0.00 0.00 0.00 0.00 0.00 0.00 0.00 0.00
5.70 5.75 5.80 5.85 5.95 6.04 6.27 6.41 6.56 6.70 6.99 7.92 8.95 8.89 8.70 8.72 8.83 8.85 8.93 9.11 9.17 9.24 9.29 9.34 9.42 9.47 9.52 9.58 9.65 9.70 9.74 9.80 9.88 9.25 5.95 5.21 4.96 5.39 4.52 4.29 4.91 4.54 3.58 3.21 1.42 0.27 0.00 0.00 0.00 0.00 0.00 0.00 0.00 0.00 0.00 0.00 0.00 0.00 0.00 0.00 0.00 0.00 0.00 0.00 0.00 0.00 0.00 0.00 0.00 0.00 0.00 0.00 0.00 0.00 0.00 0.00 0.00 0.00 0.00 0.00 0.00 0.00 0.00 0.00
5.69 5.73 5.78 5.84 5.95 6.04 6.30 6.44 6.60 6.75 7.20 8.52 8.92 8.74 8.63 8.67 8.75 8.80 8.96 9.03 9.09 9.19 9.24 9.29 9.34 9.42 9.46 9.53 9.60 9.65 9.69 9.75 9.82 8.16 5.52 4.83 5.12 4.97 4.19 4.74 4.58 4.04 3.55 3.46 1.06 0.11 0.00 0.00 0.00 0.00 0.00 0.00 0.00 0.00 0.00 0.00 0.00 0.00 0.00 0.00 0.00 0.00 0.00 0.00 0.00 0.00 0.00 0.00 0.00 0.00 0.00 0.00 0.00 0.00 0.00 0.00 0.00 0.00 0.00 0.00 0.00 0.00 0.00 0.00
5.67 5.72 5.77 5.83 5.95 6.06 6.32 6.48 6.64 6.79 7.10 8.80 8.83 8.60 8.58 8.64 8.71 8.75 8.84 8.99 9.05 9.11 9.15 9.21 9.25 9.38 9.37 9.42 9.48 9.58 9.63 9.73 9.14 6.09 5.22 4.61 5.09 4.53 4.35 4.78 4.36 4.04 3.29 2.24 1.39 0.00 0.00 0.00 0.00 0.00 0.00 0.00 0.00 0.00 0.00 0.00 0.00 0.00 0.00 0.00 0.00 0.00 0.00 0.00 0.00 0.00 0.00 0.00 0.00 0.00 0.00 0.00 0.00 0.00 0.00 0.00 0.00 0.00 0.00 0.00 0.00 0.00 0.00 0.00
5.66 5.71 5.76 5.83 5.96 6.07 6.35 6.51 6.67 6.83 7.36 8.80 8.70 8.51 8.54 8.62 8.64 8.69 8.86 8.93 8.99 9.06 9.12 9.17 9.23 9.30 9.35 9.39 9.45 9.53 9.55 9.68 7.58 5.62 5.13 4.48 4.76 4.32 4.57 4.87 4.27 4.59 3.39 2.66 2.39 0.70 0.00 0.00 0.00 0.00 0.00 0.00 0.00 0.00 0.00 0.00 0.00 0.00 0.00 0.00 0.00 0.00 0.00 0.00 0.00 0.00 0.00 0.00 0.00 0.00 0.00 0.00 0.00 0.00 0.00 0.00 0.00 0.00 0.00 0.00 0.00 0.00 0.00 0.00
5.64 5.69 5.75 5.83 5.97 6.09 6.38 6.54 6.68 6.93 7.93 8.69 8.49 8.45 8.51 8.57 8.60 8.66 8.73 8.89 8.96 9.02 9.08 9.14 9.20 9.28 9.33 9.37 9.43 9.47 9.52 9.62 7.04 5.18 4.94 4.46 3.83 4.13 4.72 5.06 4.79 5.18 4.36 3.16 2.42 0.06 0.00 0.00 0.00 0.00 0.00 0.00 0.00 0.00 0.00 0.00 0.00 0.00 0.00 0.00 0.00 0.00 0.00 0.00 0.00 0.00 0.00 0.00 0.00 0.00 0.00 0.00 0.00 0.00 0.00 0.00 0.00 0.00 0.00 0.00 0.00 0.00 0.00 0.00
5.63 5.68 5.75 5.84 5.94 6.26 6.42 6.56 6.70 7.07 8.27 8.56 8.41 8.43 8.48 8.53 8.56 8.63 8.79 8.86 8.92 8.99 9.05 9.11 9.17 9.22 9.30 9.36 9.41 9.46 9.50 9.60 5.96 5.10 4.57 4.24 3.48 4.74 5.11 5.08 4.29 5.15 4.36 2.77 1.88 0.00 0.00 0.00 0.00 0.00 0.00 0.00 0.00 0.00 0.00 0.00 0.00 0.00 0.00 0.00 0.00 0.00 0.00 0.00 0.00 0.00 0.00 0.00 0.00 0.00 0.00 0.00 0.00 0.00 0.00 0.00 0.00 0.00 0.00 0.00 0.00 0.00 0.00 0.00
5.61 5.67 5.75 5.85 6.14 6.28 6.43 6.56 6.72 7.28 8.39 8.44 8.37 8.41 8.45 8.48 8.54 8.60 8.77 8.83 8.90 8.96 9.02 9.07 9.13 9.19 9.28 9.34 9.39 9.44 9.49 9.57 6.62 4.96 4.63 4.10 3.81 5.09 5.14 4.82 4.28 3.86 3.36 2.29 0.00 0.00 0.00 0.00 0.00 0.00 0.00 0.00 0.00 0.00 0.00 0.00 0.00 0.00 0.00 0.00 0.00 0.00 0.00 0.00 0.00 0.00 0.00 0.00 0.00 0.00 0.00 0.00 0.00 0.00 0.00 0.00 0.00 0.00 0.00 0.00 0.00 0.00 0.00 0.00
5.60 5.67 5.76 5.85 5.96 6.29 6.43 6.56 6.75 7.52 8.37 8.37 8.34 8.38 8.41 8.45 8.52 8.57 8.74 8.81 8.87 8.94 8.99 9.05 9.11 9.17 9.26 9.30 9.35 9.40 9.45 9.54 6.36 4.80 4.54 4.03 4.22 5.12 5.08 4.78 4.11 3.67 2.98 2.37 0.00 0.00 0.00 0.00 0.00 0.00 0.00 0.00 0.00 0.00 0.00 0.00 0.00 0.00 0.00 0.00 0.00 0.00 0.00 0.00 0.00 0.00 0.00 0.00 0.00 0.00 0.00 0.00 0.00 0.00 0.00 0.00 0.00 0.00 0.00 0.00 0.00 0.00 0.00 0.00
5.60 5.67 5.76 5.86 6.16 6.29 6.42 6.55 6.82 7.72 8.28 8.28 8.32 8.35 8.37 8.43 8.49 8.60 8.68 8.78 8.84 8.90 8.96 9.01 9.07 9.13 9.22 9.28 9.33 9.38 9.47 9.51 6.22 4.51 4.35 4.03 4.60 5.03 4.97 4.65 4.26 3.47 2.72 2.54 0.36 0.00 0.00 0.00 0.00 0.00 0.00 0.00 0.00 0.00 0.00 0.00 0.00 0.00 0.00 0.00 0.00 0.00 0.00 0.00 0.00 0.00 0.00 0.00 0.00 0.00 0.00 0.00 0.00 0.00 0.00 0.00 0.00 0.00 0.00 0.00 0.00 0.00 0.00 0.00
5.59 5.67 5.76 5.86 5.97 6.29 6.42 6.55 6.91 7.84 8.19 8.20 8.30 8.31 8.32 8.39 8.45 8.57 8.64 8.74 8.81 8.87 8.93 8.99 9.05 9.10 9.20 9.25 9.30 9.35 9.44 9.48 6.03 4.17 3.99 4.19 4.58 4.72 4.77 4.49 4.05 3.32 2.74 2.31 0.00 0.00 0.00 0.00 0.00 0.00 0.00 0.00 0.00 0.00 0.00 0.00 0.00 0.00 0.00 0.00 0.00 0.00 0.00 0.00 0.00 0.00 0.00 0.00 0.00 0.00 0.00 0.00 0.00 0.00 0.00 0.00 0.00 0.00 0.00 0.00 0.00 0.00 0.00 0.00
5.58 5.67 5.76 5.86 6.10 6.29 6.41 6.56 7.06 7.86 8.05 8.10 8.25 8.25 8.30 8.37 8.42 8.48 8.61 8.71 8.78 8.85 8.91 8.97 9.03 9.09 9.15 9.23 9.28 9.32 9.41 9.42 5.91 3.95 3.94 4.11 4.53 4.24 4.41 4.24 3.85 3.09 2.81 0.06 0.00 0.00 0.00 0.00 0.00 0.00 0.00 0.00 0.00 0.00 0.00 0.00 0.00 0.00 0.00 0.00 0.00 0.00 0.00 0.00 0.00 0.00 0.00 0.00 0.00 0.00 0.00 0.00 0.00 0.00 0.00 0.00 0.00 0.00 0.00 0.00 0.00 0.00 0.00 0.00
5.58 5.66 5.75 5.85 6.09 6.28 6.40 6.60 7.11 7.81 7.97 8.05 8.21 8.22 8.28 8.34 8.39 8.45 8.58 8.69 8.76 8.83 8.89 8.95 9.01 9.07 9.13 9.21 9.26 9.30 9.34 9.16 5.55 4.05 4.16 4.14 4.48 4.04 3.81 3.81 3.43 2.74 2.68 0.00 0.00 0.00 0.00 0.00 0.00 0.00 0.00 0.00 0.00 0.00 0.00 0.00 0.00 0.00 0.00 0.00 0.00 0.00 0.00 0.00 0.00 0.00 0.00 0.00 0.00 0.00 0.00 0.00 0.00 0.00 0.00 0.00 0.00 0.00 0.00 0.00 0.00 0.00 0.00 0.00
5.56 5.66 5.75 5.96 6.08 6.28 6.40 6.63 7.14 7.74 7.87 8.02 8.15 8.19 8.25 8.31 8.36 8.50 8.56 8.67 8.74 8.81 8.88 8.93 8.99 9.06 9.12 9.19 9.24 9.28 9.32 7.20 4.64 4.13 4.14 3.82 3.93 3.72 3.64 3.58 3.25 2.52 2.55 0.50 0.00 0.00 0.00 0.00 0.00 0.00 0.00 0.00 0.00 0.00 0.00 0.00 0.00 0.00 0.00 0.00 0.00 0.00 0.00 0.00 0.00 0.00 0.00 0.00 0.00 0.00 0.00 0.00 0.00 0.00 0.00 0.00 0.00 0.00 0.00 0.00 0.00 0.00 0.00 0.00
5.55 5.64 5.73 5.95 6.07 6.26 6.39 6.65 7.15 7.64 7.77 8.00 8.11 8.16 8.23 8.29 8.41 8.48 8.55 8.62 8.72 8.79 8.85 8.91 8.98 9.03 9.10 9.17 9.21 9.25 9.26 6.21 4.29 4.00 4.06 3.62 3.40 3.53 3.53 3.64 3.32 2.78 2.23 0.07 0.00 0.00 0.00 0.00 0.00 0.00 0.00 0.00 0.00 0.00 0.00 0.00 0.00 0.00 0.00 0.00 0.00 0.00 0.00 0.00 0.00 0.00 0.00 0.00 0.00 0.00 0.00 0.00 0.00 0.00 0.00 0.00 0.00 0.00 0.00 0.00 0.00 0.00 0.00 0.00
