tsunami_inundation/2430.asc
ncols        89
nrows        96
xllcorner    425855.973699999973
yllcorner    5091051.504999999888
cellsize     55.000000000000
NODATA_value  -9999.00
[rows 0 to 36 of 96, columns 0 to 83 of 89]
-9999.00 5.67 5.73 5.78 5.91 5.87 5.94 5.99 6.03 6.11 6.15 6.20 6.25 6.33 7.42 8.77 8.76 8.75 8.79 8.79 8.81 8.83 8.84 8.84 8.85 8.85 8.86 8.87 8.88 8.89 8.91 8.92 8.93 8.95 8.96 8.98 9.00 9.01 9.02 9.04 8.97 3.31 1.56 1.68 1.58 0.64 0.04 0.00 0.00 0.00 0.00 0.17 0.18 0.18 0.18 0.19 0.19 0.19 0.19 0.00 0.00 0.00 0.00 0.00 0.00 0.00 0.00 0.00 0.00 0.00 0.00 0.00 0.00 0.00 0.00 0.00 0.00 0.00 0.00 0.00 0.00 0.00 0.00 0.00
-9999.00 5.75 5.81 5.91 5.96 6.01 6.09 6.08 6.19 6.24 6.22 6.27 6.31 6.38 7.13 8.70 8.76 8.79 8.83 8.83 8.84 8.85 8.86 8.86 8.87 8.87 8.88 8.88 8.89 8.90 8.91 8.92 8.93 8.94 8.95 8.97 8.98 8.99 9.00 9.00 8.95 3.63 0.87 1.13 1.37 1.01 0.12 0.00 0.00 0.00 0.17 0.17 0.17 0.18 0.18 0.18 0.19 0.19 0.19 0.00 0.00 0.00 0.00 0.00 0.00 0.00 0.00 0.00 0.00 0.00 0.00 0.00 0.00 0.00 0.00 0.00 0.00 0.00 0.00 0.00 0.00 0.00 0.00 0.00
-9999.00 5.80 5.91 5.96 6.01 6.06 6.11 6.19 6.24 6.29 6.34 6.33 6.44 6.50 6.92 8.91 8.82 8.83 8.88 8.88 8.88 8.87 8.87 8.88 8.88 8.89 8.89 8.89 8.90 8.90 8.91 8.92 8.93 8.93 8.94 8.95 8.96 8.96 8.97 8.96 8.91 2.14 0.88 0.90 1.07 1.03 0.61 0.10 0.00 0.17 0.17 0.17 0.17 0.17 0.17 0.18 0.19 0.19 0.00 0.00 0.00 0.00 0.00 0.00 0.00 0.00 0.00 0.00 0.00 0.00 0.00 0.00 0.00 0.00 0.00 0.00 0.00 0.00 0.00 0.00 0.00 0.00 0.00 0.00
-9999.00 5.84 5.96 6.01 6.06 6.11 6.16 6.24 6.29 6.34 6.39 6.44 6.49 6.55 6.80 8.05 8.90 8.88 8.92 8.93 8.92 8.90 8.89 8.89 8.89 8.90 8.90 8.90 8.91 8.91 8.92 8.92 8.93 8.93 8.93 8.94 8.94 8.94 8.94 8.93 8.92 6.32 1.40 0.91 0.90 0.88 0.71 0.05 0.26 0.45 0.61 0.71 0.69 0.49 0.24 0.18 0.18 0.18 0.07 0.00 0.00 0.00 0.00 0.00 0.00 0.00 0.00 0.00 0.00 0.00 0.00 0.00 0.00 0.00 0.00 0.00 0.00 0.00 0.00 0.00 0.00 0.00 0.00 0.00
-9999.00 5.86 5.98 6.04 6.10 6.15 6.21 6.29 6.34 6.39 6.44 6.49 6.55 6.63 6.69 8.58 9.08 8.99 9.00 8.99 9.02 8.97 8.95 8.94 8.93 8.92 8.91 8.91 8.91 8.91 8.92 8.92 8.92 8.93 8.93 8.93 8.92 8.91 8.90 8.89 8.88 7.83 1.80 1.08 0.95 0.78 0.81 0.86 1.19 1.28 1.26 1.31 1.38 1.46 0.92 0.22 0.17 0.17 0.18 0.00 0.00 0.00 0.00 0.00 0.00 0.00 0.00 0.00 0.00 0.00 0.00 0.00 0.00 0.00 0.00 0.00 0.00 0.00 0.00 0.00 0.00 0.00 0.00 0.00
-9999.00 5.88 6.00 6.06 6.12 6.17 6.23 6.32 6.38 6.44 6.50 6.55 6.61 6.67 6.73 8.03 9.08 9.04 9.02 9.05 9.05 9.04 8.99 8.98 9.01 8.99 8.97 8.92 8.91 8.91 8.91 8.91 8.91 8.91 8.91 8.91 8.89 8.88 8.86 8.84 8.82 7.76 2.16 1.35 1.16 0.89 0.72 1.69 1.58 1.58 1.63 1.70 1.74 1.89 1.74 1.62 1.14 0.17 0.17 0.17 0.18 0.08 0.00 0.00 0.00 0.00 0.00 0.00 0.00 0.00 0.00 0.00 0.00 0.00 0.00 0.00 0.00 0.00 0.00 0.00 0.00 0.00 0.00 0.00
-9999.00 5.96 6.02 6.08 6.14 6.20 6.25 6.31 6.40 6.45 6.51 6.57 6.63 6.70 6.76 7.55 8.95 9.10 9.02 9.05 9.07 9.07 9.07 9.06 9.06 9.04 9.02 8.95 8.93 8.91 8.90 8.90 8.89 8.89 8.89 8.88 8.86 8.84 8.82 8.78 8.73 3.93 2.48 1.78 1.57 1.32 1.06 1.15 1.73 1.71 1.75 1.90 1.93 2.02 2.29 1.90 1.91 1.74 0.19 0.17 0.18 0.18 0.05 0.00 0.00 0.00 0.00 0.00 0.00 0.00 0.00 0.00 0.00 0.00 0.00 0.00 0.00 0.00 0.00 0.00 0.00 0.00 0.00 0.00
-9999.00 5.98 6.04 6.10 6.16 6.22 6.27 6.33 6.41 6.47 6.53 6.59 6.65 6.71 6.78 7.22 8.47 9.10 9.04 9.04 9.08 9.09 9.09 9.10 9.09 9.09 9.07 9.04 8.99 8.96 8.94 8.92 8.90 8.87 8.87 8.86 8.84 8.78 8.74 8.69 8.62 8.53 3.17 2.08 1.81 1.60 1.39 1.33 1.97 1.85 1.92 2.29 2.30 2.16 2.65 2.87 2.81 2.52 0.06 0.00 0.18 0.18 0.18 0.18 0.18 0.00 0.00 0.00 0.00 0.00 0.00 0.00 0.00 0.00 0.00 0.00 0.00 0.00 0.00 0.00 0.00 0.00 0.00 0.00
-9999.00 5.98 6.04 6.11 6.17 6.23 6.29 6.34 6.43 6.49 6.55 6.61 6.67 6.73 6.79 7.05 7.83 9.02 9.06 9.02 9.06 9.09 9.11 9.12 9.13 9.14 9.13 9.09 9.05 9.01 8.97 8.94 8.90 8.87 8.83 8.82 8.77 8.70 8.64 8.56 8.53 6.05 3.83 2.74 2.07 1.82 1.61 2.01 2.39 2.25 2.09 2.28 2.55 2.53 2.56 3.51 3.22 2.87 0.04 0.00 0.00 0.18 0.18 0.18 0.18 0.18 0.00 0.00 0.00 0.00 0.00 0.00 0.00 0.00 0.00 0.00 0.00 0.00 0.00 0.00 0.00 0.00 0.00 0.00
-9999.00 5.91 6.04 6.10 6.17 6.22 6.28 6.34 6.43 6.49 6.55 6.62 6.68 6.74 6.80 6.98 7.38 8.30 9.04 9.00 9.00 9.07 9.10 9.13 9.15 9.15 9.16 9.15 9.10 9.04 9.00 8.96 8.91 8.87 8.82 8.79 8.76 8.70 8.63 8.55 8.43 6.89 4.36 3.23 2.43 2.13 2.63 3.24 2.86 2.74 2.59 2.18 2.44 2.54 3.91 3.94 3.75 2.04 0.00 0.00 0.00 0.00 0.00 0.00 0.14 0.19 0.00 0.00 0.00 0.00 0.00 0.00 0.00 0.00 0.00 0.00 0.00 0.00 0.00 0.00 0.00 0.00 0.00 0.00
-9999.00 5.88 6.04 6.10 6.16 6.22 6.28 6.33 6.42 6.49 6.55 6.61 6.67 6.73 6.79 6.96 7.09 7.67 8.88 9.03 8.97 9.01 9.08 9.11 9.14 9.16 9.17 9.17 9.14 9.10 9.04 8.98 8.93 8.88 8.84 8.82 8.80 8.77 8.75 8.70 8.61 8.13 7.70 6.19 3.15 3.68 4.60 3.71 3.43 3.25 3.14 2.93 2.78 2.56 4.57 4.72 3.68 1.57 0.01 0.00 0.00 0.00 0.00 0.00 0.00 0.18 0.00 0.00 0.00 0.00 0.00 0.00 0.00 0.00 0.00 0.00 0.00 0.00 0.00 0.00 0.00 0.00 0.00 0.00
-9999.00 5.89 6.04 6.10 6.16 6.22 6.28 6.33 6.39 6.48 6.54 6.60 6.66 6.72 6.84 6.93 7.02 7.27 8.26 9.02 8.98 8.97 9.04 9.10 9.12 9.15 9.17 9.18 9.17 9.14 9.08 9.03 8.97 8.93 8.92 8.96 9.07 9.24 9.44 9.46 9.40 8.70 8.23 7.66 6.54 5.56 5.39 5.00 4.55 3.90 3.27 2.93 3.83 4.52 4.88 5.06 3.62 1.59 0.09 0.00 0.00 0.00 0.00 0.00 0.00 0.18 0.00 0.00 0.00 0.00 0.00 0.00 0.00 0.00 0.00 0.00 0.00 0.00 0.00 0.00 0.00 0.00 0.00 0.00
5.89 5.99 6.05 6.11 6.17 6.23 6.28 6.34 6.39 6.48 6.54 6.60 6.66 6.77 6.82 6.91 6.98 7.10 7.59 8.77 9.01 8.94 8.98 9.09 9.11 9.13 9.15 9.18 9.18 9.18 9.14 9.10 9.07 9.09 9.26 10.02 10.08 9.95 9.76 9.63 9.15 8.68 8.25 7.73 6.61 6.22 6.07 5.59 5.00 4.21 3.52 1.94 4.13 5.10 5.79 5.32 3.21 1.69 0.12 0.00 0.00 0.00 0.00 0.00 0.00 0.18 0.00 0.00 0.00 0.00 0.00 0.00 0.00 0.00 0.00 0.00 0.00 0.00 0.00 0.00 0.00 0.00 0.00 0.00
5.90 6.00 6.06 6.12 6.18 6.23 6.29 6.34 6.40 6.49 6.55 6.61 6.66 6.72 6.82 6.87 6.96 7.03 7.22 8.01 8.95 8.95 8.92 9.05 9.10 9.12 9.15 9.17 9.18 9.20 9.25 9.32 9.58 10.11 10.42 10.30 10.11 9.97 9.81 9.45 9.18 8.77 8.34 7.81 7.15 6.75 6.62 6.21 5.42 4.53 4.04 3.07 3.28 5.93 6.18 5.03 3.06 1.72 0.25 0.00 0.00 0.00 0.00 0.00 0.00 0.16 0.00 0.00 0.00 0.00 0.00 0.00 0.00 0.00 0.00 0.00 0.00 0.00 0.00 0.00 0.00 0.00 0.00 0.00
5.91 6.01 6.07 6.13 6.18 6.24 6.29 6.35 6.41 6.50 6.56 6.61 6.67 6.77 6.82 6.87 6.95 7.01 7.10 7.42 8.45 8.96 8.91 8.88 9.01 9.08 9.12 9.17 9.20 9.24 9.38 9.73 10.46 10.71 10.54 10.31 10.16 10.06 9.87 9.49 9.22 8.97 8.44 7.84 7.49 7.11 6.95 6.80 5.84 4.51 3.99 3.59 4.14 5.97 6.33 4.45 2.80 1.69 0.23 0.00 0.00 0.00 0.00 0.00 0.00 0.05 0.00 0.00 0.00 0.00 0.00 0.00 0.00 0.00 0.00 0.00 0.00 0.00 0.00 0.00 0.00 0.00 0.00 0.00
5.92 5.99 6.08 6.13 6.19 6.24 6.30 6.35 6.41 6.50 6.56 6.62 6.67 6.77 6.82 6.87 6.95 7.00 7.06 7.13 7.41 8.35 8.92 8.88 8.90 9.00 9.06 9.18 9.24 9.32 9.51 10.57 10.86 10.73 10.52 10.39 10.31 10.18 9.94 9.77 9.33 9.06 8.57 8.17 8.02 7.47 7.04 7.11 6.44 4.99 3.86 3.35 2.47 5.84 6.12 4.43 1.93 1.19 0.07 0.00 0.00 0.00 0.00 0.00 0.00 0.00 0.00 0.00 0.00 0.00 0.00 0.00 0.00 0.00 0.00 0.00 0.00 0.00 0.00 0.00 0.00 0.00 0.00 0.00
5.92 5.99 6.08 6.13 6.19 6.24 6.30 6.36 6.42 6.48 6.57 6.62 6.67 6.77 6.82 6.86 6.94 6.99 7.04 7.10 7.19 7.57 8.58 8.91 8.85 8.90 9.01 9.17 9.30 9.46 10.03 10.97 10.88 10.67 10.55 10.53 10.44 10.28 10.13 9.88 9.47 9.24 8.93 8.63 8.50 7.79 7.16 6.83 6.28 5.28 4.10 2.80 1.88 5.87 5.41 4.20 1.80 1.22 0.05 0.00 0.00 0.00 0.00 0.00 0.00 0.00 0.00 0.00 0.00 0.00 0.00 0.00 0.00 0.00 0.00 0.00 0.00 0.00 0.00 0.00 0.00 0.00 0.00 0.00
5.93 5.99 6.08 6.13 6.19 6.24 6.30 6.36 6.42 6.48 6.56 6.62 6.67 6.72 6.81 6.86 6.93 6.98 7.03 7.08 7.14 7.24 7.69 8.68 8.88 8.87 9.07 9.19 9.35 9.77 10.82 11.04 10.84 10.65 10.64 10.61 10.51 10.43 10.31 10.05 9.81 9.61 9.39 9.16 8.99 8.17 7.20 6.22 5.84 4.54 3.64 2.48 5.13 5.76 4.86 3.61 1.64 0.74 0.01 0.00 0.00 0.00 0.00 0.00 0.00 0.00 0.00 0.00 0.00 0.00 0.00 0.00 0.00 0.00 0.00 0.00 0.00 0.00 0.00 0.00 0.00 0.00 0.00 0.00
5.92 5.99 6.08 6.13 6.19 6.25 6.30 6.36 6.42 6.48 6.56 6.61 6.66 6.76 6.81 6.86 6.90 6.97 7.01 7.06 7.11 7.16 7.28 7.75 8.88 8.92 8.96 9.26 9.51 10.42 11.11 10.98 10.76 10.75 10.75 10.70 10.67 10.63 10.55 10.22 10.06 9.87 9.66 9.48 9.23 8.71 6.84 5.18 4.60 4.00 3.14 2.53 2.06 5.48 5.05 3.01 1.22 0.06 0.00 0.00 0.00 0.00 0.00 0.00 0.00 0.00 0.00 0.00 0.00 0.00 0.00 0.00 0.00 0.00 0.00 0.00 0.00 0.00 0.00 0.00 0.00 0.00 0.00 0.00
5.92 5.98 6.04 6.13 6.19 6.25 6.30 6.36 6.42 6.48 6.56 6.61 6.66 6.76 6.81 6.85 6.90 6.96 7.01 7.05 7.09 7.14 7.19 7.31 7.76 9.06 9.26 9.49 10.15 10.98 11.08 10.84 10.80 10.86 10.86 10.83 10.78 10.72 10.64 10.49 10.24 10.08 9.91 9.74 9.46 8.74 3.95 3.04 4.34 3.76 3.13 2.78 3.13 5.08 5.35 2.29 0.37 0.01 0.00 0.00 0.00 0.00 0.00 0.00 0.00 0.00 0.00 0.00 0.00 0.00 0.00 0.00 0.00 0.00 0.00 0.00 0.00 0.00 0.00 0.00 0.00 0.00 0.00 0.00
5.91 5.98 6.04 6.13 6.19 6.24 6.30 6.36 6.42 6.47 6.52 6.60 6.65 6.76 6.81 6.85 6.90 6.96 7.00 7.04 7.08 7.12 7.17 7.23 7.34 7.81 9.50 9.91 10.37 10.94 11.03 10.97 10.96 10.98 10.96 10.91 10.85 10.78 10.69 10.45 10.35 10.25 10.11 9.99 8.72 5.28 3.22 3.05 3.97 3.69 3.14 2.40 3.21 4.52 5.03 1.49 0.08 0.00 0.00 0.00 0.00 0.00 0.00 0.00 0.00 0.00 0.00 0.00 0.00 0.00 0.00 0.00 0.00 0.00 0.00 0.00 0.00 0.00 0.00 0.00 0.00 0.00 0.00 0.00
5.91 5.97 6.04 6.13 6.18 6.24 6.30 6.35 6.41 6.46 6.52 6.60 6.72 6.77 6.81 6.86 6.90 6.96 6.99 7.03 7.07 7.11 7.17 7.24 7.35 8.10 8.98 9.86 10.37 11.05 11.21 11.20 11.09 11.03 10.98 10.94 10.90 10.83 10.65 10.52 10.43 10.36 10.29 10.20 7.23 4.45 2.76 2.83 3.41 2.88 2.64 1.39 2.52 3.62 3.35 0.00 0.00 0.00 0.00 0.00 0.00 0.00 0.00 -0.00 0.00 0.00 0.00 0.00 0.00 0.00 0.00 0.00 0.00 0.00 0.00 0.00 0.00 0.00 0.00 0.00 0.00 0.00 0.00 0.00
5.90 5.97 6.03 6.12 6.18 6.23 6.29 6.34 6.40 6.46 6.52 6.62 6.68 6.78 6.82 6.86 6.90 6.94 6.99 7.03 7.06 7.11 7.18 7.27 7.40 8.14 8.52 8.89 9.75 11.24 11.66 11.47 11.10 11.08 11.03 10.96 10.92 10.88 10.72 10.59 10.51 10.44 10.37 10.28 5.08 3.84 2.35 3.60 3.10 2.33 1.52 1.73 2.28 3.08 1.85 0.00 0.00 0.00 0.00 0.00 0.00 0.00 0.00 -0.00 0.00 0.00 0.00 0.00 0.00 0.00 0.00 0.00 0.00 0.00 0.00 0.00 0.00 0.00 0.00 0.00 0.00 0.00 0.00 0.00
5.89 5.96 6.03 6.11 6.17 6.22 6.28 6.34 6.40 6.46 6.53 6.63 6.74 6.79 6.83 6.87 6.90 6.94 6.98 7.02 7.07 7.12 7.20 7.32 7.49 8.30 8.40 8.61 9.07 10.13 11.63 11.62 11.21 11.09 11.05 11.00 10.94 10.90 10.87 10.67 10.55 10.47 10.42 7.85 4.50 3.52 3.57 3.94 3.34 2.52 1.53 0.45 2.22 2.60 0.53 0.00 0.00 0.00 0.00 0.00 0.00 0.00 0.00 0.00 0.00 0.00 0.00 0.00 0.00 0.00 0.00 0.00 0.00 0.00 0.00 0.00 0.00 0.00 0.00 0.00 0.00 0.00 0.00 0.00
5.88 5.95 6.02 6.07 6.16 6.21 6.27 6.33 6.40 6.47 6.54 6.64 6.75 6.80 6.83 6.87 6.90 6.93 6.98 7.02 7.08 7.17 7.29 7.47 7.78 8.25 8.90 8.81 9.03 9.31 10.11 10.61 11.45 11.28 11.11 11.01 10.97 10.93 10.83 10.69 10.59 10.50 10.44 7.39 4.35 4.10 4.80 4.00 3.42 2.60 1.50 0.77 2.08 2.30 0.00 0.00 0.00 0.00 0.00 0.00 0.00 0.00 0.00 0.00 0.00 0.00 0.00 0.00 0.00 0.00 0.00 0.00 0.00 0.00 0.00 0.00 0.00 0.00 0.00 0.00 0.00 0.00 0.00 0.00
5.87 5.94 6.00 6.06 6.14 6.20 6.26 6.33 6.40 6.48 6.55 6.62 6.76 6.80 6.83 6.86 6.89 6.92 6.98 7.04 7.12 7.23 7.38 7.64 8.41 8.84 9.03 9.02 9.25 9.45 9.56 9.79 10.29 11.28 11.23 11.09 10.99 10.93 10.88 10.67 10.59 10.48 10.30 6.48 4.38 4.83 4.91 4.14 3.53 2.54 1.42 0.40 1.62 1.97 0.00 0.00 0.00 0.00 0.00 0.00 0.00 0.00 0.00 0.00 0.00 0.00 0.00 0.00 0.00 0.00 0.00 0.00 0.00 0.00 0.00 0.00 0.00 0.00 0.00 0.00 0.00 0.00 0.00 0.00
5.86 5.93 5.99 6.04 6.12 6.18 6.25 6.33 6.41 6.49 6.57 6.64 6.77 6.80 6.83 6.86 6.89 6.92 6.99 7.06 7.15 7.28 7.46 7.78 8.23 9.04 9.11 9.23 9.39 9.53 9.64 9.73 9.83 9.90 10.06 10.34 11.00 10.91 10.80 10.64 10.55 10.46 10.00 5.79 4.43 5.32 4.79 4.10 3.45 2.38 1.26 0.19 0.53 0.09 0.00 0.00 0.00 0.00 0.00 0.00 0.00 -0.00 0.00 0.00 0.00 0.00 0.00 0.00 0.00 0.00 0.00 0.00 0.00 0.00 0.00 0.00 0.00 0.00 0.00 0.00 0.00 0.00 0.00 0.00
5.85 5.91 5.97 6.02 6.11 6.17 6.24 6.32 6.41 6.50 6.58 6.73 6.77 6.80 6.83 6.86 6.89 6.93 6.98 7.09 7.19 7.34 7.56 7.93 8.97 9.17 9.25 9.36 9.44 9.55 9.66 9.74 9.79 9.86 9.92 10.00 10.11 10.24 10.75 10.36 10.50 10.43 9.07 4.97 4.44 5.40 4.68 3.93 3.23 2.31 0.21 0.16 0.00 0.00 0.00 0.00 0.00 0.00 0.00 0.00 0.00 -0.00 0.00 0.00 0.00 0.00 0.00 0.00 0.00 0.00 0.00 0.00 0.00 0.00 0.00 0.00 0.00 0.00 0.00 0.00 0.00 0.00 0.00 0.00
5.84 5.89 5.95 6.00 6.09 6.17 6.24 6.33 6.43 6.51 6.59 6.73 6.77 6.80 6.83 6.86 6.90 6.94 7.00 7.13 7.24 7.40 7.66 8.14 8.91 9.27 9.37 9.41 9.48 9.57 9.67 9.75 9.80 9.87 9.91 9.96 10.00 10.04 10.06 10.04 10.33 9.80 4.52 4.13 5.07 5.17 4.43 3.98 2.92 2.16 0.70 0.16 0.00 0.00 0.00 0.00 0.00 0.00 0.00 0.00 -0.00 -0.00 0.00 0.00 0.00 0.00 0.00 0.00 0.00 0.00 0.00 0.00 0.00 0.00 0.00 0.00 0.00 0.00 0.00 0.00 0.00 0.00 0.00 0.00
5.82 5.88 5.94 6.00 6.06 6.17 6.26 6.35 6.44 6.53 6.61 6.74 6.78 6.81 6.84 6.87 6.91 6.97 7.03 7.17 7.30 7.47 7.79 8.56 9.34 9.38 9.46 9.49 9.58 9.64 9.71 9.77 9.83 9.87 9.90 9.94 9.98 10.04 10.02 9.98 8.51 5.48 4.20 4.09 4.95 5.00 4.18 3.63 2.67 1.90 0.56 0.00 0.00 0.00 0.00 0.00 0.00 0.00 0.00 0.00 -0.00 -0.00 0.00 0.00 0.00 0.00 0.00 0.00 0.00 0.00 0.00 0.00 0.00 0.00 0.00 0.00 0.00 0.00 0.00 0.00 0.00 0.00 0.00 0.00
5.81 5.87 5.93 5.99 6.06 6.18 6.27 6.37 6.47 6.55 6.68 6.73 6.79 6.82 6.84 6.88 6.93 6.99 7.07 7.22 7.36 7.55 8.33 9.54 9.54 9.54 9.60 9.61 9.63 9.67 9.73 9.79 9.85 9.88 9.90 9.94 9.98 10.00 9.99 9.99 5.79 5.22 4.12 4.20 4.75 4.78 4.12 3.58 2.38 0.97 0.55 0.00 0.00 0.00 0.00 0.00 0.00 0.00 0.00 0.00 -0.00 -0.00 0.00 0.00 0.00 0.00 0.00 0.00 0.00 0.00 0.00 0.00 0.00 0.00 0.00 0.00 0.00 0.00 0.00 0.00 0.00 0.00 0.00 0.00
5.80 5.86 5.93 5.99 6.07 6.19 6.29 6.40 6.50 6.58 6.70 6.74 6.80 6.82 6.86 6.90 6.96 7.03 7.13 7.31 7.47 7.83 9.21 9.82 9.58 9.60 9.64 9.65 9.67 9.70 9.74 9.80 9.87 9.90 9.92 9.95 9.99 10.00 9.99 10.02 7.37 5.24 4.04 3.81 4.69 4.73 4.12 3.53 2.21 0.92 0.00 0.00 0.00 0.00 0.00 0.00 0.00 0.00 0.00 0.00 -0.00 0.00 0.00 0.00 0.00 0.00 0.00 0.00 0.00 0.00 0.00 0.00 0.00 0.00 0.00 0.00 0.00 0.00 0.00 0.00 0.00 0.00 0.00 0.00
5.79 5.86 5.93 6.00 6.08 6.21 6.31 6.42 6.52 6.61 6.73 6.77 6.81 6.84 6.87 6.91 6.98 7.05 7.16 7.29 7.57 8.50 9.83 9.64 9.62 9.66 9.66 9.67 9.70 9.73 9.77 9.81 9.87 9.92 9.95 9.97 9.99 10.02 9.99 9.97 7.50 5.45 3.89 3.65 4.71 4.65 4.12 3.51 2.50 0.48 0.00 0.00 0.00 0.00 0.00 0.00 0.00 0.00 0.00 0.00 -0.00 0.00 0.00 0.00 0.00 0.00 0.00 0.00 0.00 0.00 0.00 0.00 0.00 0.00 0.00 0.00 0.00 0.00 0.00 0.00 0.00 0.00 0.00 0.00
5.80 5.87 5.94 6.02 6.10 6.25 6.35 6.46 6.56 6.64 6.70 6.77 6.81 6.84 6.87 6.92 6.99 7.08 7.19 7.33 7.95 9.56 9.86 9.62 9.65 9.66 9.66 9.69 9.72 9.75 9.78 9.82 9.87 9.92 9.96 9.99 10.03 10.03 10.01 7.41 6.27 5.10 4.16 4.02 4.77 4.60 4.13 3.55 2.40 1.31 0.00 0.00 0.00 0.00 0.00 0.00 0.00 0.00 0.00 0.00 0.00 0.00 0.00 0.00 0.00 0.00 0.00 0.00 0.00 0.00 0.00 0.00 0.00 0.00 0.00 0.00 0.00 0.00 0.00 0.00 0.00 0.00 0.00 0.00
5.81 5.88 5.96 6.04 6.12 6.21 6.37 6.48 6.57 6.64 6.70 6.77 6.81 6.84 6.87 6.93 7.00 7.10 7.23 7.41 8.93 9.80 9.77 9.64 9.66 9.66 9.67 9.70 9.73 9.75 9.79 9.82 9.86 9.90 9.94 10.01 10.04 10.06 8.48 5.89 5.88 4.71 4.15 4.14 4.84 4.62 4.16 3.60 2.37 1.41 0.00 0.00 0.00 0.00 0.00 0.00 0.00 0.00 0.00 0.00 0.00 0.00 0.00 0.00 0.00 0.00 0.00 0.00 0.00 0.00 0.00 0.00 0.00 0.00 0.00 0.00 0.00 0.00 0.00 0.00 0.00 0.00 0.00 0.00
5.82 5.89 5.97 6.04 6.13 6.22 6.38 6.48 6.57 6.64 6.73 6.76 6.78 6.83 6.87 6.93 7.01 7.12 7.27 7.69 9.67 9.75 9.64 9.63 9.65 9.66 9.67 9.71 9.74 9.77 9.79 9.83 9.86 9.90 9.93 10.00 10.04 10.08 9.88 7.18 5.47 4.56 3.99 4.57 4.91 4.71 4.23 3.64 2.36 1.84 0.00 0.00 0.00 0.00 0.00 0.00 0.00 0.00 0.00 0.00 0.00 0.00 0.00 0.00 0.00 0.00 0.00 0.00 0.00 0.00 0.00 0.00 0.00 0.00 0.00 0.00 0.00 0.00 0.00 0.00 0.00 0.00 0.00 0.00
5.83 5.90 5.97 6.04 6.13 6.22 6.38 6.48 6.56 6.63 6.71 6.74 6.76 6.81 6.86 6.93 7.02 7.15 7.42 8.55 9.63 9.59 9.60 9.62 9.62 9.64 9.67 9.71 9.74 9.77 9.80 9.83 9.86 9.91 9.93 9.99 10.03 10.06 10.10 9.83 6.05 4.67 3.85 4.84 4.91 5.12 4.48 3.54 2.26 2.13 0.00 0.00 0.00 0.00 0.00 0.00 0.00 0.00 0.00 0.00 0.00 0.00 0.00 0.00 0.00 0.00 0.00 0.00 0.00 0.00 0.00 0.00 0.00 0.00 0.00 0.00 0.00 0.00 0.00 0.00 0.00 0.00 0.00 0.00
