tsunami_inundation/2430.asc
ncols        89
nrows        96
xllcorner    425855.973699999973
yllcorner    5091051.504999999888
cellsize     55.000000000000
NODATA_value  -9999.00
[rows 37 to 73 of 96, columns 0 to 83 of 89]
5.81 5.88 5.96 6.04 6.12 6.22 6.37 6.47 6.55 6.66 6.69 6.72 6.75 6.80 6.86 6.94 7.05 7.34 8.56 9.49 9.52 9.54 9.58 9.59 9.61 9.64 9.66 9.71 9.75 9.78 9.81 9.85 9.87 9.91 9.94 9.99 10.02 10.04 10.07 10.06 6.14 4.43 3.79 4.78 4.82 5.25 4.74 3.39 2.16 2.24 0.00 0.00 0.00 0.00 0.00 0.00 0.00 0.00 0.00 0.00 0.00 0.00 0.00 0.00 0.00 0.00 0.00 0.00 0.00 0.00 0.00 0.00 0.00 0.00 0.00 0.00 0.00 0.00 0.00 0.00 0.00 0.00 0.00 0.00
5.78 5.85 5.95 6.00 6.09 6.21 6.30 6.45 6.52 6.63 6.67 6.69 6.72 6.79 6.86 6.95 7.13 8.00 9.31 9.41 9.40 9.54 9.57 9.59 9.62 9.64 9.67 9.70 9.76 9.80 9.83 9.86 9.89 9.92 9.96 10.02 10.02 10.04 10.05 9.04 5.19 4.33 3.76 4.75 4.79 4.92 3.99 2.76 1.72 0.11 0.00 0.00 0.00 0.00 0.00 0.00 0.00 0.00 0.00 0.00 0.00 0.00 0.00 0.00 0.00 0.00 0.00 0.00 0.00 0.00 0.00 0.00 0.00 0.00 0.00 0.00 0.00 0.00 0.00 0.00 0.00 0.00 0.00 0.00
5.76 5.83 5.91 5.99 6.08 6.19 6.29 6.43 6.50 6.59 6.63 6.68 6.71 6.79 6.86 6.99 7.54 9.05 9.30 9.28 9.36 9.55 9.58 9.61 9.63 9.65 9.67 9.70 9.75 9.79 9.83 9.86 9.90 9.92 9.97 10.00 10.03 10.03 10.06 8.07 4.66 4.21 4.05 4.77 4.62 4.58 3.65 2.32 4.02 0.04 0.00 0.00 0.00 0.00 0.00 0.00 0.00 0.00 0.00 0.00 0.00 0.00 0.00 0.00 0.00 0.00 0.00 0.00 0.00 0.00 0.00 0.00 0.00 0.00 0.00 0.00 0.00 0.00 0.00 0.00 0.00 0.00 0.00 0.00
5.74 5.81 5.89 5.98 6.08 6.18 6.27 6.38 6.44 6.50 6.61 6.65 6.69 6.75 6.99 7.20 8.59 9.20 9.19 9.22 9.37 9.54 9.58 9.60 9.62 9.65 9.67 9.69 9.74 9.78 9.82 9.85 9.88 9.92 9.96 10.05 10.04 10.04 10.07 6.92 4.42 3.94 4.48 4.82 4.64 4.40 3.24 2.41 4.19 0.02 0.00 0.00 0.00 0.00 0.00 0.00 0.00 0.00 0.00 0.00 0.00 0.00 0.00 0.00 0.00 0.00 0.00 0.00 0.00 0.00 0.00 0.00 0.00 0.00 0.00 0.00 0.00 0.00 0.00 0.00 0.00 0.00 0.00 0.00
5.73 5.80 5.88 5.97 6.07 6.16 6.25 6.36 6.42 6.48 6.59 6.64 6.69 6.77 7.46 7.98 9.07 9.04 9.11 9.24 9.37 9.51 9.56 9.60 9.64 9.67 9.69 9.71 9.74 9.78 9.81 9.85 9.89 9.92 9.95 9.99 10.04 10.05 10.06 6.68 4.24 3.52 4.33 4.83 4.70 4.05 2.88 3.89 4.38 0.00 0.00 0.00 0.00 0.00 0.00 0.00 0.00 0.00 -0.00 0.00 0.00 0.00 0.00 0.00 0.00 0.00 0.00 0.00 0.00 0.00 0.00 0.00 0.00 0.00 0.00 0.00 0.00 0.00 0.00 0.00 0.00 0.00 0.00 0.00
5.71 5.79 5.87 5.96 6.05 6.15 6.23 6.33 6.45 6.51 6.58 6.64 6.72 6.98 8.80 8.97 8.96 9.05 9.19 9.26 9.34 9.52 9.62 9.65 9.68 9.71 9.74 9.76 9.79 9.81 9.84 9.88 9.91 9.94 9.97 10.05 10.03 10.04 9.85 5.46 4.44 3.75 4.52 4.78 4.72 3.86 2.90 4.46 4.55 0.09 0.00 0.00 0.00 0.00 0.00 0.00 0.00 0.00 0.00 0.00 0.00 0.00 0.00 0.00 0.00 0.00 0.00 0.00 0.00 0.00 0.00 0.00 0.00 0.00 0.00 0.00 0.00 0.00 0.00 0.00 0.00 0.00 0.00 0.00
5.70 5.78 5.86 5.95 6.04 6.12 6.19 6.26 6.35 6.48 6.56 6.65 6.81 7.60 8.88 8.90 8.99 9.16 9.27 9.35 9.46 9.73 9.78 9.81 9.82 9.86 9.85 9.88 9.89 9.92 9.93 9.94 9.96 9.98 10.01 10.03 10.03 10.04 9.75 5.01 4.53 3.86 4.84 4.78 4.63 3.68 2.87 4.61 3.80 0.04 0.00 0.00 0.00 0.00 0.00 0.00 0.00 0.00 0.00 0.00 0.00 0.00 0.00 0.00 0.00 0.00 0.00 0.00 0.00 0.00 0.00 0.00 0.00 0.00 0.00 0.00 0.00 0.00 0.00 0.00 0.00 0.00 0.00 0.00
5.68 5.77 5.85 5.93 6.02 6.10 6.17 6.24 6.33 6.47 6.55 6.68 7.16 8.51 8.83 8.92 9.14 9.30 9.36 9.43 9.48 9.57 9.77 9.80 9.81 9.83 9.87 9.91 9.96 9.99 10.01 10.07 10.05 10.07 10.08 10.06 10.05 10.06 6.80 4.63 3.91 4.10 5.69 5.04 4.55 3.35 4.17 4.93 2.77 0.01 0.00 0.00 0.00 0.00 0.00 0.00 0.00 0.00 0.00 0.00 0.00 0.00 0.00 0.00 0.00 0.00 0.00 0.00 0.00 0.00 0.00 0.00 0.00 0.00 0.00 0.00 0.00 0.00 0.00 0.00 0.00 0.00 0.00 0.00
5.67 5.75 5.84 5.92 6.00 6.08 6.15 6.22 6.38 6.46 6.57 6.86 7.98 8.77 8.82 9.10 9.27 9.33 9.39 9.42 9.44 9.61 9.68 9.72 9.74 9.76 9.80 9.84 9.89 9.92 9.97 10.03 10.08 10.12 10.14 10.16 10.09 10.08 5.86 4.16 3.67 5.26 5.78 5.00 4.50 3.15 4.82 2.12 0.38 0.00 0.00 0.00 0.00 0.00 0.00 0.00 0.00 0.00 0.00 0.00 0.00 0.00 0.00 0.00 0.00 0.00 0.00 0.00 0.00 0.00 0.00 0.00 0.00 0.00 0.00 0.00 0.00 0.00 0.00 0.00 0.00 0.00 0.00 0.00
5.62 5.74 5.82 5.91 5.98 6.06 6.13 6.20 6.38 6.47 6.64 7.43 8.66 8.79 8.89 9.20 9.27 9.31 9.35 9.36 9.36 9.46 9.52 9.59 9.64 9.66 9.69 9.72 9.76 9.84 9.91 9.97 10.02 10.07 10.11 10.15 10.13 9.15 5.39 3.95 4.71 5.47 5.58 5.37 4.45 3.07 5.06 1.86 0.28 0.00 0.00 0.00 0.00 0.00 0.00 0.00 0.00 0.00 0.00 0.00 0.00 0.00 0.00 0.00 0.00 0.00 0.00 0.00 0.00 0.00 0.00 0.00 0.00 0.00 0.00 0.00 0.00 0.00 0.00 0.00 0.00 0.00 0.00 0.00
5.60 5.73 5.81 5.90 5.97 6.04 6.12 6.19 6.38 6.50 6.98 8.35 8.75 8.81 9.00 9.16 9.13 9.19 9.21 9.23 9.26 9.35 9.45 9.53 9.59 9.63 9.66 9.70 9.74 9.79 9.87 9.92 9.97 10.03 10.07 10.11 10.14 8.10 4.70 3.83 4.76 5.70 5.43 5.17 5.10 3.83 5.24 4.51 0.25 0.00 0.00 0.00 0.00 0.00 0.00 0.00 0.00 0.00 0.00 0.00 0.00 0.00 0.00 0.00 0.00 0.00 0.00 0.00 0.00 0.00 0.00 0.00 0.00 0.00 0.00 0.00 0.00 0.00 0.00 0.00 0.00 0.00 0.00 0.00
5.59 5.71 5.80 5.89 5.96 6.03 6.11 6.19 6.40 6.88 8.28 8.69 8.71 8.82 8.94 8.97 9.05 9.12 9.16 9.21 9.24 9.27 9.41 9.47 9.55 9.61 9.65 9.69 9.73 9.78 9.86 9.91 9.96 10.00 10.04 10.07 10.13 7.69 4.35 3.80 4.91 5.75 5.23 5.10 4.70 3.16 5.13 1.48 0.08 0.00 0.00 0.00 0.00 0.00 0.00 0.00 0.00 0.00 0.00 0.00 0.00 0.00 0.00 0.00 0.00 0.00 0.00 0.00 0.00 0.00 0.00 0.00 0.00 0.00 0.00 0.00 0.00 0.00 0.00 0.00 0.00 0.00 0.00 0.00
5.57 5.71 5.79 5.87 5.95 6.02 6.10 6.18 6.58 7.66 8.63 8.63 8.66 8.76 8.79 8.85 9.01 9.08 9.13 9.18 9.21 9.28 9.35 9.41 9.48 9.56 9.62 9.67 9.72 9.77 9.84 9.88 9.93 9.97 10.01 10.04 10.08 6.12 4.18 4.19 5.70 5.98 5.46 5.13 4.22 2.92 4.69 3.94 0.03 0.00 0.00 0.00 0.00 0.00 0.00 0.00 0.00 0.00 0.00 0.00 0.00 0.00 0.00 0.00 0.00 0.00 0.00 0.00 0.00 0.00 0.00 0.00 0.00 0.00 0.00 0.00 0.00 0.00 0.00 0.00 0.00 0.00 0.00 0.00
5.56 5.69 5.78 5.86 5.94 6.02 6.10 6.19 7.06 8.46 8.60 8.54 8.58 8.64 8.68 8.80 8.96 9.03 9.10 9.14 9.17 9.24 9.30 9.35 9.41 9.48 9.56 9.63 9.69 9.74 9.80 9.84 9.88 9.93 9.96 9.99 8.89 5.18 4.63 5.06 5.86 5.88 5.49 5.08 4.45 2.78 4.28 0.50 0.01 0.00 0.00 0.00 0.00 0.00 0.00 0.00 0.00 0.00 0.00 0.00 0.00 0.00 0.00 0.00 0.00 0.00 0.00 0.00 0.00 0.00 0.00 0.00 0.00 0.00 0.00 0.00 0.00 0.00 0.00 0.00 0.00 0.00 0.00 0.00
5.55 5.64 5.77 5.86 5.94 6.02 6.11 6.39 7.95 8.54 8.49 8.46 8.50 8.54 8.63 8.75 8.89 8.98 9.04 9.09 9.16 9.20 9.23 9.30 9.35 9.41 9.49 9.53 9.61 9.69 9.77 9.81 9.84 9.91 9.91 9.90 7.60 5.06 5.08 5.26 5.40 5.47 5.02 4.31 3.83 2.67 4.16 0.29 0.00 0.00 0.00 0.00 0.00 0.00 0.00 0.00 0.00 0.00 0.00 0.00 0.00 0.00 0.00 0.00 0.00 0.00 0.00 0.00 0.00 0.00 0.00 0.00 0.00 0.00 0.00 0.00 0.00 0.00 0.00 0.00 0.00 0.00 0.00 0.00
5.54 5.63 5.76 5.85 5.94 6.03 6.13 6.68 8.41 8.45 8.36 8.38 8.44 8.49 8.58 8.68 8.81 8.91 8.97 9.03 9.11 9.15 9.19 9.25 9.29 9.35 9.41 9.47 9.55 9.63 9.70 9.79 9.83 9.88 9.89 9.63 6.42 5.12 5.86 5.23 4.84 4.67 4.10 3.54 3.49 2.46 3.85 0.53 0.01 0.00 0.00 0.00 0.00 0.00 0.00 0.00 0.00 0.00 0.00 0.00 0.00 0.00 0.00 0.00 0.00 0.00 0.00 0.00 0.00 0.00 0.00 0.00 0.00 0.00 0.00 0.00 0.00 0.00 0.00 0.00 0.00 0.00 0.00 0.00
5.53 5.62 5.76 5.86 5.95 6.05 6.16 7.31 8.34 8.29 8.26 8.32 8.38 8.45 8.49 8.55 8.69 8.79 8.88 8.96 9.02 9.11 9.15 9.21 9.25 9.31 9.36 9.42 9.49 9.56 9.63 9.73 9.78 9.82 9.86 8.61 6.14 5.09 5.96 4.97 4.13 3.70 3.45 3.65 3.44 3.41 4.49 0.39 0.01 0.00 0.00 0.00 0.00 0.00 0.00 0.00 0.00 0.00 0.00 0.00 0.00 0.00 0.00 0.00 0.00 0.00 0.00 0.00 0.00 0.00 0.00 0.00 0.00 0.00 0.00 0.00 0.00 0.00 0.00 0.00 0.00 0.00 0.00 0.00
5.52 5.61 5.76 5.87 5.97 6.08 6.73 8.17 8.24 8.10 8.17 8.25 8.32 8.38 8.43 8.48 8.57 8.71 8.81 8.89 9.01 9.06 9.11 9.17 9.21 9.26 9.31 9.37 9.43 9.50 9.56 9.65 9.70 9.75 9.81 8.28 5.82 4.93 5.95 4.75 3.99 3.41 3.47 3.62 3.06 4.43 3.62 0.03 0.00 0.00 0.00 0.00 0.00 0.00 0.00 0.00 0.00 0.00 0.00 0.00 0.00 0.00 0.00 0.00 0.00 0.00 0.00 0.00 0.00 0.00 0.00 0.00 0.00 0.00 0.00 0.00 0.00 0.00 0.00 0.00 0.00 0.00 0.00 0.00
5.51 5.61 5.78 5.90 6.01 6.15 6.51 8.16 8.08 8.03 8.12 8.20 8.27 8.32 8.37 8.43 8.51 8.63 8.73 8.89 8.95 9.01 9.06 9.13 9.18 9.22 9.27 9.33 9.39 9.44 9.50 9.58 9.63 9.71 9.74 6.87 5.40 4.79 5.57 4.32 3.88 3.76 3.91 3.26 3.20 4.50 3.34 0.02 0.00 0.00 0.00 0.00 0.00 0.00 0.00 0.00 0.00 0.00 0.00 0.00 0.00 0.00 0.00 0.00 0.00 0.00 0.00 0.00 0.00 0.00 0.00 0.00 0.00 0.00 0.00 0.00 0.00 0.00 0.00 0.00 0.00 0.00 0.00 0.00
5.52 5.64 5.76 5.93 6.05 6.24 8.01 8.06 7.92 7.96 8.07 8.15 8.21 8.27 8.33 8.39 8.46 8.56 8.65 8.73 8.89 8.96 9.01 9.06 9.14 9.18 9.23 9.29 9.34 9.40 9.45 9.50 9.54 9.63 8.24 5.67 4.79 5.15 5.29 4.11 3.66 3.73 3.83 2.81 4.12 4.56 2.31 0.01 0.00 0.00 0.00 0.00 0.00 0.00 0.00 0.00 0.00 0.00 0.00 0.00 0.00 0.00 0.00 0.00 0.00 0.00 0.00 0.00 0.00 0.00 0.00 0.00 0.00 0.00 0.00 0.00 0.00 0.00 0.00 0.00 0.00 0.00 0.00 0.00
5.53 5.66 5.79 6.00 6.10 6.78 7.92 7.92 7.81 7.92 8.02 8.10 8.16 8.23 8.29 8.36 8.42 8.51 8.58 8.66 8.82 8.89 8.95 9.01 9.06 9.11 9.16 9.21 9.27 9.32 9.37 9.43 9.53 9.58 8.06 5.26 4.47 5.17 4.89 3.89 3.34 3.84 3.72 2.71 4.53 4.66 0.18 0.00 0.00 0.00 0.00 0.00 0.00 0.00 0.00 0.00 0.00 0.00 0.00 0.00 0.00 0.00 0.00 0.00 0.00 0.00 0.00 0.00 0.00 0.00 0.00 0.00 0.00 0.00 0.00 0.00 0.00 0.00 0.00 0.00 0.00 0.00 0.00 0.00
5.55 5.68 5.82 6.04 6.31 7.22 7.85 7.76 7.69 7.80 7.92 8.04 8.11 8.19 8.26 8.32 8.37 8.46 8.51 8.64 8.72 8.79 8.86 8.92 9.00 9.05 9.11 9.16 9.22 9.27 9.32 9.37 9.48 9.43 6.91 4.98 4.38 5.12 4.51 3.63 3.63 4.12 3.67 3.31 4.68 4.73 0.27 0.00 0.00 0.00 0.00 0.00 0.00 0.00 0.00 0.00 0.00 0.00 0.00 0.00 0.00 0.00 0.00 0.00 0.00 0.00 0.00 0.00 0.00 0.00 0.00 0.00 0.00 0.00 0.00 0.00 0.00 0.00 0.00 0.00 0.00 0.00 0.00 0.00
5.57 5.71 5.85 6.08 6.53 7.58 7.60 7.57 7.65 7.75 7.84 7.92 8.01 8.13 8.19 8.21 8.31 8.37 8.46 8.59 8.66 8.73 8.79 8.86 8.95 9.00 9.05 9.11 9.16 9.21 9.26 9.31 9.38 9.35 6.29 4.92 4.53 4.94 4.52 3.46 4.35 4.44 3.82 3.19 4.74 4.80 0.15 0.00 0.00 0.00 0.00 0.00 0.00 0.00 0.00 0.00 0.00 0.00 0.00 0.00 0.00 0.00 0.00 0.00 0.00 0.00 0.00 0.00 0.00 0.00 0.00 0.00 0.00 0.00 0.00 0.00 0.00 0.00 0.00 0.00 0.00 0.00 0.00 0.00
5.60 5.75 5.89 6.05 7.01 7.69 7.50 7.53 7.63 7.71 7.79 7.88 7.97 8.03 8.10 8.17 8.27 8.30 8.39 8.55 8.61 8.67 8.74 8.80 8.89 8.94 9.00 9.06 9.11 9.16 9.20 9.25 9.32 8.69 5.46 4.77 4.56 5.00 4.23 4.23 4.86 4.57 3.77 3.75 4.76 2.41 0.07 0.00 0.00 0.00 0.00 0.00 0.00 0.00 0.00 0.00 0.00 0.00 0.00 0.00 0.00 0.00 0.00 0.00 0.00 0.00 0.00 0.00 0.00 0.00 0.00 0.00 0.00 0.00 0.00 0.00 0.00 0.00 0.00 0.00 0.00 0.00 0.00 0.00
5.62 5.76 5.90 6.10 7.32 7.65 7.44 7.50 7.60 7.67 7.75 7.85 7.93 7.99 8.06 8.13 8.20 8.26 8.42 8.48 8.54 8.63 8.69 8.75 8.81 8.89 8.94 9.00 9.05 9.10 9.15 9.20 9.26 7.61 5.04 4.43 4.78 4.65 4.02 4.71 4.65 4.21 3.76 3.86 4.61 2.84 0.09 0.00 0.00 0.00 0.00 0.00 0.00 0.00 0.00 0.00 0.00 0.00 0.00 0.00 0.00 0.00 0.00 0.00 0.00 0.00 0.00 0.00 0.00 0.00 0.00 0.00 0.00 0.00 0.00 0.00 0.00 0.00 0.00 0.00 0.00 0.00 0.00 0.00
5.63 5.77 5.91 6.18 7.47 7.58 7.41 7.48 7.57 7.62 7.68 7.82 7.89 7.95 8.03 8.10 8.16 8.23 8.32 8.44 8.50 8.56 8.60 8.65 8.70 8.84 8.83 8.88 8.93 9.02 9.06 9.15 8.56 5.57 4.74 4.21 4.77 4.27 4.24 4.81 4.55 4.27 3.46 2.54 4.44 3.97 0.22 0.00 0.00 0.00 0.00 0.00 0.00 0.00 0.00 0.00 0.00 0.00 0.00 0.00 0.00 0.00 0.00 0.00 0.00 0.00 0.00 0.00 0.00 0.00 0.00 0.00 0.00 0.00 0.00 0.00 0.00 0.00 0.00 0.00 0.00 0.00 0.00 0.00
5.64 5.78 5.93 6.32 7.49 7.49 7.39 7.47 7.54 7.59 7.65 7.78 7.85 7.92 8.00 8.06 8.11 8.17 8.33 8.39 8.45 8.51 8.57 8.62 8.67 8.75 8.79 8.84 8.89 8.97 8.98 9.10 6.99 5.10 4.66 4.10 4.45 4.15 4.49 4.98 4.55 4.81 3.53 3.14 4.16 4.16 0.28 0.00 0.00 0.00 0.00 0.00 0.00 0.00 0.00 0.00 0.00 0.00 0.00 0.00 0.00 0.00 0.00 0.00 0.00 0.00 0.00 0.00 0.00 0.00 0.00 0.00 0.00 0.00 0.00 0.00 0.00 0.00 0.00 0.00 0.00 0.00 0.00 0.00
5.64 5.78 5.94 6.48 7.45 7.41 7.37 7.44 7.50 7.54 7.62 7.73 7.80 7.88 7.95 8.02 8.08 8.15 8.21 8.36 8.42 8.48 8.54 8.59 8.64 8.72 8.77 8.81 8.86 8.90 8.94 9.01 6.45 4.64 4.47 4.07 3.58 4.00 4.67 5.14 5.07 5.32 4.53 3.45 3.96 4.44 0.23 0.00 0.00 0.00 0.00 0.00 0.00 0.00 0.00 0.00 0.00 0.00 0.00 0.00 0.00 0.00 0.00 0.00 0.00 0.00 0.00 0.00 0.00 0.00 0.00 0.00 0.00 0.00 0.00 0.00 0.00 0.00 0.00 0.00 0.00 0.00 0.00 0.00
5.64 5.77 5.97 6.71 7.35 7.30 7.35 7.40 7.45 7.52 7.60 7.70 7.78 7.85 7.92 7.99 8.06 8.12 8.28 8.34 8.40 8.45 8.51 8.56 8.62 8.67 8.74 8.79 8.83 8.87 8.91 8.98 5.37 4.56 4.10 3.85 3.28 4.58 5.03 5.17 4.56 5.28 4.52 2.92 4.30 3.38 0.05 0.00 0.00 0.00 0.00 0.00 0.00 0.00 0.00 0.00 0.00 0.00 0.00 0.00 0.00 0.00 0.00 0.00 0.00 0.00 0.00 0.00 0.00 0.00 0.00 0.00 0.00 0.00 0.00 0.00 0.00 0.00 0.00 0.00 0.00 0.00 0.00 0.00
5.63 5.77 6.03 6.83 7.27 7.27 7.33 7.37 7.43 7.50 7.57 7.68 7.76 7.83 7.90 7.97 8.04 8.10 8.26 8.31 8.37 8.43 8.48 8.53 8.58 8.63 8.71 8.76 8.80 8.84 8.88 8.95 6.02 4.43 4.16 3.74 3.62 4.89 5.03 4.82 4.51 4.11 3.60 2.98 2.08 1.15 0.03 0.00 0.00 0.00 0.00 0.00 0.00 0.00 0.00 0.00 0.00 0.00 0.00 0.00 0.00 0.00 0.00 0.00 0.00 0.00 0.00 0.00 0.00 0.00 0.00 0.00 0.00 0.00 0.00 0.00 0.00 0.00 0.00 0.00 0.00 0.00 0.00 0.00
5.63 5.76 6.08 6.91 7.25 7.26 7.31 7.34 7.40 7.48 7.55 7.62 7.74 7.81 7.88 7.95 8.02 8.09 8.24 8.30 8.35 8.40 8.46 8.50 8.55 8.60 8.68 8.72 8.76 8.80 8.84 8.90 5.74 4.28 4.10 3.69 4.01 4.92 4.95 4.74 4.28 3.95 3.41 3.92 1.34 0.05 0.00 0.00 0.00 0.00 0.00 0.00 0.00 0.00 0.00 0.00 0.00 0.00 0.00 0.00 0.00 0.00 0.00 0.00 0.00 0.00 0.00 0.00 0.00 0.00 0.00 0.00 0.00 0.00 0.00 0.00 0.00 0.00 0.00 0.00 0.00 0.00 0.00 0.00
5.62 5.76 6.13 6.94 7.19 7.24 7.28 7.32 7.39 7.46 7.52 7.60 7.72 7.79 7.86 7.93 8.00 8.14 8.20 8.29 8.34 8.39 8.44 8.48 8.53 8.57 8.65 8.70 8.74 8.78 8.85 8.88 5.62 4.01 3.93 3.72 4.37 4.82 4.83 4.58 4.30 3.72 3.50 4.36 2.50 0.06 0.00 0.00 0.00 0.00 0.00 0.00 0.00 0.00 0.00 0.00 0.00 0.00 0.00 0.00 0.00 0.00 0.00 0.00 0.00 0.00 0.00 0.00 0.00 0.00 0.00 0.00 0.00 0.00 0.00 0.00 0.00 0.00 0.00 0.00 0.00 0.00 0.00 0.00
5.61 5.75 6.17 6.94 7.14 7.23 7.26 7.30 7.37 7.44 7.50 7.59 7.70 7.78 7.85 7.92 7.99 8.12 8.19 8.28 8.34 8.39 8.44 8.48 8.52 8.57 8.64 8.68 8.73 8.77 8.84 8.87 5.45 3.69 3.60 3.89 4.34 4.53 4.62 4.40 4.06 3.55 3.81 3.93 1.23 0.04 0.00 0.00 0.00 0.00 0.00 0.00 0.00 0.00 0.00 0.00 0.00 0.00 0.00 0.00 0.00 0.00 0.00 0.00 0.00 0.00 0.00 0.00 0.00 0.00 0.00 0.00 0.00 0.00 0.00 0.00 0.00 0.00 0.00 0.00 0.00 0.00 0.00 0.00
5.60 5.75 6.19 6.90 7.10 7.22 7.23 7.27 7.36 7.42 7.48 7.57 7.69 7.77 7.85 7.92 7.99 8.05 8.19 8.28 8.34 8.39 8.44 8.48 8.53 8.57 8.62 8.68 8.72 8.76 8.83 8.83 5.36 3.50 3.55 3.82 4.28 4.07 4.30 4.17 3.85 3.41 4.09 1.85 0.41 0.01 0.00 0.00 0.00 0.00 0.00 0.00 0.00 0.00 0.00 0.00 0.00 0.00 0.00 0.00 0.00 0.00 0.00 0.00 0.00 0.00 0.00 0.00 0.00 0.00 0.00 0.00 0.00 0.00 0.00 0.00 0.00 0.00 0.00 0.00 0.00 0.00 0.00 0.00
5.58 5.76 6.20 6.83 7.04 7.19 7.20 7.26 7.34 7.41 7.48 7.56 7.68 7.77 7.85 7.92 8.00 8.06 8.19 8.28 8.34 8.39 8.44 8.48 8.53 8.58 8.62 8.68 8.72 8.76 8.79 8.60 5.02 3.61 3.78 3.83 4.24 3.86 3.73 3.77 3.47 3.44 4.37 1.46 0.09 0.00 0.00 0.00 0.00 0.00 0.00 0.00 0.00 0.00 0.00 0.00 0.00 0.00 0.00 0.00 0.00 0.00 0.00 0.00 0.00 0.00 0.00 0.00 0.00 0.00 0.00 0.00 0.00 0.00 0.00 0.00 0.00 0.00 0.00 0.00 0.00 0.00 0.00 0.00
5.56 5.76 6.19 6.92 7.00 7.17 7.19 7.25 7.33 7.39 7.47 7.56 7.64 7.78 7.86 7.94 8.02 8.15 8.21 8.29 8.35 8.40 8.44 8.49 8.53 8.58 8.62 8.68 8.72 8.76 8.79 6.68 4.18 3.71 3.77 3.51 3.69 3.56 3.59 3.57 3.30 3.58 4.48 2.61 0.04 0.00 0.00 0.00 0.00 0.00 0.00 0.00 0.00 0.00 0.00 0.00 0.00 0.00 0.00 0.00 0.00 0.00 0.00 0.00 0.00 0.00 0.00 0.00 0.00 0.00 0.00 0.00 0.00 0.00 0.00 0.00 0.00 0.00 0.00 0.00 0.00 0.00 0.00 0.00
5.55 5.76 6.17 6.86 6.97 7.15 7.17 7.24 7.32 7.38 7.48 7.57 7.66 7.81 7.89 7.97 8.11 8.18 8.23 8.29 8.36 8.41 8.45 8.49 8.54 8.59 8.63 8.69 8.72 8.76 8.76 5.73 3.86 3.60 3.69 3.30 3.16 3.38 3.50 3.64 3.39 3.34 4.20 2.00 0.04 0.00 0.00 0.00 0.00 0.00 0.00 0.00 0.00 0.00 0.00 0.00 0.00 0.00 0.00 0.00 0.00 0.00 0.00 0.00 0.00 0.00 0.00 0.00 0.00 0.00 0.00 0.00 0.00 0.00 0.00 0.00 0.00 0.00 0.00 0.00 0.00 0.00 0.00 0.00
