tsunami_inundation/2460.asc
ncols        89
nrows        96
xllcorner    425855.973699999973
yllcorner    5091051.504999999888
cellsize     55.000000000000
NODATA_value  -9999.00
[rows 37 to 73 of 96, columns 0 to 83 of 89]
5.69 5.75 5.83 5.87 5.91 5.95 6.02 6.08 6.18 7.88 8.46 8.45 8.50 8.79 8.85 8.88 8.92 8.95 8.97 8.99 9.02 9.05 9.10 9.13 9.17 9.21 9.25 9.31 9.37 9.41 9.45 9.48 9.51 9.54 9.54 9.55 9.55 9.50 9.52 9.50 5.63 4.03 3.71 4.86 4.94 5.30 4.82 3.48 4.78 5.23 0.30 0.00 0.00 0.00 0.00 0.00 0.00 0.00 0.00 0.00 0.00 0.00 0.00 0.00 0.00 0.00 0.00 0.00 0.00 0.00 0.00 0.00 0.00 0.00 0.00 0.00 0.00 0.00 0.00 0.00 0.00 0.00 0.00 0.00
5.65 5.71 5.80 5.83 5.88 5.94 5.99 6.11 6.45 8.39 8.39 8.45 8.65 8.83 8.87 8.89 8.90 8.91 8.93 8.95 8.96 8.99 9.05 9.08 9.11 9.15 9.19 9.24 9.32 9.38 9.43 9.48 9.51 9.54 9.57 9.60 9.57 9.56 9.53 8.51 4.69 3.95 3.72 4.81 4.87 4.92 4.02 3.45 5.53 1.92 0.26 0.00 0.00 0.00 0.00 0.00 0.00 0.00 0.00 0.00 0.00 0.00 0.00 0.00 0.00 0.00 0.00 0.00 0.00 0.00 0.00 0.00 0.00 0.00 0.00 0.00 0.00 0.00 0.00 0.00 0.00 0.00 0.00 0.00
5.63 5.69 5.75 5.82 5.87 5.93 6.01 6.23 7.17 8.33 8.45 8.56 8.71 8.81 8.85 8.85 8.84 8.84 8.86 8.87 8.89 8.93 8.99 9.02 9.06 9.09 9.13 9.18 9.26 9.31 9.37 9.42 9.47 9.51 9.56 9.59 9.61 9.60 9.61 7.58 4.22 3.87 4.03 4.77 4.67 4.58 3.69 4.88 5.69 1.72 0.19 0.00 0.00 0.00 0.00 0.00 0.00 0.00 0.00 0.00 0.00 0.00 0.00 0.00 0.00 0.00 0.00 0.00 0.00 0.00 0.00 0.00 0.00 0.00 0.00 0.00 0.00 0.00 0.00 0.00 0.00 0.00 0.00 0.00
5.61 5.67 5.74 5.80 5.87 5.95 6.11 7.71 8.28 8.28 8.49 8.55 8.56 8.72 8.69 8.77 8.75 8.76 8.79 8.81 8.84 8.88 8.95 8.98 9.02 9.06 9.09 9.13 9.20 9.25 9.31 9.34 9.38 9.44 9.49 9.61 9.60 9.61 9.63 6.48 4.04 3.64 4.42 4.79 4.64 4.42 3.81 5.95 5.95 1.54 0.13 0.00 0.00 0.00 0.00 0.00 0.00 0.00 0.00 0.00 0.00 0.00 0.00 0.00 0.00 0.00 0.00 0.00 0.00 0.00 0.00 0.00 0.00 0.00 0.00 0.00 0.00 0.00 0.00 0.00 0.00 0.00 0.00 0.00
5.59 5.66 5.73 5.80 5.88 6.00 6.51 8.20 8.24 8.26 8.43 8.42 8.46 8.54 8.64 8.69 8.69 8.71 8.75 8.76 8.81 8.86 8.89 8.97 9.00 9.04 9.08 9.13 9.19 9.23 9.28 9.32 9.36 9.40 9.45 9.50 9.58 9.60 9.61 6.27 3.90 3.29 4.26 4.81 4.67 4.09 4.57 6.10 6.11 1.28 0.04 0.00 0.00 0.00 0.00 0.00 0.00 0.00 -0.00 0.00 0.00 0.00 0.00 0.00 0.00 0.00 0.00 0.00 0.00 0.00 0.00 0.00 0.00 0.00 0.00 0.00 0.00 0.00 0.00 0.00 0.00 0.00 0.00 0.00
5.58 5.65 5.72 5.80 5.91 6.24 7.49 8.18 8.24 8.32 8.31 8.29 8.38 8.46 8.59 8.64 8.65 8.67 8.69 8.72 8.79 8.78 8.89 8.94 8.98 9.03 9.07 9.12 9.19 9.23 9.28 9.32 9.36 9.40 9.44 9.54 9.54 9.57 9.40 5.08 4.15 3.61 4.46 4.73 4.69 4.05 5.55 6.17 6.19 1.99 0.03 0.00 0.00 0.00 0.00 0.00 0.00 0.00 0.00 0.00 0.00 0.00 0.00 0.00 0.00 0.00 0.00 0.00 0.00 0.00 0.00 0.00 0.00 0.00 0.00 0.00 0.00 0.00 0.00 0.00 0.00 0.00 0.00 0.00
5.56 5.64 5.72 5.82 6.05 7.53 8.05 8.03 8.07 8.15 8.19 8.27 8.33 8.40 8.54 8.59 8.61 8.62 8.65 8.68 8.72 8.79 8.83 8.87 8.92 8.96 9.04 9.09 9.14 9.21 9.26 9.30 9.34 9.38 9.43 9.47 9.53 9.55 9.30 4.67 4.28 3.81 4.80 4.73 4.60 3.99 6.08 6.26 5.41 1.92 0.02 0.00 0.00 0.00 0.00 0.00 0.00 0.00 0.00 0.00 0.00 0.00 0.00 0.00 0.00 0.00 0.00 0.00 0.00 0.00 0.00 0.00 0.00 0.00 0.00 0.00 0.00 0.00 0.00 0.00 0.00 0.00 0.00 0.00
5.55 5.64 5.75 6.01 7.01 7.94 7.96 7.91 8.01 8.10 8.18 8.24 8.26 8.34 8.43 8.53 8.57 8.59 8.61 8.64 8.68 8.72 8.81 8.85 8.89 8.94 8.98 9.03 9.10 9.18 9.22 9.23 9.31 9.35 9.45 9.49 9.51 9.56 6.34 4.31 3.74 4.12 5.65 4.98 4.50 3.88 6.21 6.32 4.18 1.74 0.01 0.00 0.00 0.00 0.00 0.00 0.00 0.00 0.00 0.00 0.00 0.00 0.00 0.00 0.00 0.00 0.00 0.00 0.00 0.00 0.00 0.00 0.00 0.00 0.00 0.00 0.00 0.00 0.00 0.00 0.00 0.00 0.00 0.00
5.55 5.66 5.84 6.53 7.75 7.89 7.80 7.82 8.00 8.08 8.16 8.18 8.20 8.27 8.35 8.48 8.53 8.56 8.58 8.61 8.65 8.75 8.79 8.83 8.87 8.92 8.96 9.01 9.05 9.11 9.15 9.20 9.24 9.33 9.37 9.44 9.47 9.52 5.40 3.85 3.60 5.22 5.72 4.92 4.45 3.88 6.28 3.48 2.53 1.55 0.00 0.00 0.00 0.00 0.00 0.00 0.00 0.00 0.00 0.00 0.00 0.00 0.00 0.00 0.00 0.00 0.00 0.00 0.00 0.00 0.00 0.00 0.00 0.00 0.00 0.00 0.00 0.00 0.00 0.00 0.00 0.00 0.00 0.00
5.51 5.70 6.14 7.37 7.80 7.73 7.69 7.76 7.96 8.05 8.10 8.12 8.16 8.21 8.28 8.42 8.49 8.53 8.55 8.58 8.62 8.70 8.75 8.80 8.84 8.88 8.92 8.97 9.01 9.08 9.13 9.17 9.21 9.26 9.31 9.38 9.44 8.48 4.92 3.68 4.58 5.40 5.51 5.30 4.43 3.90 6.34 3.19 2.45 1.35 0.00 0.00 0.00 0.00 0.00 0.00 0.00 0.00 0.00 0.00 0.00 0.00 0.00 0.00 0.00 0.00 0.00 0.00 0.00 0.00 0.00 0.00 0.00 0.00 0.00 0.00 0.00 0.00 0.00 0.00 0.00 0.00 0.00 0.00
5.53 5.86 6.78 7.67 7.68 7.57 7.61 7.72 7.93 8.00 8.04 8.08 8.12 8.16 8.23 8.36 8.41 8.47 8.51 8.53 8.57 8.66 8.72 8.77 8.82 8.86 8.90 8.94 8.98 9.02 9.09 9.14 9.18 9.23 9.28 9.35 9.40 7.40 4.17 3.56 4.58 5.56 5.33 5.05 5.16 4.72 6.36 5.51 2.26 1.09 0.02 0.00 0.00 0.00 0.00 0.00 0.00 0.00 0.00 0.00 0.00 0.00 0.00 0.00 0.00 0.00 0.00 0.00 0.00 0.00 0.00 0.00 0.00 0.00 0.00 0.00 0.00 0.00 0.00 0.00 0.00 0.00 0.00 0.00
5.56 6.25 7.44 7.62 7.50 7.47 7.56 7.68 7.88 7.91 7.97 8.03 8.06 8.11 8.16 8.26 8.34 8.42 8.47 8.51 8.54 8.58 8.70 8.74 8.79 8.84 8.88 8.92 8.96 9.00 9.06 9.10 9.15 9.20 9.24 9.32 9.39 7.01 3.83 3.49 4.66 5.56 5.10 4.97 4.70 3.98 6.30 2.72 1.88 0.81 0.02 0.00 0.00 0.00 0.00 0.00 0.00 0.00 0.00 0.00 0.00 0.00 0.00 0.00 0.00 0.00 0.00 0.00 0.00 0.00 0.00 0.00 0.00 0.00 0.00 0.00 0.00 0.00 0.00 0.00 0.00 0.00 0.00 0.00
5.64 6.91 7.53 7.38 7.31 7.39 7.51 7.60 7.81 7.87 7.94 7.99 8.03 8.07 8.11 8.17 8.29 8.36 8.44 8.49 8.52 8.60 8.67 8.71 8.76 8.81 8.85 8.89 8.94 8.98 9.04 9.08 9.13 9.17 9.22 9.29 9.34 5.46 3.67 3.83 5.37 5.73 5.29 5.00 4.18 3.82 6.31 5.49 1.73 0.22 0.00 0.00 0.00 0.00 0.00 0.00 0.00 0.00 0.00 0.00 0.00 0.00 0.00 0.00 0.00 0.00 0.00 0.00 0.00 0.00 0.00 0.00 0.00 0.00 0.00 0.00 0.00 0.00 0.00 0.00 0.00 0.00 0.00 0.00
6.04 7.38 7.37 7.23 7.25 7.36 7.46 7.54 7.76 7.83 7.91 7.96 8.00 8.04 8.08 8.13 8.23 8.31 8.38 8.45 8.49 8.57 8.64 8.68 8.73 8.77 8.82 8.86 8.91 8.95 9.02 9.06 9.11 9.16 9.21 9.25 8.17 4.56 4.12 4.64 5.51 5.61 5.31 4.96 4.36 3.98 6.31 2.70 1.67 0.10 0.00 0.00 0.00 0.00 0.00 0.00 0.00 0.00 0.00 0.00 0.00 0.00 0.00 0.00 0.00 0.00 0.00 0.00 0.00 0.00 0.00 0.00 0.00 0.00 0.00 0.00 0.00 0.00 0.00 0.00 0.00 0.00 0.00 0.00
6.55 7.29 7.20 7.14 7.22 7.33 7.41 7.58 7.72 7.80 7.87 7.92 7.96 8.00 8.04 8.09 8.18 8.25 8.32 8.40 8.51 8.55 8.59 8.66 8.70 8.74 8.78 8.81 8.86 8.90 8.97 9.02 9.07 9.17 9.18 9.18 6.90 4.46 4.55 4.82 5.04 5.19 4.82 4.19 3.74 4.67 6.30 2.77 1.71 0.13 0.00 0.00 0.00 0.00 0.00 0.00 0.00 0.00 0.00 0.00 0.00 0.00 0.00 0.00 0.00 0.00 0.00 0.00 0.00 0.00 0.00 0.00 0.00 0.00 0.00 0.00 0.00 0.00 0.00 0.00 0.00 0.00 0.00 0.00
7.01 7.22 7.06 7.09 7.19 7.29 7.36 7.53 7.67 7.76 7.83 7.88 7.93 7.97 8.02 8.06 8.14 8.20 8.27 8.35 8.46 8.52 8.56 8.62 8.66 8.70 8.74 8.78 8.83 8.87 8.92 8.99 9.04 9.13 9.16 8.91 5.75 4.54 5.31 4.78 4.48 4.37 3.90 3.41 3.60 5.55 5.75 2.77 1.65 0.11 0.00 0.00 0.00 0.00 0.00 0.00 0.00 0.00 0.00 0.00 0.00 0.00 0.00 0.00 0.00 0.00 0.00 0.00 0.00 0.00 0.00 0.00 0.00 0.00 0.00 0.00 0.00 0.00 0.00 0.00 0.00 0.00 0.00 0.00
7.10 7.10 6.98 7.05 7.17 7.24 7.30 7.47 7.57 7.71 7.78 7.84 7.90 7.94 7.97 8.02 8.09 8.14 8.20 8.27 8.34 8.48 8.54 8.60 8.64 8.68 8.72 8.76 8.80 8.85 8.89 8.96 9.01 9.06 9.13 7.91 5.49 4.53 5.41 4.50 3.76 3.40 3.27 3.51 3.92 6.15 6.25 2.46 1.29 0.04 0.00 0.00 0.00 0.00 0.00 0.00 0.00 0.00 0.00 0.00 0.00 0.00 0.00 0.00 0.00 0.00 0.00 0.00 0.00 0.00 0.00 0.00 0.00 0.00 0.00 0.00 0.00 0.00 0.00 0.00 0.00 0.00 0.00 0.00
7.05 6.96 6.92 7.03 7.13 7.19 7.32 7.39 7.49 7.63 7.72 7.79 7.85 7.90 7.95 7.99 8.04 8.11 8.16 8.23 8.36 8.43 8.50 8.58 8.62 8.66 8.70 8.74 8.78 8.82 8.87 8.94 8.98 9.03 9.11 7.60 5.21 4.38 5.42 4.29 3.63 3.12 3.27 3.49 4.19 6.11 5.32 1.91 0.24 0.00 0.00 0.00 0.00 0.00 0.00 0.00 0.00 0.00 0.00 0.00 0.00 0.00 0.00 0.00 0.00 0.00 0.00 0.00 0.00 0.00 0.00 0.00 0.00 0.00 0.00 0.00 0.00 0.00 0.00 0.00 0.00 0.00 0.00 0.00
6.95 6.78 6.86 6.99 7.07 7.12 7.19 7.34 7.43 7.57 7.67 7.75 7.82 7.87 7.92 7.97 8.01 8.08 8.13 8.25 8.31 8.38 8.45 8.54 8.60 8.64 8.68 8.72 8.76 8.80 8.84 8.91 8.95 9.03 9.08 6.24 4.83 4.28 5.10 3.92 3.55 3.51 3.67 3.31 5.25 6.00 4.91 1.52 0.08 0.00 0.00 0.00 0.00 0.00 0.00 0.00 0.00 0.00 0.00 0.00 0.00 0.00 0.00 0.00 0.00 0.00 0.00 0.00 0.00 0.00 0.00 0.00 0.00 0.00 0.00 0.00 0.00 0.00 0.00 0.00 0.00 0.00 0.00 0.00
6.65 6.65 6.75 6.96 7.02 7.08 7.23 7.30 7.37 7.51 7.61 7.71 7.78 7.84 7.90 7.94 7.99 8.06 8.10 8.15 8.27 8.33 8.40 8.46 8.56 8.61 8.67 8.71 8.75 8.79 8.83 8.89 8.92 9.00 7.63 5.13 4.29 4.69 4.87 3.74 3.37 3.49 3.61 3.27 5.77 5.92 3.80 1.16 0.04 0.00 0.00 0.00 0.00 0.00 0.00 0.00 0.00 0.00 0.00 0.00 0.00 0.00 0.00 0.00 0.00 0.00 0.00 0.00 0.00 0.00 0.00 0.00 0.00 0.00 0.00 0.00 0.00 0.00 0.00 0.00 0.00 0.00 0.00 0.00
6.57 6.61 6.74 6.87 6.98 7.01 7.16 7.25 7.32 7.46 7.56 7.65 7.74 7.81 7.87 7.92 7.97 8.03 8.08 8.13 8.23 8.29 8.35 8.41 8.48 8.54 8.60 8.66 8.71 8.76 8.80 8.85 8.94 8.98 7.47 4.75 4.01 4.73 4.49 3.56 3.09 3.58 3.55 3.89 5.78 5.85 2.11 0.71 0.01 0.00 0.00 0.00 0.00 0.00 0.00 0.00 0.00 0.00 0.00 0.00 0.00 0.00 0.00 0.00 0.00 0.00 0.00 0.00 0.00 0.00 0.00 0.00 0.00 0.00 0.00 0.00 0.00 0.00 0.00 0.00 0.00 0.00 0.00 0.00
6.52 6.59 6.71 6.82 6.89 6.98 7.06 7.22 7.25 7.32 7.44 7.59 7.68 7.76 7.83 7.89 7.94 8.01 8.05 8.15 8.19 8.24 8.30 8.35 8.43 8.49 8.54 8.60 8.66 8.71 8.76 8.81 8.91 8.86 6.35 4.48 3.93 4.70 4.13 3.33 3.38 3.87 3.62 4.70 5.79 5.84 1.94 0.43 0.00 0.00 0.00 0.00 0.00 0.00 0.00 0.00 0.00 0.00 0.00 0.00 0.00 0.00 0.00 0.00 0.00 0.00 0.00 0.00 0.00 0.00 0.00 0.00 0.00 0.00 0.00 0.00 0.00 0.00 0.00 0.00 0.00 0.00 0.00 0.00
6.48 6.57 6.68 6.77 6.85 6.94 7.07 7.14 7.21 7.27 7.38 7.46 7.54 7.69 7.77 7.80 7.90 7.96 8.03 8.13 8.17 8.22 8.27 8.32 8.39 8.45 8.50 8.56 8.61 8.66 8.70 8.75 8.82 8.79 5.75 4.44 4.09 4.52 4.15 3.19 4.10 4.21 3.80 4.65 5.80 5.85 1.70 0.31 0.00 0.00 0.00 0.00 0.00 0.00 0.00 0.00 0.00 0.00 0.00 0.00 0.00 0.00 0.00 0.00 0.00 0.00 0.00 0.00 0.00 0.00 0.00 0.00 0.00 0.00 0.00 0.00 0.00 0.00 0.00 0.00 0.00 0.00 0.00 0.00
6.43 6.53 6.62 6.68 6.80 6.89 7.04 7.12 7.18 7.24 7.35 7.42 7.50 7.58 7.67 7.75 7.87 7.89 7.98 8.11 8.15 8.20 8.24 8.29 8.36 8.41 8.46 8.52 8.57 8.62 8.66 8.70 8.77 8.14 4.95 4.30 4.14 4.60 3.88 4.00 4.61 4.37 3.88 5.24 5.88 3.52 1.89 0.59 0.00 0.00 0.00 0.00 0.00 0.00 0.00 0.00 0.00 0.00 0.00 0.00 0.00 0.00 0.00 0.00 0.00 0.00 0.00 0.00 0.00 0.00 0.00 0.00 0.00 0.00 0.00 0.00 0.00 0.00 0.00 0.00 0.00 0.00 0.00 0.00
6.41 6.50 6.58 6.64 6.77 6.86 7.01 7.09 7.16 7.22 7.32 7.39 7.46 7.54 7.62 7.70 7.78 7.85 8.00 8.06 8.11 8.18 8.22 8.27 8.32 8.39 8.43 8.48 8.53 8.58 8.62 8.66 8.72 7.08 4.57 4.01 4.39 4.30 3.76 4.47 4.42 3.99 3.91 5.43 5.97 4.05 2.09 0.80 0.00 0.00 0.00 0.00 0.00 0.00 0.00 0.00 0.00 0.00 0.00 0.00 0.00 0.00 0.00 0.00 0.00 0.00 0.00 0.00 0.00 0.00 0.00 0.00 0.00 0.00 0.00 0.00 0.00 0.00 0.00 0.00 0.00 0.00 0.00 0.00
6.38 6.47 6.54 6.61 6.74 6.82 6.98 7.06 7.13 7.20 7.27 7.37 7.44 7.51 7.58 7.66 7.73 7.81 7.92 8.03 8.08 8.13 8.16 8.21 8.25 8.36 8.36 8.41 8.46 8.53 8.57 8.65 8.06 5.11 4.32 3.83 4.41 3.98 4.01 4.57 4.30 4.03 3.50 4.55 6.04 5.14 2.16 1.21 0.03 0.00 0.00 0.00 0.00 0.00 0.00 0.00 0.00 0.00 0.00 0.00 0.00 0.00 0.00 0.00 0.00 0.00 0.00 0.00 0.00 0.00 0.00 0.00 0.00 0.00 0.00 0.00 0.00 0.00 0.00 0.00 0.00 0.00 0.00 0.00
6.36 6.44 6.50 6.58 6.71 6.79 6.96 7.03 7.11 7.18 7.25 7.36 7.42 7.49 7.56 7.63 7.69 7.76 7.93 7.99 8.04 8.09 8.14 8.18 8.23 8.29 8.33 8.38 8.42 8.50 8.50 8.62 6.53 4.67 4.25 3.75 4.13 3.92 4.29 4.73 4.31 4.57 3.65 5.55 6.10 5.61 2.28 1.45 0.05 0.00 0.00 0.00 0.00 0.00 0.00 0.00 0.00 0.00 0.00 0.00 0.00 0.00 0.00 0.00 0.00 0.00 0.00 0.00 0.00 0.00 0.00 0.00 0.00 0.00 0.00 0.00 0.00 0.00 0.00 0.00 0.00 0.00 0.00 0.00
6.34 6.41 6.47 6.55 6.68 6.76 6.93 7.01 7.09 7.16 7.23 7.35 7.42 7.49 7.55 7.61 7.68 7.74 7.80 7.96 8.01 8.06 8.11 8.16 8.20 8.27 8.31 8.35 8.39 8.43 8.47 8.54 5.99 4.23 4.09 3.74 3.33 3.81 4.47 4.90 4.81 5.09 4.72 5.62 6.11 5.66 2.18 1.27 0.05 0.00 0.00 0.00 0.00 0.00 0.00 0.00 0.00 0.00 0.00 0.00 0.00 0.00 0.00 0.00 0.00 0.00 0.00 0.00 0.00 0.00 0.00 0.00 0.00 0.00 0.00 0.00 0.00 0.00 0.00 0.00 0.00 0.00 0.00 0.00
6.32 6.38 6.45 6.52 6.60 6.82 6.90 6.98 7.07 7.15 7.23 7.35 7.42 7.49 7.56 7.62 7.68 7.74 7.88 7.94 7.99 8.04 8.08 8.13 8.17 8.22 8.28 8.33 8.36 8.40 8.44 8.51 4.92 4.15 3.72 3.52 3.06 4.40 4.84 4.94 4.35 5.06 4.51 4.68 6.10 4.77 1.75 0.53 0.01 0.00 0.00 0.00 0.00 0.00 0.00 0.00 0.00 0.00 0.00 0.00 0.00 0.00 0.00 0.00 0.00 0.00 0.00 0.00 0.00 0.00 0.00 0.00 0.00 0.00 0.00 0.00 0.00 0.00 0.00 0.00 0.00 0.00 0.00 0.00
6.29 6.34 6.41 6.50 6.70 6.80 6.89 6.98 7.07 7.16 7.24 7.36 7.44 7.51 7.57 7.63 7.69 7.75 7.88 7.93 7.97 8.02 8.06 8.10 8.14 8.19 8.25 8.29 8.33 8.37 8.40 8.47 5.54 4.02 3.78 3.41 3.41 4.70 4.85 4.63 4.33 4.02 3.73 3.91 3.12 2.54 1.91 0.09 0.00 0.00 0.00 0.00 0.00 0.00 0.00 0.00 0.00 0.00 0.00 0.00 0.00 0.00 0.00 0.00 0.00 0.00 0.00 0.00 0.00 0.00 0.00 0.00 0.00 0.00 0.00 0.00 0.00 0.00 0.00 0.00 0.00 0.00 0.00 0.00
6.26 6.31 6.39 6.48 6.56 6.79 6.89 6.99 7.09 7.18 7.27 7.35 7.46 7.52 7.59 7.64 7.70 7.75 7.88 7.93 7.97 8.01 8.05 8.09 8.13 8.17 8.23 8.26 8.29 8.33 8.36 8.42 5.26 3.87 3.72 3.36 3.77 4.71 4.77 4.57 4.16 3.98 3.73 4.37 2.06 1.88 1.45 0.01 0.00 0.00 0.00 0.00 0.00 0.00 0.00 0.00 0.00 0.00 0.00 0.00 0.00 0.00 0.00 0.00 0.00 0.00 0.00 0.00 0.00 0.00 0.00 0.00 0.00 0.00 0.00 0.00 0.00 0.00 0.00 0.00 0.00 0.00 0.00 0.00
6.24 6.30 6.38 6.46 6.69 6.80 6.90 7.02 7.12 7.21 7.29 7.37 7.47 7.53 7.59 7.65 7.71 7.81 7.86 7.93 7.97 8.02 8.05 8.09 8.13 8.16 8.21 8.25 8.28 8.31 8.37 8.40 5.13 3.60 3.55 3.39 4.10 4.59 4.64 4.42 4.19 3.89 3.85 4.66 2.83 1.80 0.48 0.00 0.00 0.00 0.00 0.00 0.00 0.00 0.00 0.00 0.00 0.00 0.00 0.00 0.00 0.00 0.00 0.00 0.00 0.00 0.00 0.00 0.00 0.00 0.00 0.00 0.00 0.00 0.00 0.00 0.00 0.00 0.00 0.00 0.00 0.00 0.00 0.00
6.22 6.28 6.37 6.45 6.53 6.82 6.94 7.05 7.14 7.23 7.30 7.38 7.47 7.53 7.59 7.65 7.71 7.81 7.86 7.94 7.98 8.02 8.06 8.09 8.13 8.17 8.21 8.24 8.27 8.30 8.35 8.38 4.96 3.28 3.23 3.56 4.04 4.29 4.43 4.26 4.01 3.92 4.17 4.20 2.05 1.70 0.32 0.00 0.00 0.00 0.00 0.00 0.00 0.00 0.00 0.00 0.00 0.00 0.00 0.00 0.00 0.00 0.00 0.00 0.00 0.00 0.00 0.00 0.00 0.00 0.00 0.00 0.00 0.00 0.00 0.00 0.00 0.00 0.00 0.00 0.00 0.00 0.00 0.00
6.20 6.27 6.36 6.44 6.67 6.86 6.97 7.06 7.15 7.23 7.30 7.37 7.47 7.54 7.60 7.65 7.71 7.77 7.87 7.94 7.98 8.02 8.06 8.10 8.14 8.17 8.21 8.25 8.27 8.30 8.35 8.34 4.87 3.09 3.18 3.48 3.97 3.81 4.08 4.02 3.87 3.91 4.47 2.27 1.96 1.45 0.08 0.00 0.00 0.00 0.00 0.00 0.00 0.00 0.00 0.00 0.00 0.00 0.00 0.00 0.00 0.00 0.00 0.00 0.00 0.00 0.00 0.00 0.00 0.00 0.00 0.00 0.00 0.00 0.00 0.00 0.00 0.00 0.00 0.00 0.00 0.00 0.00 0.00
6.19 6.25 6.35 6.46 6.73 6.89 6.97 7.06 7.14 7.22 7.30 7.37 7.49 7.55 7.61 7.67 7.72 7.78 7.87 7.94 7.98 8.03 8.07 8.10 8.14 8.18 8.21 8.26 8.28 8.30 8.32 8.11 4.55 3.21 3.40 3.50 3.93 3.61 3.53 3.64 3.61 4.00 4.72 1.94 1.60 0.84 0.02 0.00 0.00 0.00 0.00 0.00 0.00 0.00 0.00 0.00 0.00 0.00 0.00 0.00 0.00 0.00 0.00 0.00 0.00 0.00 0.00 0.00 0.00 0.00 0.00 0.00 0.00 0.00 0.00 0.00 0.00 0.00 0.00 0.00 0.00 0.00 0.00 0.00
6.17 6.24 6.36 6.63 6.75 6.88 6.97 7.06 7.14 7.22 7.30 7.38 7.46 7.56 7.63 7.68 7.74 7.84 7.89 7.95 7.99 8.03 8.07 8.11 8.15 8.18 8.22 8.26 8.28 8.30 8.32 6.19 3.73 3.30 3.40 3.20 3.41 3.33 3.40 3.47 3.52 4.07 4.81 2.92 1.17 0.13 0.00 0.00 0.00 0.00 0.00 0.00 0.00 0.00 0.00 0.00 0.00 0.00 0.00 0.00 0.00 0.00 0.00 0.00 0.00 0.00 0.00 0.00 0.00 0.00 0.00 0.00 0.00 0.00 0.00 0.00 0.00 0.00 0.00 0.00 0.00 0.00 0.00 0.00
6.16 6.25 6.39 6.66 6.75 6.87 6.97 7.07 7.15 7.24 7.32 7.40 7.47 7.58 7.65 7.71 7.82 7.87 7.91 7.95 8.00 8.03 8.07 8.11 8.15 8.19 8.22 8.26 8.29 8.31 8.30 5.25 3.43 3.20 3.35 3.00 2.92 3.17 3.34 3.58 3.68 3.93 4.54 2.32 1.62 0.29 0.00 0.00 0.00 0.00 0.00 0.00 0.00 0.00 0.00 0.00 0.00 0.00 0.00 0.00 0.00 0.00 0.00 0.00 0.00 0.00 0.00 0.00 0.00 0.00 0.00 0.00 0.00 0.00 0.00 0.00 0.00 0.00 0.00 0.00 0.00 0.00 0.00 0.00
