tsunami_inundation/2460.asc
ncols        89
nrows        96
xllcorner    425855.973699999973
yllcorner    5091051.504999999888
cellsize     55.000000000000
NODATA_value  -9999.00
[rows 0 to 36 of 96, columns 0 to 83 of 89]
-9999.00 5.84 5.91 6.05 6.12 6.29 7.84 8.67 8.58 8.51 8.56 8.59 8.59 8.60 8.62 8.65 8.69 8.82 8.89 8.96 9.01 9.03 9.03 9.02 9.01 8.99 8.97 8.95 8.91 8.89 8.84 8.82 8.80 8.79 8.77 8.76 8.75 8.74 8.73 8.72 8.63 2.94 1.11 1.60 1.54 0.71 0.11 0.00 0.00 0.00 0.62 0.80 1.00 0.99 0.79 0.43 0.18 0.19 0.19 0.00 0.00 0.00 0.00 0.00 0.00 0.00 0.00 0.00 0.00 0.00 0.00 0.00 0.00 0.00 0.00 0.00 0.00 0.00 0.00 0.00 0.00 0.00 0.00 0.00
-9999.00 5.84 5.90 6.03 6.10 6.20 6.95 8.61 8.66 8.52 8.55 8.60 8.60 8.60 8.62 8.63 8.69 8.75 8.81 8.87 8.93 9.01 9.03 9.04 9.03 9.02 9.00 8.98 8.90 8.87 8.84 8.81 8.78 8.75 8.74 8.72 8.70 8.69 8.67 8.62 8.54 3.17 0.69 1.17 1.40 1.14 0.67 0.06 0.00 1.17 1.30 1.29 1.33 1.34 1.32 1.29 0.53 0.21 0.19 0.00 0.00 0.00 0.00 0.00 0.00 0.00 0.00 0.00 0.00 0.00 0.00 0.00 0.00 0.00 0.00 0.00 0.00 0.00 0.00 0.00 0.00 0.00 0.00 0.00
-9999.00 5.83 5.96 6.03 6.10 6.18 6.38 8.09 8.64 8.53 8.49 8.59 8.58 8.59 8.63 8.65 8.67 8.71 8.75 8.80 8.85 8.93 8.98 9.01 9.03 9.03 9.03 9.01 8.99 8.90 8.86 8.82 8.79 8.75 8.71 8.68 8.64 8.61 8.58 8.54 8.44 1.60 0.55 0.82 1.12 1.17 0.97 0.82 1.17 1.62 1.40 1.44 1.51 1.54 1.64 1.92 1.99 1.71 0.20 0.00 0.00 0.00 0.00 0.00 0.00 0.00 0.00 0.00 0.00 0.00 0.00 0.00 0.00 0.00 0.00 0.00 0.00 0.00 0.00 0.00 0.00 0.00 0.00 0.00
-9999.00 5.83 5.96 6.02 6.09 6.17 6.31 7.62 8.61 8.56 8.46 8.52 8.56 8.57 8.62 8.64 8.67 8.69 8.72 8.75 8.79 8.86 8.90 8.94 8.97 9.00 8.99 9.00 8.97 8.94 8.90 8.85 8.79 8.74 8.69 8.64 8.58 8.55 8.51 8.46 8.41 5.78 0.92 0.69 0.80 0.87 0.85 0.85 1.73 1.65 1.54 1.60 1.68 1.96 2.29 2.34 2.26 2.26 2.43 0.17 0.00 0.00 0.00 0.00 0.00 0.00 0.00 0.00 0.00 0.00 0.00 0.00 0.00 0.00 0.00 0.00 0.00 0.00 0.00 0.00 0.00 0.00 0.00 0.00
-9999.00 5.83 5.95 6.02 6.09 6.17 6.28 7.18 8.50 8.59 8.46 8.48 8.55 8.55 8.56 8.63 8.65 8.68 8.70 8.74 8.75 8.80 8.83 8.85 8.88 8.91 8.94 8.95 8.96 8.94 8.90 8.85 8.79 8.72 8.66 8.60 8.53 8.48 8.44 8.39 8.36 7.29 1.33 0.79 0.76 0.65 0.70 1.37 1.77 1.78 1.73 1.73 1.95 2.41 2.64 2.63 2.55 2.39 2.84 2.38 0.30 0.00 0.00 0.00 0.00 0.00 0.00 0.00 0.00 0.00 0.00 0.00 0.00 0.00 0.00 0.00 0.00 0.00 0.00 0.00 0.00 0.00 0.00 0.00
-9999.00 5.83 5.96 6.02 6.09 6.16 6.26 6.68 7.95 8.59 8.50 8.44 8.51 8.55 8.55 8.62 8.65 8.68 8.70 8.72 8.75 8.77 8.82 8.84 8.85 8.87 8.88 8.91 8.93 8.92 8.89 8.85 8.79 8.73 8.66 8.59 8.51 8.45 8.41 8.36 8.31 7.24 1.71 1.05 0.93 0.73 0.52 1.89 1.92 1.92 1.98 2.00 2.43 3.00 3.10 3.12 2.99 2.43 2.23 2.13 1.84 0.20 0.00 0.00 0.00 0.00 0.00 0.00 0.00 0.00 0.00 0.00 0.00 0.00 0.00 0.00 0.00 0.00 0.00 0.00 0.00 0.00 0.00 0.00
-9999.00 5.89 5.96 6.02 6.09 6.16 6.24 6.36 7.40 8.54 8.55 8.43 8.47 8.54 8.55 8.61 8.64 8.68 8.70 8.72 8.75 8.77 8.80 8.83 8.85 8.87 8.89 8.90 8.91 8.91 8.90 8.87 8.82 8.77 8.70 8.64 8.56 8.50 8.45 8.39 8.31 3.46 2.06 1.46 1.30 1.12 0.86 1.53 2.17 2.13 2.18 2.23 2.56 3.53 3.68 3.47 3.32 3.05 1.54 0.93 1.16 0.42 0.05 0.00 0.00 0.00 0.00 0.00 0.00 0.00 0.00 0.00 0.00 0.00 0.00 0.00 0.00 0.00 0.00 0.00 0.00 0.00 0.00 0.00
-9999.00 5.89 5.95 6.02 6.09 6.15 6.23 6.32 6.94 8.28 8.58 8.45 8.43 8.51 8.54 8.61 8.63 8.66 8.70 8.72 8.75 8.77 8.80 8.82 8.85 8.87 8.90 8.93 8.98 9.03 9.35 9.60 9.84 9.94 8.96 8.96 8.94 9.24 9.13 8.97 8.75 8.51 2.93 1.79 1.53 1.36 1.26 1.84 2.27 2.26 2.30 2.57 3.04 3.82 4.21 3.95 3.67 3.40 1.14 0.04 0.61 0.24 0.18 0.18 0.19 0.00 0.00 0.00 0.00 0.00 0.00 0.00 0.00 0.00 0.00 0.00 0.00 0.00 0.00 0.00 0.00 0.00 0.00 0.00
-9999.00 5.88 5.95 6.02 6.08 6.15 6.22 6.30 6.64 7.71 8.55 8.49 8.40 8.46 8.53 8.59 8.62 8.65 8.68 8.71 8.74 8.77 8.80 8.82 8.85 8.89 8.93 9.08 9.26 9.75 10.06 10.12 10.09 10.02 9.95 9.84 9.80 9.64 9.50 9.32 9.13 6.49 4.09 2.83 2.05 1.82 2.02 2.48 2.68 2.56 2.40 2.38 3.39 4.32 4.42 4.44 3.97 3.54 0.69 0.01 0.00 0.19 0.18 0.18 0.19 0.18 0.00 0.00 0.00 0.00 0.00 0.00 0.00 0.00 0.00 0.00 0.00 0.00 0.00 0.00 0.00 0.00 0.00 0.00
-9999.00 5.82 5.94 6.01 6.08 6.14 6.20 6.28 6.48 7.15 8.40 8.54 8.40 8.41 8.50 8.57 8.61 8.63 8.66 8.69 8.71 8.75 8.78 8.83 8.87 8.92 8.99 9.11 9.84 10.21 10.19 10.14 10.08 10.03 9.98 9.96 9.92 9.78 9.62 9.41 9.19 7.50 4.95 3.79 2.94 2.80 3.32 3.38 3.09 3.01 2.87 2.31 2.91 4.75 4.90 4.79 4.56 2.83 0.50 0.01 0.00 0.00 0.00 0.00 0.14 0.19 0.00 0.00 0.00 0.00 0.00 0.00 0.00 0.00 0.00 0.00 0.00 0.00 0.00 0.00 0.00 0.00 0.00 0.00
-9999.00 5.78 5.94 6.00 6.07 6.13 6.20 6.26 6.40 6.75 7.89 8.49 8.46 8.36 8.42 8.53 8.58 8.61 8.64 8.67 8.70 8.73 8.77 8.84 8.90 9.00 9.14 9.49 10.27 10.23 10.14 10.11 10.09 10.09 10.09 10.04 9.98 9.85 9.71 9.53 9.31 8.58 8.14 6.60 3.79 4.26 4.69 3.84 3.68 3.50 3.38 3.17 3.27 4.90 5.35 5.32 4.31 2.31 0.99 0.04 0.00 0.00 0.00 0.00 0.00 0.19 0.00 0.00 0.00 0.00 0.00 0.00 0.00 0.00 0.00 0.00 0.00 0.00 0.00 0.00 0.00 0.00 0.00 0.00
-9999.00 5.78 5.93 6.00 6.06 6.12 6.18 6.24 6.31 6.48 7.01 8.22 8.49 8.36 8.45 8.51 8.54 8.59 8.63 8.66 8.70 8.73 8.77 8.87 8.97 9.14 9.56 10.30 10.25 10.16 10.09 10.11 10.14 10.16 10.14 10.09 10.02 9.94 9.80 9.67 9.50 8.86 8.42 7.87 6.83 5.85 5.69 5.27 4.79 4.14 3.49 2.89 5.09 5.56 5.67 5.70 4.26 2.33 1.48 0.08 0.00 0.00 0.00 0.00 0.00 0.19 0.00 0.00 0.00 0.00 0.00 0.00 0.00 0.00 0.00 0.00 0.00 0.00 0.00 0.00 0.00 0.00 0.00 0.00
5.76 5.86 5.92 5.99 6.05 6.11 6.17 6.22 6.29 6.42 6.68 7.58 8.44 8.32 8.38 8.49 8.51 8.56 8.61 8.65 8.70 8.75 8.80 8.95 9.11 9.56 10.23 10.26 10.14 10.09 10.10 10.14 10.16 10.16 10.15 10.17 10.15 10.08 9.97 9.89 9.57 9.18 8.71 8.14 7.06 6.68 6.44 5.92 5.26 4.43 3.66 2.11 5.43 5.84 6.31 5.99 3.74 2.41 1.68 0.16 0.00 0.00 0.00 0.00 0.00 0.18 0.00 0.00 0.00 0.00 0.00 0.00 0.00 0.00 0.00 0.00 0.00 0.00 0.00 0.00 0.00 0.00 0.00 0.00
5.76 5.85 5.92 5.98 6.04 6.09 6.15 6.21 6.27 6.39 6.52 7.03 8.15 8.44 8.32 8.42 8.49 8.52 8.58 8.64 8.70 8.77 8.86 9.08 9.50 10.21 10.34 10.13 10.10 10.13 10.22 10.23 10.24 10.25 10.26 10.24 10.21 10.18 10.09 9.88 9.71 9.39 8.96 8.42 7.77 7.27 7.06 6.58 5.69 4.74 4.17 3.20 4.03 6.38 6.56 5.44 3.50 2.37 2.13 0.38 0.01 0.00 0.00 0.00 0.00 0.17 0.00 0.00 0.00 0.00 0.00 0.00 0.00 0.00 0.00 0.00 0.00 0.00 0.00 0.00 0.00 0.00 0.00 0.00
5.75 5.85 5.91 5.97 6.03 6.08 6.14 6.20 6.26 6.36 6.46 6.69 7.50 8.38 8.29 8.34 8.48 8.50 8.55 8.63 8.70 8.81 9.00 9.32 10.26 10.33 10.23 10.15 10.20 10.28 10.34 10.34 10.35 10.34 10.31 10.27 10.24 10.20 10.14 9.95 9.77 9.54 9.07 8.50 8.08 7.64 7.42 7.27 6.12 4.70 4.16 3.74 6.40 6.48 6.67 4.86 3.20 2.26 2.11 0.27 0.00 0.00 0.00 0.00 0.00 0.06 0.00 0.00 0.00 0.00 0.00 0.00 0.00 0.00 0.00 0.00 0.00 0.00 0.00 0.00 0.00 0.00 0.00 0.00
5.74 5.80 5.90 5.96 6.01 6.07 6.13 6.19 6.25 6.35 6.43 6.55 6.96 8.40 8.31 8.27 8.40 8.50 8.54 8.63 8.76 8.92 9.19 9.72 10.31 10.27 10.21 10.29 10.37 10.40 10.40 10.38 10.37 10.35 10.32 10.29 10.25 10.22 10.16 10.10 9.85 9.63 9.20 8.75 8.53 7.93 7.46 7.50 6.73 5.23 4.05 3.53 2.38 6.64 6.55 4.85 2.36 1.88 1.93 0.64 0.00 0.00 0.00 0.00 0.00 0.00 0.00 0.00 0.00 0.00 0.00 0.00 0.00 0.00 0.00 0.00 0.00 0.00 0.00 0.00 0.00 0.00 0.00 0.00
5.73 5.79 5.88 5.94 6.00 6.06 6.12 6.18 6.25 6.31 6.40 6.48 6.60 8.02 8.38 8.29 8.31 8.46 8.57 8.66 8.83 9.08 9.46 10.04 10.29 10.28 10.30 10.41 10.41 10.40 10.39 10.39 10.38 10.36 10.34 10.31 10.27 10.24 10.21 10.14 9.93 9.73 9.43 9.09 8.91 8.15 7.45 7.10 6.55 5.51 4.32 2.93 2.12 6.63 5.94 4.63 2.26 2.10 1.92 0.41 0.00 0.00 0.00 0.00 0.00 0.00 0.00 0.00 0.00 0.00 0.00 0.00 0.00 0.00 0.00 0.00 0.00 0.00 0.00 0.00 0.00 0.00 0.00 0.00
5.72 5.78 5.86 5.92 5.98 6.05 6.11 6.18 6.24 6.30 6.39 6.46 6.54 6.71 8.24 8.35 8.27 8.38 8.58 8.74 8.94 9.27 9.70 10.15 10.35 10.42 10.41 10.41 10.41 10.41 10.42 10.42 10.41 10.39 10.36 10.34 10.31 10.28 10.25 10.18 10.03 9.89 9.70 9.47 9.27 8.41 7.42 6.43 6.13 4.85 3.95 2.83 6.15 6.46 5.42 4.05 2.20 2.22 1.72 0.17 0.00 0.00 0.00 0.00 0.00 0.00 0.00 0.00 0.00 0.00 0.00 0.00 0.00 0.00 0.00 0.00 0.00 0.00 0.00 0.00 0.00 0.00 0.00 0.00
5.69 5.76 5.85 5.91 5.97 6.04 6.11 6.17 6.24 6.30 6.38 6.44 6.50 6.83 7.56 8.33 8.33 8.36 8.56 8.84 9.13 9.45 9.82 10.25 10.52 10.49 10.43 10.43 10.45 10.47 10.49 10.49 10.47 10.48 10.45 10.43 10.40 10.36 10.33 10.20 10.11 10.00 9.86 9.70 9.45 8.95 6.99 5.39 5.08 4.49 3.70 3.28 2.99 6.07 5.57 3.46 1.83 1.92 0.96 0.02 0.00 0.00 0.00 0.00 0.00 0.00 0.00 0.00 0.00 0.00 0.00 0.00 0.00 0.00 0.00 0.00 0.00 0.00 0.00 0.00 0.00 0.00 0.00 0.00
5.68 5.74 5.80 5.91 5.98 6.04 6.11 6.17 6.23 6.29 6.37 6.42 6.48 6.65 6.97 7.81 8.38 8.42 8.58 8.93 9.30 9.57 9.93 10.46 10.60 10.45 10.52 10.56 10.55 10.55 10.55 10.54 10.53 10.51 10.49 10.46 10.43 10.40 10.37 10.31 10.19 10.11 10.01 9.86 9.63 8.93 4.11 3.41 4.94 4.45 3.87 3.32 5.02 5.55 5.84 2.80 1.52 1.46 0.11 0.00 0.00 0.00 0.00 0.00 0.00 0.00 0.00 0.00 0.00 0.00 0.00 0.00 0.00 0.00 0.00 0.00 0.00 0.00 0.00 0.00 0.00 0.00 0.00 0.00
5.67 5.74 5.81 5.91 5.99 6.05 6.11 6.17 6.23 6.28 6.32 6.40 6.45 6.59 6.71 7.12 8.04 8.57 8.68 9.01 9.42 9.74 10.26 10.66 10.67 10.59 10.58 10.57 10.55 10.55 10.55 10.54 10.53 10.51 10.49 10.46 10.44 10.42 10.39 10.31 10.26 10.20 10.16 10.04 8.84 5.43 3.42 3.57 4.68 4.49 3.81 2.95 4.31 5.05 5.51 1.98 1.17 0.12 0.00 0.00 0.00 0.00 0.00 0.00 0.00 0.00 0.00 0.00 0.00 0.00 0.00 0.00 0.00 0.00 0.00 0.00 0.00 0.00 0.00 0.00 0.00 0.00 0.00 0.00
5.66 5.74 5.81 5.93 6.00 6.06 6.13 6.18 6.23 6.27 6.31 6.39 6.49 6.56 6.65 6.79 7.11 8.48 9.09 9.32 9.48 9.89 10.44 10.74 10.75 10.61 10.59 10.59 10.57 10.56 10.55 10.54 10.53 10.51 10.50 10.47 10.46 10.44 10.40 10.36 10.31 10.29 10.25 10.22 7.35 4.64 2.96 3.65 4.15 3.67 3.38 3.33 3.40 4.21 3.98 0.54 0.04 0.00 0.00 0.00 0.00 0.00 0.00 0.00 0.00 0.00 0.00 0.00 0.00 0.00 0.00 0.00 0.00 0.00 0.00 0.00 0.00 0.00 0.00 0.00 0.00 0.00 0.00 0.00
5.67 5.74 5.83 5.95 6.02 6.08 6.14 6.19 6.23 6.28 6.32 6.38 6.43 6.57 6.65 6.78 7.00 7.34 8.99 9.70 9.84 9.99 10.43 10.82 10.87 10.63 10.64 10.63 10.60 10.59 10.58 10.56 10.54 10.53 10.51 10.48 10.47 10.47 10.43 10.39 10.37 10.34 10.30 10.28 5.14 3.98 2.99 4.48 4.03 3.26 2.54 3.64 3.24 3.61 2.14 0.02 0.00 0.00 0.00 0.00 0.00 0.00 0.00 0.00 0.00 0.00 0.00 0.00 0.00 0.00 0.00 0.00 0.00 0.00 0.00 0.00 0.00 0.00 0.00 0.00 0.00 0.00 0.00 0.00
5.68 5.76 5.84 5.97 6.04 6.10 6.15 6.20 6.24 6.28 6.32 6.39 6.51 6.60 6.70 6.85 7.07 7.44 8.48 9.64 9.96 10.30 10.38 10.83 10.94 10.68 10.68 10.66 10.64 10.62 10.60 10.59 10.56 10.54 10.52 10.49 10.48 10.47 10.46 10.43 10.38 10.36 10.34 7.81 4.56 3.73 4.21 4.80 4.34 3.53 2.87 4.19 3.25 2.97 0.94 0.00 0.00 0.00 0.00 0.00 0.00 0.00 0.00 0.00 0.00 0.00 0.00 0.00 0.00 0.00 0.00 0.00 0.00 0.00 0.00 0.00 0.00 0.00 0.00 0.00 0.00 0.00 0.00 0.00
5.69 5.78 5.87 5.95 6.05 6.11 6.16 6.21 6.25 6.29 6.33 6.40 6.53 6.62 6.74 6.90 7.18 7.70 8.83 9.03 9.26 9.85 10.54 10.89 10.97 10.94 10.67 10.66 10.64 10.62 10.61 10.59 10.57 10.55 10.52 10.49 10.47 10.46 10.44 10.41 10.37 10.34 10.33 7.33 4.38 4.50 5.43 4.92 4.45 3.67 3.05 4.62 3.44 2.91 0.08 0.00 0.00 0.00 0.00 0.00 0.00 0.00 0.00 0.00 0.00 0.00 0.00 0.00 0.00 0.00 0.00 0.00 0.00 0.00 0.00 0.00 0.00 0.00 0.00 0.00 0.00 0.00 0.00 0.00
5.71 5.80 5.89 5.97 6.07 6.13 6.17 6.22 6.25 6.29 6.33 6.38 6.55 6.65 6.78 6.97 7.38 8.28 8.95 8.81 8.86 9.04 9.39 10.09 11.08 10.85 10.67 10.67 10.62 10.63 10.61 10.59 10.58 10.56 10.53 10.50 10.48 10.46 10.45 10.38 10.34 10.30 10.17 6.42 4.52 5.31 5.53 5.07 4.59 3.67 2.97 4.59 3.50 2.89 0.00 0.00 0.00 0.00 0.00 0.00 0.00 0.00 0.00 0.00 0.00 0.00 0.00 0.00 0.00 0.00 0.00 0.00 0.00 0.00 0.00 0.00 0.00 0.00 0.00 0.00 0.00 0.00 0.00 0.00
5.73 5.83 5.92 6.00 6.09 6.14 6.18 6.22 6.25 6.28 6.32 6.37 6.56 6.68 6.83 7.20 8.30 9.08 8.85 8.77 8.82 8.90 9.01 9.26 9.89 11.05 10.89 10.69 10.60 10.59 10.60 10.61 10.58 10.57 10.56 10.54 10.49 10.48 10.45 10.36 10.32 10.28 9.88 5.77 4.73 5.78 5.42 5.04 4.54 3.57 2.89 4.36 3.54 0.95 0.00 0.00 0.00 0.00 0.00 0.00 0.00 -0.00 0.00 0.00 0.00 0.00 0.00 0.00 0.00 0.00 0.00 0.00 0.00 0.00 0.00 0.00 0.00 0.00 0.00 0.00 0.00 0.00 0.00 0.00
5.76 5.85 5.94 6.01 6.09 6.13 6.17 6.20 6.23 6.27 6.31 6.48 6.57 6.70 6.91 7.74 9.06 9.09 8.83 8.77 8.83 8.87 8.90 9.00 9.62 10.87 10.99 10.91 10.76 10.63 10.59 10.60 10.59 10.58 10.57 10.56 10.53 10.49 10.45 10.35 10.31 10.26 8.97 5.01 4.86 5.90 5.38 4.96 4.38 3.52 4.00 4.26 3.40 0.00 0.00 0.00 0.00 0.00 0.00 0.00 -0.00 -0.00 0.00 0.00 0.00 0.00 0.00 0.00 0.00 0.00 0.00 0.00 0.00 0.00 0.00 0.00 0.00 0.00 0.00 0.00 0.00 0.00 0.00 0.00
5.78 5.87 5.95 6.01 6.08 6.12 6.16 6.19 6.22 6.25 6.30 6.48 6.59 6.74 7.22 8.75 9.16 8.96 8.74 8.79 8.83 8.84 8.87 8.94 9.03 9.39 10.37 10.86 10.85 10.78 10.68 10.63 10.60 10.57 10.55 10.52 10.50 10.45 10.33 10.30 10.27 9.77 4.86 4.48 5.67 5.84 5.27 5.00 4.02 3.32 2.04 4.65 1.51 0.00 0.00 0.00 0.00 0.00 0.00 0.00 -0.00 -0.00 0.00 0.00 0.00 0.00 0.00 0.00 0.00 0.00 0.00 0.00 0.00 0.00 0.00 0.00 0.00 0.00 0.00 0.00 0.00 0.00 0.00 0.00
5.78 5.87 5.94 6.00 6.05 6.11 6.14 6.17 6.20 6.24 6.29 6.49 6.62 6.89 8.07 9.13 9.07 8.79 8.74 8.80 8.81 8.81 8.85 8.91 8.98 9.15 9.38 9.78 9.78 10.25 10.57 10.64 10.62 10.58 10.50 10.46 10.43 10.37 10.26 10.22 8.75 5.72 4.48 4.66 5.52 5.69 4.92 4.50 3.68 2.93 2.15 3.57 0.08 0.00 0.00 0.00 0.00 0.00 0.00 0.00 -0.00 -0.00 0.00 0.00 0.00 0.00 0.00 0.00 0.00 0.00 0.00 0.00 0.00 0.00 0.00 0.00 0.00 0.00 0.00 0.00 0.00 0.00 0.00 0.00
5.78 5.87 5.94 5.99 6.04 6.09 6.12 6.15 6.18 6.23 6.36 6.45 6.70 7.45 8.97 9.10 8.89 8.74 8.76 8.79 8.79 8.81 8.85 8.90 9.02 9.09 9.17 9.23 9.32 9.44 9.63 9.88 10.15 10.35 10.45 10.42 10.38 10.34 10.26 10.21 6.00 5.38 4.35 4.79 5.30 5.36 4.78 4.34 3.22 2.44 3.50 0.34 0.00 0.00 0.00 0.00 0.00 0.00 0.00 0.00 -0.00 -0.00 0.00 0.00 0.00 0.00 0.00 0.00 0.00 0.00 0.00 0.00 0.00 0.00 0.00 0.00 0.00 0.00 0.00 0.00 0.00 0.00 0.00 0.00
5.78 5.86 5.93 5.98 6.02 6.07 6.11 6.14 6.17 6.22 6.37 6.48 7.02 8.55 9.02 8.82 8.75 8.77 8.78 8.78 8.80 8.83 8.86 8.90 9.01 9.08 9.15 9.19 9.24 9.30 9.36 9.42 9.50 9.61 9.82 9.98 10.09 10.12 10.10 10.12 7.35 5.23 4.00 4.26 5.12 5.20 4.65 4.12 2.81 3.60 1.94 0.09 0.00 0.00 0.00 0.00 0.00 0.00 0.00 0.00 -0.00 0.00 0.00 0.00 0.00 0.00 0.00 0.00 0.00 0.00 0.00 0.00 0.00 0.00 0.00 0.00 0.00 0.00 0.00 0.00 0.00 0.00 0.00 0.00
5.77 5.85 5.92 5.97 6.01 6.06 6.09 6.12 6.16 6.21 6.39 6.62 8.48 8.87 8.80 8.73 8.77 8.78 8.78 8.79 8.83 8.84 8.87 8.94 9.00 9.05 9.13 9.18 9.21 9.25 9.29 9.34 9.40 9.44 9.51 9.57 9.63 9.72 9.74 9.69 7.22 5.18 3.67 3.90 4.96 4.98 4.47 3.91 2.89 4.37 1.29 0.03 0.00 0.00 0.00 0.00 0.00 0.00 0.00 0.00 -0.00 0.00 0.00 0.00 0.00 0.00 0.00 0.00 0.00 0.00 0.00 0.00 0.00 0.00 0.00 0.00 0.00 0.00 0.00 0.00 0.00 0.00 0.00 0.00
5.77 5.85 5.91 5.95 5.98 6.03 6.07 6.10 6.15 6.21 6.30 7.13 8.76 8.74 8.68 8.74 8.79 8.78 8.79 8.81 8.84 8.86 8.89 8.95 9.00 9.05 9.10 9.17 9.20 9.23 9.27 9.31 9.36 9.41 9.45 9.49 9.56 9.57 9.56 6.95 5.82 4.70 3.88 4.14 4.93 4.86 4.43 3.87 2.70 4.55 1.06 0.02 0.00 0.00 0.00 0.00 0.00 0.00 0.00 0.00 0.00 0.00 0.00 0.00 0.00 0.00 0.00 0.00 0.00 0.00 0.00 0.00 0.00 0.00 0.00 0.00 0.00 0.00 0.00 0.00 0.00 0.00 0.00 0.00
5.75 5.83 5.89 5.93 5.96 6.00 6.05 6.09 6.14 6.22 6.34 8.14 8.68 8.62 8.68 8.77 8.78 8.79 8.82 8.84 8.87 8.90 8.93 9.00 9.03 9.08 9.12 9.19 9.23 9.25 9.28 9.31 9.35 9.38 9.41 9.46 9.48 9.51 7.94 5.39 5.41 4.31 3.87 4.26 4.98 4.83 4.39 3.83 2.61 4.75 0.65 0.00 0.00 0.00 0.00 0.00 0.00 0.00 0.00 0.00 -0.00 0.00 0.00 0.00 0.00 0.00 0.00 0.00 0.00 0.00 0.00 0.00 0.00 0.00 0.00 0.00 0.00 0.00 0.00 0.00 0.00 0.00 0.00 0.00
5.74 5.81 5.87 5.91 5.95 5.98 6.04 6.08 6.15 6.24 7.50 8.58 8.59 8.61 8.72 8.78 8.79 8.82 8.87 8.90 8.95 8.98 9.02 9.05 9.11 9.15 9.22 9.28 9.32 9.35 9.36 9.37 9.39 9.41 9.42 9.46 9.48 9.51 9.30 6.63 5.00 4.17 3.75 4.68 5.04 4.86 4.41 3.83 2.84 4.95 0.60 0.00 0.00 0.00 0.00 0.00 0.00 0.00 0.00 0.00 -0.00 0.00 0.00 0.00 0.00 0.00 0.00 0.00 0.00 0.00 0.00 0.00 0.00 0.00 0.00 0.00 0.00 0.00 0.00 0.00 0.00 0.00 0.00 0.00
5.73 5.80 5.85 5.89 5.93 5.97 6.03 6.08 6.16 6.30 8.36 8.54 8.50 8.65 8.77 8.80 8.83 8.90 8.94 8.97 9.04 9.06 9.09 9.12 9.18 9.22 9.26 9.33 9.37 9.41 9.44 9.45 9.46 9.48 9.48 9.49 9.50 9.50 9.53 9.26 5.55 4.25 3.70 4.92 5.04 5.21 4.61 3.66 3.50 5.09 0.52 0.00 0.00 0.00 0.00 0.00 0.00 0.00 0.00 0.00 -0.00 0.00 0.00 0.00 0.00 0.00 0.00 0.00 0.00 0.00 0.00 0.00 0.00 0.00 0.00 0.00 0.00 0.00 0.00 0.00 0.00 0.00 0.00 0.00
