tsunami_inundation/2490.asc
ncols        89
nrows        96
xllcorner    425855.973699999973
yllcorner    5091051.504999999888
cellsize     55.000000000000
NODATA_value  -9999.00
[rows 37 to 73 of 96, columns 0 to 83 of 89]
7.46 7.48 7.54 7.48 7.54 7.60 7.61 7.66 7.71 7.75 7.78 7.80 7.82 7.83 7.86 7.89 7.92 7.96 8.00 8.04 8.09 8.18 8.28 8.33 8.37 8.41 8.46 8.54 8.60 8.66 8.71 8.76 8.81 8.88 8.93 9.00 9.05 9.12 9.15 9.15 5.30 3.79 3.61 4.71 4.79 5.19 4.86 4.29 6.21 6.43 2.30 1.29 0.02 0.00 0.00 0.00 0.00 0.00 0.00 0.00 -0.00 0.00 0.00 0.00 0.00 0.00 0.00 0.00 0.00 0.00 0.00 0.00 0.00 0.00 0.00 0.00 0.00 0.00 0.00 0.00 0.00 0.00 0.00 0.00
7.29 7.19 7.37 7.32 7.36 7.50 7.51 7.63 7.64 7.68 7.71 7.73 7.76 7.80 7.83 7.86 7.89 7.93 7.97 8.02 8.06 8.14 8.25 8.30 8.34 8.39 8.43 8.47 8.54 8.59 8.64 8.69 8.73 8.78 8.83 8.95 8.97 9.01 9.04 8.06 4.32 3.68 3.58 4.66 4.77 4.96 4.44 4.74 6.49 3.15 2.27 1.10 0.01 0.00 0.00 0.00 0.00 0.00 0.00 0.00 0.00 0.00 0.00 0.00 0.00 0.00 0.00 0.00 0.00 0.00 0.00 0.00 0.00 0.00 0.00 0.00 0.00 0.00 0.00 0.00 0.00 0.00 0.00 0.00
7.09 7.10 7.19 7.26 7.30 7.39 7.47 7.58 7.58 7.58 7.62 7.69 7.72 7.77 7.80 7.83 7.87 7.90 7.95 7.99 8.03 8.10 8.21 8.26 8.31 8.36 8.40 8.44 8.51 8.56 8.61 8.66 8.70 8.75 8.80 8.84 8.93 8.94 8.99 7.03 3.83 3.58 3.87 4.61 4.63 4.80 4.47 5.85 6.53 2.99 2.23 0.95 0.00 0.00 0.00 0.00 0.00 0.00 0.00 0.00 0.00 0.00 0.00 0.00 0.00 0.00 0.00 0.00 0.00 0.00 0.00 0.00 0.00 0.00 0.00 0.00 0.00 0.00 0.00 0.00 0.00 0.00 0.00 0.00
6.97 7.06 7.15 7.19 7.26 7.34 7.40 7.47 7.51 7.52 7.58 7.62 7.65 7.72 7.74 7.81 7.85 7.88 7.92 7.96 8.01 8.08 8.17 8.22 8.27 8.32 8.37 8.42 8.49 8.54 8.59 8.62 8.66 8.71 8.76 8.87 8.88 8.91 8.97 5.87 3.61 3.35 4.24 4.65 4.68 4.80 4.69 6.57 6.60 2.90 2.17 0.85 0.00 0.00 0.00 0.00 0.00 0.00 0.00 0.00 0.00 0.00 0.00 0.00 0.00 0.00 0.00 0.00 0.00 0.00 0.00 0.00 0.00 0.00 0.00 0.00 0.00 0.00 0.00 0.00 0.00 0.00 0.00 0.00
6.92 7.03 7.10 7.14 7.22 7.28 7.33 7.44 7.48 7.49 7.55 7.58 7.62 7.65 7.71 7.78 7.79 7.84 7.90 7.91 7.98 8.05 8.09 8.19 8.22 8.27 8.32 8.37 8.44 8.49 8.54 8.59 8.64 8.69 8.73 8.78 8.86 8.89 8.94 5.63 3.46 3.01 4.03 4.68 4.77 4.62 5.31 6.69 6.69 2.72 1.99 0.66 0.00 0.00 0.00 0.00 0.00 0.00 -0.00 0.00 0.00 0.00 0.00 0.00 0.00 0.00 0.00 0.00 0.00 0.00 0.00 0.00 0.00 0.00 0.00 0.00 0.00 0.00 0.00 0.00 0.00 0.00 0.00 0.00
6.90 6.99 7.05 7.10 7.17 7.21 7.28 7.40 7.46 7.48 7.51 7.53 7.57 7.61 7.67 7.71 7.76 7.80 7.85 7.89 7.96 7.97 8.10 8.15 8.19 8.24 8.29 8.34 8.41 8.46 8.52 8.57 8.62 8.66 8.71 8.82 8.84 8.87 8.71 4.47 3.68 3.29 4.19 4.63 4.84 4.62 6.18 6.71 6.73 3.12 1.94 0.53 0.00 0.00 0.00 0.00 0.00 0.00 0.00 0.00 0.00 0.00 0.00 0.00 0.00 0.00 0.00 0.00 0.00 0.00 0.00 0.00 0.00 0.00 0.00 0.00 0.00 0.00 0.00 0.00 0.00 0.00 0.00 0.00
6.88 6.95 7.00 7.06 7.11 7.13 7.22 7.30 7.39 7.44 7.46 7.50 7.54 7.58 7.64 7.68 7.73 7.77 7.82 7.86 7.91 8.01 8.05 8.10 8.14 8.18 8.26 8.31 8.36 8.44 8.49 8.54 8.59 8.63 8.68 8.73 8.81 8.85 8.61 4.07 3.82 3.44 4.47 4.61 4.78 4.59 6.65 6.75 5.92 3.09 1.83 0.26 0.00 0.00 0.00 0.00 0.00 0.00 0.00 0.00 0.00 0.00 0.00 0.00 0.00 0.00 0.00 0.00 0.00 0.00 0.00 0.00 0.00 0.00 0.00 0.00 0.00 0.00 0.00 0.00 0.00 0.00 0.00 0.00
6.83 6.88 6.94 6.99 7.04 7.09 7.18 7.25 7.35 7.41 7.43 7.47 7.51 7.56 7.59 7.66 7.70 7.75 7.80 7.84 7.89 7.93 8.03 8.08 8.12 8.17 8.21 8.26 8.33 8.41 8.47 8.49 8.57 8.62 8.71 8.75 8.79 8.83 5.66 3.73 3.29 3.70 5.24 4.81 4.68 4.46 6.70 6.79 4.69 2.95 1.77 0.16 0.00 0.00 0.00 0.00 0.00 0.00 0.00 0.00 0.00 0.00 0.00 0.00 0.00 0.00 0.00 0.00 0.00 0.00 0.00 0.00 0.00 0.00 0.00 0.00 0.00 0.00 0.00 0.00 0.00 0.00 0.00 0.00
6.78 6.84 6.91 6.95 7.00 7.06 7.12 7.20 7.36 7.39 7.41 7.45 7.49 7.53 7.57 7.63 7.68 7.72 7.77 7.82 7.86 7.97 8.01 8.06 8.10 8.15 8.19 8.24 8.29 8.35 8.40 8.45 8.50 8.59 8.64 8.70 8.74 8.79 4.72 3.31 3.14 4.74 5.30 4.73 4.62 4.45 6.76 4.02 3.33 2.81 1.66 0.12 0.00 0.00 0.00 0.00 0.00 0.00 0.00 0.00 0.00 0.00 0.00 0.00 0.00 0.00 0.00 0.00 0.00 0.00 0.00 0.00 0.00 0.00 0.00 0.00 0.00 0.00 0.00 0.00 0.00 0.00 0.00 0.00
6.71 6.81 6.87 6.91 6.97 7.02 7.07 7.15 7.33 7.37 7.39 7.42 7.46 7.51 7.55 7.62 7.66 7.70 7.75 7.79 7.84 7.92 7.98 8.02 8.07 8.12 8.17 8.21 8.26 8.33 8.38 8.43 8.48 8.52 8.57 8.64 8.72 7.76 4.25 3.18 4.08 4.91 5.08 5.00 4.59 4.45 6.80 3.76 3.25 2.64 1.43 0.08 0.00 0.00 0.00 0.00 0.00 0.00 0.00 0.00 0.00 0.00 0.00 0.00 0.00 0.00 0.00 0.00 0.00 0.00 0.00 0.00 0.00 0.00 0.00 0.00 0.00 0.00 0.00 0.00 0.00 0.00 0.00 0.00
6.66 6.77 6.83 6.88 6.93 6.98 7.02 7.10 7.29 7.34 7.37 7.40 7.44 7.49 7.53 7.60 7.63 7.67 7.71 7.75 7.80 7.88 7.95 8.00 8.05 8.10 8.15 8.19 8.24 8.29 8.36 8.41 8.46 8.50 8.55 8.62 8.68 6.70 3.57 3.07 4.09 5.07 4.91 4.78 5.33 5.24 6.82 5.94 3.06 2.53 1.74 0.03 0.00 0.00 0.00 0.00 0.00 0.00 0.00 0.00 0.00 0.00 0.00 0.00 0.00 0.00 0.00 0.00 0.00 0.00 0.00 0.00 0.00 0.00 0.00 0.00 0.00 0.00 0.00 0.00 0.00 0.00 0.00 0.00
6.62 6.73 6.80 6.85 6.90 6.94 6.98 7.05 7.25 7.30 7.34 7.38 7.41 7.45 7.50 7.57 7.61 7.65 7.69 7.73 7.77 7.82 7.93 7.97 8.02 8.07 8.12 8.17 8.22 8.27 8.34 8.39 8.44 8.48 8.53 8.60 8.67 6.31 3.27 3.01 4.18 5.08 4.69 4.70 4.91 4.64 6.79 3.35 2.86 2.41 1.61 0.00 0.00 0.00 0.00 0.00 0.00 0.00 0.00 0.00 0.00 0.00 0.00 0.00 0.00 0.00 0.00 0.00 0.00 0.00 0.00 0.00 0.00 0.00 0.00 0.00 0.00 0.00 0.00 0.00 0.00 0.00 0.00 0.00
6.59 6.70 6.77 6.81 6.85 6.89 6.94 6.99 7.19 7.26 7.32 7.36 7.39 7.43 7.48 7.53 7.60 7.64 7.68 7.72 7.76 7.84 7.90 7.95 8.00 8.04 8.09 8.15 8.20 8.25 8.32 8.37 8.42 8.46 8.51 8.57 8.62 4.79 3.12 3.36 4.89 5.26 4.89 4.72 4.54 4.53 6.72 5.89 2.78 2.27 1.44 0.00 0.00 0.00 0.00 0.00 0.00 0.00 0.00 0.00 0.00 0.00 0.00 0.00 0.00 0.00 0.00 0.00 0.00 0.00 0.00 0.00 0.00 0.00 0.00 0.00 0.00 0.00 0.00 0.00 0.00 0.00 0.00 0.00
6.53 6.65 6.72 6.77 6.82 6.86 6.91 6.96 7.14 7.22 7.29 7.34 7.37 7.41 7.46 7.51 7.58 7.62 7.67 7.70 7.74 7.82 7.88 7.93 7.97 8.02 8.07 8.12 8.17 8.22 8.29 8.35 8.40 8.44 8.50 8.54 7.48 3.94 3.58 4.15 5.05 5.15 4.92 4.70 4.58 4.58 6.67 3.28 2.74 2.33 1.18 0.00 0.00 0.00 0.00 0.00 0.00 0.00 0.00 0.00 0.00 0.00 0.00 0.00 0.00 0.00 0.00 0.00 0.00 0.00 0.00 0.00 0.00 0.00 0.00 0.00 0.00 0.00 0.00 0.00 0.00 0.00 0.00 0.00
6.50 6.59 6.68 6.74 6.79 6.84 6.88 6.98 7.10 7.18 7.25 7.31 7.36 7.40 7.44 7.49 7.56 7.61 7.65 7.69 7.77 7.80 7.84 7.91 7.95 8.00 8.05 8.08 8.13 8.18 8.26 8.31 8.36 8.45 8.48 8.47 6.22 3.87 4.01 4.33 4.59 4.75 4.43 4.01 4.24 5.11 6.63 3.28 2.79 2.34 1.09 0.00 0.00 0.00 0.00 0.00 0.00 0.00 0.00 0.00 0.00 0.00 0.00 0.00 0.00 0.00 0.00 0.00 0.00 0.00 0.00 0.00 0.00 0.00 0.00 0.00 0.00 0.00 0.00 0.00 0.00 0.00 0.00 0.00
6.47 6.55 6.65 6.71 6.77 6.82 6.86 6.95 7.05 7.13 7.21 7.28 7.34 7.39 7.42 7.47 7.54 7.59 7.63 7.68 7.75 7.78 7.82 7.88 7.92 7.97 8.01 8.06 8.11 8.16 8.21 8.28 8.33 8.42 8.46 8.22 5.09 3.98 4.77 4.29 4.03 3.96 3.55 3.51 4.34 5.92 6.05 3.24 2.76 2.18 0.83 0.01 0.00 0.00 0.00 0.00 0.00 0.00 0.00 0.00 0.00 0.00 0.00 0.00 0.00 0.00 0.00 0.00 0.00 0.00 0.00 0.00 0.00 0.00 0.00 0.00 0.00 0.00 0.00 0.00 0.00 0.00 0.00 0.00
6.42 6.51 6.62 6.68 6.74 6.79 6.83 6.93 6.98 7.09 7.17 7.25 7.32 7.37 7.41 7.45 7.51 7.56 7.60 7.65 7.69 7.77 7.81 7.87 7.91 7.95 8.00 8.05 8.09 8.14 8.19 8.26 8.31 8.36 8.44 7.23 4.86 3.98 4.87 4.02 3.33 3.03 3.04 3.94 4.72 6.57 6.60 3.00 2.66 2.01 0.49 0.00 0.00 0.00 0.00 0.00 0.00 0.00 0.00 0.00 0.00 0.00 0.00 0.00 0.00 0.00 0.00 0.00 0.00 0.00 0.00 0.00 0.00 0.00 0.00 0.00 0.00 0.00 0.00 0.00 0.00 0.00 0.00 0.00
6.38 6.47 6.58 6.65 6.71 6.77 6.86 6.90 6.95 7.04 7.11 7.19 7.27 7.34 7.39 7.44 7.47 7.54 7.58 7.63 7.71 7.75 7.79 7.86 7.90 7.94 7.98 8.03 8.08 8.12 8.17 8.25 8.29 8.34 8.42 6.94 4.61 3.83 4.90 3.83 3.22 2.76 3.23 4.17 4.98 6.57 5.73 2.68 2.33 1.59 0.08 0.00 0.00 0.00 0.00 0.00 0.00 0.00 0.00 0.00 0.00 0.00 0.00 0.00 0.00 0.00 0.00 0.00 0.00 0.00 0.00 0.00 0.00 0.00 0.00 0.00 0.00 0.00 0.00 0.00 0.00 0.00 0.00 0.00
6.34 6.40 6.54 6.61 6.68 6.73 6.79 6.88 6.93 7.02 7.08 7.16 7.23 7.31 7.37 7.43 7.47 7.53 7.57 7.66 7.70 7.74 7.78 7.84 7.88 7.92 7.97 8.02 8.06 8.11 8.16 8.23 8.28 8.36 8.41 5.61 4.26 3.75 4.61 3.48 3.16 3.19 3.83 4.24 6.03 6.58 5.44 2.60 2.20 1.19 0.02 0.00 0.00 0.00 0.00 0.00 0.00 0.00 0.00 0.00 0.00 0.00 0.00 0.00 0.00 0.00 0.00 0.00 0.00 0.00 0.00 0.00 0.00 0.00 0.00 0.00 0.00 0.00 0.00 0.00 0.00 0.00 0.00 0.00
6.23 6.32 6.42 6.58 6.65 6.72 6.82 6.87 6.92 7.00 7.06 7.13 7.20 7.28 7.35 7.41 7.46 7.52 7.56 7.60 7.68 7.72 7.76 7.80 7.86 7.91 7.95 8.00 8.05 8.09 8.14 8.21 8.25 8.34 6.98 4.53 3.75 4.18 4.39 3.32 3.00 3.23 3.91 4.36 6.57 6.62 4.50 2.53 2.11 0.57 0.01 0.00 0.00 0.00 0.00 0.00 0.00 0.00 0.00 0.00 0.00 0.00 0.00 0.00 0.00 0.00 0.00 0.00 0.00 0.00 0.00 0.00 0.00 0.00 0.00 0.00 0.00 0.00 0.00 0.00 0.00 0.00 0.00 0.00
6.20 6.28 6.37 6.51 6.63 6.68 6.80 6.86 6.91 6.99 7.05 7.11 7.18 7.25 7.33 7.39 7.45 7.52 7.56 7.59 7.67 7.71 7.75 7.79 7.84 7.88 7.92 7.97 8.02 8.06 8.11 8.16 8.28 8.32 6.84 4.17 3.49 4.24 4.04 3.17 2.75 3.44 4.09 5.01 6.61 6.64 3.10 2.44 1.88 0.12 0.00 0.00 0.00 0.00 0.00 0.00 0.00 0.00 0.00 0.00 0.00 0.00 0.00 0.00 0.00 0.00 0.00 0.00 0.00 0.00 0.00 0.00 0.00 0.00 0.00 0.00 0.00 0.00 0.00 0.00 0.00 0.00 0.00 0.00
6.17 6.25 6.33 6.47 6.57 6.66 6.73 6.86 6.92 6.97 7.06 7.11 7.17 7.24 7.31 7.38 7.44 7.52 7.56 7.64 7.67 7.70 7.74 7.78 7.83 7.87 7.91 7.96 8.00 8.05 8.09 8.14 8.26 8.22 5.74 3.93 3.44 4.23 3.71 2.97 3.09 3.84 4.36 5.74 6.61 6.64 2.98 2.34 1.48 0.06 0.00 0.00 0.00 0.00 0.00 0.00 0.00 0.00 0.00 0.00 0.00 0.00 0.00 0.00 0.00 0.00 0.00 0.00 0.00 0.00 0.00 0.00 0.00 0.00 0.00 0.00 0.00 0.00 0.00 0.00 0.00 0.00 0.00 0.00
6.14 6.22 6.30 6.44 6.54 6.64 6.81 6.88 6.94 7.00 7.08 7.13 7.19 7.23 7.29 7.35 7.42 7.48 7.56 7.65 7.68 7.71 7.74 7.78 7.83 7.86 7.90 7.94 7.99 8.03 8.08 8.13 8.20 8.18 5.18 3.93 3.63 4.09 3.75 2.85 3.86 4.27 4.64 5.62 6.58 6.61 2.80 2.30 1.17 0.04 0.00 0.00 0.00 0.00 0.00 0.00 0.00 0.00 0.00 0.00 0.00 0.00 0.00 0.00 0.00 0.00 0.00 0.00 0.00 0.00 0.00 0.00 0.00 0.00 0.00 0.00 0.00 0.00 0.00 0.00 0.00 0.00 0.00 0.00
6.11 6.19 6.26 6.36 6.51 6.62 6.82 6.89 6.96 7.02 7.09 7.14 7.19 7.24 7.29 7.35 7.41 7.46 7.54 7.65 7.69 7.72 7.76 7.79 7.83 7.87 7.90 7.94 7.98 8.02 8.06 8.11 8.18 7.57 4.43 3.83 3.72 4.20 3.52 3.66 4.37 4.51 4.75 6.05 6.50 4.17 2.95 2.61 1.70 0.06 0.00 0.00 0.00 0.00 0.00 0.00 0.00 0.00 0.00 0.00 0.00 0.00 0.00 0.00 0.00 0.00 0.00 0.00 0.00 0.00 0.00 0.00 0.00 0.00 0.00 0.00 0.00 0.00 0.00 0.00 0.00 0.00 0.00 0.00
6.10 6.17 6.26 6.35 6.50 6.61 6.81 6.89 6.96 7.02 7.10 7.15 7.20 7.24 7.29 7.34 7.39 7.44 7.58 7.63 7.68 7.73 7.77 7.80 7.83 7.88 7.91 7.95 7.98 8.02 8.06 8.10 8.16 6.54 4.09 3.60 4.02 3.94 3.42 4.14 4.20 4.24 4.73 6.03 6.43 4.54 2.98 2.53 1.55 0.07 0.00 0.00 0.00 0.00 0.00 0.00 0.00 0.00 0.00 0.00 0.00 0.00 0.00 0.00 0.00 0.00 0.00 0.00 0.00 0.00 0.00 0.00 0.00 0.00 0.00 0.00 0.00 0.00 0.00 0.00 0.00 0.00 0.00 0.00
6.09 6.18 6.27 6.36 6.50 6.60 6.79 6.87 6.95 7.01 7.07 7.14 7.19 7.24 7.29 7.34 7.39 7.44 7.51 7.61 7.66 7.71 7.74 7.79 7.83 7.89 7.92 7.96 7.99 8.03 8.06 8.13 7.55 4.63 3.89 3.45 4.05 3.63 3.66 4.26 4.14 4.29 4.18 4.92 6.39 5.51 2.83 2.42 1.65 0.18 0.00 0.00 0.00 0.00 0.00 0.00 0.00 0.00 0.00 0.00 0.00 0.00 0.00 0.00 0.00 0.00 0.00 0.00 0.00 0.00 0.00 0.00 0.00 0.00 0.00 0.00 0.00 0.00 0.00 0.00 0.00 0.00 0.00 0.00
6.09 6.19 6.29 6.37 6.50 6.58 6.75 6.84 6.92 6.99 7.06 7.14 7.19 7.25 7.29 7.34 7.39 7.44 7.55 7.60 7.64 7.69 7.73 7.77 7.81 7.87 7.91 7.94 7.97 8.02 8.04 8.12 6.05 4.21 3.84 3.37 3.77 3.57 3.93 4.44 4.23 4.80 4.20 5.81 6.36 5.89 2.84 2.33 1.50 0.20 0.00 0.00 0.00 0.00 0.00 0.00 0.00 0.00 0.00 0.00 0.00 0.00 0.00 0.00 0.00 0.00 0.00 0.00 0.00 0.00 0.00 0.00 0.00 0.00 0.00 0.00 0.00 0.00 0.00 0.00 0.00 0.00 0.00 0.00
6.10 6.21 6.30 6.37 6.48 6.55 6.71 6.80 6.89 6.96 7.04 7.14 7.19 7.25 7.30 7.35 7.40 7.44 7.49 7.60 7.64 7.68 7.72 7.76 7.80 7.86 7.89 7.93 7.96 7.99 8.02 8.07 5.53 3.81 3.68 3.39 3.01 3.46 4.12 4.58 4.78 5.33 5.17 5.86 6.32 5.92 2.64 1.95 1.45 0.21 0.00 0.00 0.00 0.00 0.00 0.00 0.00 0.00 0.00 0.00 0.00 0.00 0.00 0.00 0.00 0.00 0.00 0.00 0.00 0.00 0.00 0.00 0.00 0.00 0.00 0.00 0.00 0.00 0.00 0.00 0.00 0.00 0.00 0.00
6.12 6.21 6.29 6.35 6.42 6.60 6.68 6.76 6.85 6.93 7.02 7.13 7.19 7.25 7.31 7.36 7.41 7.45 7.56 7.60 7.64 7.68 7.72 7.75 7.79 7.83 7.89 7.92 7.95 7.98 8.01 8.05 4.49 3.76 3.36 3.20 2.76 4.08 4.52 4.64 4.31 5.30 4.96 4.96 6.29 5.01 2.17 1.95 1.48 0.08 0.00 0.00 0.00 0.00 0.00 0.00 0.00 0.00 0.00 0.00 0.00 0.00 0.00 0.00 0.00 0.00 0.00 0.00 0.00 0.00 0.00 0.00 0.00 0.00 0.00 0.00 0.00 0.00 0.00 0.00 0.00 0.00 0.00 0.00
6.11 6.18 6.26 6.33 6.52 6.60 6.67 6.75 6.83 6.92 7.00 7.12 7.19 7.25 7.31 7.36 7.41 7.46 7.57 7.61 7.65 7.69 7.72 7.75 7.79 7.83 7.88 7.92 7.95 7.98 8.00 8.05 5.13 3.66 3.46 3.12 3.14 4.40 4.57 4.39 4.26 4.21 4.18 4.43 3.55 2.85 2.57 2.05 1.45 0.06 0.00 0.00 0.00 0.00 0.00 0.00 0.00 0.00 0.00 0.00 0.00 0.00 0.00 0.00 0.00 0.00 0.00 0.00 0.00 0.00 0.00 0.00 0.00 0.00 0.00 0.00 0.00 0.00 0.00 0.00 0.00 0.00 0.00 0.00
6.08 6.16 6.24 6.32 6.41 6.60 6.67 6.75 6.83 6.91 6.99 7.07 7.19 7.25 7.31 7.37 7.42 7.46 7.58 7.62 7.66 7.70 7.73 7.76 7.79 7.83 7.88 7.92 7.94 7.97 8.00 8.04 4.88 3.53 3.42 3.09 3.51 4.43 4.51 4.37 4.08 4.08 4.08 4.79 2.64 2.91 2.73 1.83 0.05 0.00 0.00 0.00 0.00 0.00 0.00 0.00 0.00 0.00 0.00 0.00 0.00 0.00 0.00 0.00 0.00 0.00 0.00 0.00 0.00 0.00 0.00 0.00 0.00 0.00 0.00 0.00 0.00 0.00 0.00 0.00 0.00 0.00 0.00 0.00
6.05 6.14 6.23 6.32 6.52 6.60 6.68 6.76 6.84 6.91 6.99 7.06 7.17 7.24 7.30 7.36 7.41 7.51 7.55 7.62 7.66 7.70 7.74 7.77 7.80 7.83 7.88 7.91 7.94 7.96 8.01 8.03 4.77 3.26 3.25 3.13 3.85 4.34 4.42 4.26 4.10 3.90 4.05 4.93 3.16 2.77 2.34 0.67 0.01 0.00 0.00 0.00 0.00 0.00 0.00 0.00 0.00 0.00 0.00 0.00 0.00 0.00 0.00 0.00 0.00 0.00 0.00 0.00 0.00 0.00 0.00 0.00 0.00 0.00 0.00 0.00 0.00 0.00 0.00 0.00 0.00 0.00 0.00 0.00
6.04 6.14 6.23 6.31 6.39 6.60 6.68 6.76 6.83 6.90 6.97 7.04 7.14 7.21 7.26 7.32 7.39 7.50 7.55 7.61 7.65 7.69 7.74 7.77 7.81 7.83 7.87 7.90 7.93 7.95 8.00 8.01 4.60 2.96 2.94 3.29 3.80 4.06 4.24 4.14 3.94 3.87 4.23 4.32 2.54 2.50 2.00 0.19 0.00 0.00 0.00 0.00 0.00 0.00 0.00 0.00 0.00 0.00 0.00 0.00 0.00 0.00 0.00 0.00 0.00 0.00 0.00 0.00 0.00 0.00 0.00 0.00 0.00 0.00 0.00 0.00 0.00 0.00 0.00 0.00 0.00 0.00 0.00 0.00
6.03 6.13 6.21 6.30 6.48 6.60 6.68 6.73 6.80 6.86 6.93 6.99 7.09 7.16 7.22 7.29 7.36 7.42 7.53 7.60 7.65 7.69 7.73 7.77 7.81 7.84 7.86 7.90 7.92 7.95 7.99 7.98 4.51 2.76 2.88 3.21 3.72 3.60 3.94 3.95 3.83 3.85 4.45 2.36 2.23 2.05 1.59 0.44 0.00 0.00 0.00 0.00 0.00 0.00 0.00 0.00 0.00 0.00 0.00 0.00 0.00 0.00 0.00 0.00 0.00 0.00 0.00 0.00 0.00 0.00 0.00 0.00 0.00 0.00 0.00 0.00 0.00 0.00 0.00 0.00 0.00 0.00 0.00 0.00
6.02 6.10 6.20 6.30 6.47 6.58 6.64 6.71 6.78 6.84 6.90 6.97 7.07 7.13 7.20 7.26 7.33 7.39 7.51 7.59 7.63 7.67 7.71 7.76 7.81 7.84 7.86 7.89 7.91 7.94 7.96 7.74 4.19 2.88 3.10 3.23 3.68 3.40 3.44 3.63 3.60 3.99 4.71 1.99 1.81 1.66 1.17 0.08 0.00 0.00 0.00 0.00 0.00 0.00 0.00 0.00 0.00 0.00 0.00 0.00 0.00 0.00 0.00 0.00 0.00 0.00 0.00 0.00 0.00 0.00 0.00 0.00 0.00 0.00 0.00 0.00 0.00 0.00 0.00 0.00 0.00 0.00 0.00 0.00
5.99 6.10 6.21 6.39 6.46 6.56 6.63 6.69 6.76 6.82 6.89 6.95 7.02 7.11 7.18 7.24 7.31 7.43 7.49 7.57 7.62 7.66 7.70 7.74 7.79 7.83 7.86 7.89 7.90 7.92 7.95 5.82 3.40 2.98 3.09 2.91 3.15 3.13 3.34 3.52 3.59 4.16 4.89 2.97 1.38 1.15 0.32 0.01 0.00 0.00 0.00 0.00 0.00 0.00 0.00 0.00 0.00 0.00 0.00 0.00 0.00 0.00 0.00 0.00 0.00 0.00 0.00 0.00 0.00 0.00 0.00 0.00 0.00 0.00 0.00 0.00 0.00 0.00 0.00 0.00 0.00 0.00 0.00 0.00
6.00 6.11 6.22 6.37 6.44 6.54 6.61 6.68 6.74 6.81 6.87 6.94 7.00 7.10 7.16 7.23 7.35 7.41 7.47 7.53 7.61 7.65 7.70 7.73 7.78 7.83 7.86 7.89 7.90 7.92 7.92 4.88 3.10 2.88 3.04 2.72 2.66 2.98 3.36 3.77 3.92 4.18 4.73 2.45 2.85 1.77 0.16 0.00 0.00 0.00 0.00 0.00 0.00 0.00 0.00 0.00 0.00 0.00 0.00 0.00 0.00 0.00 0.00 0.00 0.00 0.00 0.00 0.00 0.00 0.00 0.00 0.00 0.00 0.00 0.00 0.00 0.00 0.00 0.00 0.00 0.00 0.00 0.00 0.00
