tsunami_inundation/2490.asc
ncols        89
nrows        96
xllcorner    425855.973699999973
yllcorner    5091051.504999999888
cellsize     55.000000000000
NODATA_value  -9999.00
[rows 0 to 36 of 96, columns 0 to 83 of 89]
-9999.00 7.67 7.63 7.78 7.74 7.95 8.16 8.27 8.30 8.30 8.30 8.32 8.36 8.41 8.45 8.48 8.50 8.57 8.60 8.63 8.65 8.68 8.71 8.73 8.76 8.79 8.83 8.85 8.89 8.90 8.90 8.90 8.88 8.86 8.81 8.71 8.64 8.55 8.47 8.41 8.28 2.59 0.83 1.37 1.31 0.53 0.15 0.03 0.00 0.58 2.65 3.05 2.77 2.34 2.22 2.18 2.46 2.67 2.69 0.36 0.01 0.00 0.00 0.00 0.00 0.00 0.00 0.00 0.00 0.00 0.00 0.00 0.00 0.00 0.00 0.00 0.00 0.00 0.00 0.00 0.00 0.00 0.00 0.00
-9999.00 7.74 7.60 7.71 7.71 7.74 7.86 8.09 8.08 8.19 8.30 8.30 8.32 8.36 8.43 8.46 8.50 8.53 8.56 8.60 8.63 8.67 8.69 8.72 8.75 8.78 8.82 8.86 8.95 8.97 8.99 9.00 9.00 8.99 8.96 8.87 8.75 8.64 8.53 8.48 8.32 2.92 0.52 0.99 1.25 1.05 0.65 0.12 0.51 2.17 2.94 2.89 2.45 2.32 2.33 2.29 2.54 2.77 2.66 0.71 0.02 0.00 0.00 0.00 0.00 0.00 0.00 0.00 0.00 0.00 0.00 0.00 0.00 0.00 0.00 0.00 0.00 0.00 0.00 0.00 0.00 0.00 0.00 0.00
-9999.00 7.78 7.63 7.69 7.70 7.71 7.75 7.86 7.96 8.07 8.18 8.31 8.31 8.32 8.38 8.46 8.48 8.50 8.53 8.56 8.59 8.64 8.68 8.71 8.75 8.79 8.84 8.91 9.01 9.33 9.43 9.50 9.75 9.73 9.70 9.65 9.55 9.42 9.18 8.84 8.50 1.38 0.35 0.69 1.02 1.10 0.95 0.92 1.61 2.26 2.71 2.49 2.42 2.50 2.58 2.44 2.58 3.21 3.16 1.82 0.82 0.01 0.00 0.00 0.00 0.00 0.00 0.00 0.00 0.00 0.00 0.00 0.00 0.00 0.00 0.00 0.00 0.00 0.00 0.00 0.00 0.00 0.00 0.00
-9999.00 7.82 7.60 7.67 7.69 7.69 7.71 7.80 7.86 7.96 8.06 8.16 8.25 8.30 8.35 8.38 8.46 8.49 8.51 8.53 8.56 8.61 8.66 8.71 8.78 8.87 9.23 9.49 9.70 9.72 9.74 9.76 9.76 9.75 9.72 9.69 9.61 9.55 9.46 9.33 9.09 6.21 0.60 0.50 0.71 0.81 0.85 1.16 2.01 2.10 2.44 2.42 2.56 2.73 2.84 2.71 2.62 3.62 3.76 2.57 1.67 0.25 0.00 0.00 0.00 0.00 0.00 0.00 0.00 0.00 0.00 0.00 0.00 0.00 0.00 0.00 0.00 0.00 0.00 0.00 0.00 0.00 0.00 0.00
-9999.00 7.82 7.58 7.64 7.68 7.68 7.69 7.75 7.80 7.87 7.95 8.05 8.14 8.18 8.26 8.36 8.39 8.42 8.46 8.52 8.60 8.65 8.74 8.89 9.16 9.49 9.67 9.69 9.68 9.67 9.68 9.69 9.71 9.72 9.72 9.70 9.63 9.57 9.49 9.38 9.26 8.08 1.08 0.55 0.58 0.54 0.59 1.68 2.13 2.09 2.51 2.63 2.78 2.95 3.12 3.06 2.77 2.74 3.95 3.31 2.06 1.49 0.21 0.00 0.00 0.00 0.00 0.00 0.00 0.00 0.00 0.00 0.00 0.00 0.00 0.00 0.00 0.00 0.00 0.00 0.00 0.00 0.00 0.00
-9999.00 7.79 7.56 7.61 7.67 7.67 7.68 7.72 7.75 7.79 7.85 7.91 7.99 8.08 8.16 8.34 8.38 8.42 8.48 8.56 8.69 8.91 9.00 9.36 9.67 9.63 9.57 9.64 9.61 9.62 9.64 9.66 9.69 9.71 9.72 9.71 9.66 9.61 9.53 9.43 9.32 8.15 2.02 0.77 0.69 0.57 0.47 2.05 2.13 2.11 2.37 3.14 3.29 3.46 3.48 3.52 3.34 2.60 2.35 3.07 2.36 1.68 0.82 0.00 0.00 0.00 0.00 0.00 0.00 0.00 0.00 0.00 0.00 0.00 0.00 0.00 0.00 0.00 0.00 0.00 0.00 0.00 0.00 0.00
-9999.00 7.77 7.59 7.56 7.63 7.67 7.67 7.69 7.75 7.77 7.81 7.86 7.92 7.99 8.07 8.28 8.36 8.44 8.54 8.68 8.94 9.39 9.66 9.63 9.56 9.51 9.51 9.56 9.59 9.63 9.66 9.68 9.69 9.70 9.70 9.69 9.66 9.61 9.54 9.46 9.41 4.34 2.67 1.75 1.35 1.04 0.70 1.64 2.19 2.20 2.45 3.54 3.70 3.95 4.14 3.88 3.72 3.33 1.72 0.95 1.30 1.56 1.17 0.17 0.00 0.00 0.00 0.00 0.00 0.00 0.00 0.00 0.00 0.00 0.00 0.00 0.00 0.00 0.00 0.00 0.00 0.00 0.00 0.00
-9999.00 7.76 7.65 7.53 7.59 7.67 7.67 7.68 7.74 7.77 7.80 7.83 7.88 7.93 8.00 8.21 8.31 8.45 8.63 8.94 9.44 9.66 9.59 9.49 9.47 9.49 9.53 9.59 9.68 9.70 9.73 9.74 9.74 9.73 9.67 9.66 9.65 9.64 9.62 9.57 9.50 9.45 3.79 2.30 1.89 1.61 1.43 1.91 2.40 2.44 2.56 4.02 4.15 4.31 4.64 4.35 4.11 3.80 1.49 0.22 1.21 1.26 1.08 0.71 0.21 0.00 0.00 0.00 0.00 0.00 0.00 0.00 0.00 0.00 0.00 0.00 0.00 0.00 0.00 0.00 0.00 0.00 0.00 0.00
-9999.00 7.70 7.70 7.53 7.55 7.64 7.67 7.67 7.73 7.77 7.79 7.83 7.86 7.90 7.96 8.17 8.30 8.50 8.83 9.37 9.62 9.60 9.47 9.46 9.54 9.61 9.68 9.74 9.74 9.76 9.76 9.77 9.76 9.75 9.75 9.71 9.73 9.70 9.67 9.64 9.59 7.14 4.77 3.48 2.52 2.21 2.24 2.71 3.00 2.89 2.67 4.33 4.68 4.82 4.91 4.82 4.40 4.02 1.30 0.22 0.00 0.94 0.93 0.48 0.20 0.19 0.00 0.00 0.00 0.00 0.00 0.00 0.00 0.00 0.00 0.00 0.00 0.00 0.00 0.00 0.00 0.00 0.00 0.00
-9999.00 6.27 7.74 7.58 7.52 7.60 7.67 7.67 7.72 7.76 7.79 7.82 7.86 7.90 7.95 8.18 8.37 8.83 9.35 9.48 9.43 9.39 9.42 9.54 9.63 9.69 9.71 9.71 9.72 9.74 9.74 9.74 9.73 9.72 9.72 9.72 9.71 9.67 9.63 9.59 9.55 8.20 5.62 4.43 3.50 3.26 3.89 3.95 3.58 3.43 3.24 3.68 5.10 5.29 5.36 5.19 4.97 3.25 1.15 0.42 0.01 0.00 0.00 0.00 0.14 0.19 0.00 0.00 0.00 0.00 0.00 0.00 0.00 0.00 0.00 0.00 0.00 0.00 0.00 0.00 0.00 0.00 0.00 0.00
-9999.00 5.75 7.72 7.66 7.50 7.55 7.65 7.67 7.69 7.75 7.78 7.81 7.86 7.92 7.99 8.36 8.69 9.20 9.41 9.38 9.35 9.38 9.45 9.59 9.63 9.64 9.64 9.66 9.70 9.71 9.71 9.71 9.70 9.70 9.70 9.69 9.68 9.64 9.60 9.56 9.50 9.11 8.80 7.29 4.50 5.01 5.32 4.45 4.19 3.96 3.79 3.71 5.29 5.55 5.86 5.79 4.75 2.66 1.56 1.35 0.14 0.00 0.00 0.00 0.00 0.19 0.00 0.00 0.00 0.00 0.00 0.00 0.00 0.00 0.00 0.00 0.00 0.00 0.00 0.00 0.00 0.00 0.00 0.00
-9999.00 5.67 7.58 7.72 7.58 7.49 7.57 7.66 7.66 7.71 7.77 7.81 7.87 7.94 8.19 8.58 9.04 9.37 9.39 9.35 9.37 9.45 9.53 9.56 9.57 9.60 9.62 9.68 9.70 9.71 9.71 9.71 9.70 9.70 9.70 9.69 9.68 9.66 9.61 9.56 9.51 9.12 8.79 8.34 7.37 6.38 6.16 5.72 5.25 4.57 3.81 3.92 6.15 6.14 6.18 6.19 4.69 2.66 1.80 1.65 0.48 0.01 0.00 0.00 0.00 0.19 0.00 0.00 0.00 0.00 0.00 0.00 0.00 0.00 0.00 0.00 0.00 0.00 0.00 0.00 0.00 0.00 0.00 0.00
5.62 5.96 6.83 7.70 7.67 7.49 7.52 7.62 7.67 7.69 7.75 7.81 7.88 8.13 8.34 8.88 9.31 9.42 9.40 9.42 9.49 9.53 9.53 9.56 9.59 9.63 9.66 9.70 9.71 9.71 9.72 9.72 9.72 9.73 9.73 9.75 9.74 9.72 9.67 9.63 9.42 9.16 8.83 8.38 7.39 6.98 6.76 6.27 5.59 4.74 3.95 2.60 6.47 6.43 6.83 6.45 4.08 2.75 2.05 1.79 0.89 0.02 0.00 0.00 0.00 0.19 0.00 0.00 0.00 0.00 0.00 0.00 0.00 0.00 0.00 0.00 0.00 0.00 0.00 0.00 0.00 0.00 0.00 0.00
5.60 5.81 6.34 7.44 7.72 7.56 7.49 7.57 7.66 7.68 7.74 7.83 7.91 8.05 8.53 8.93 9.45 9.49 9.52 9.56 9.56 9.56 9.58 9.64 9.67 9.69 9.70 9.70 9.71 9.71 9.72 9.72 9.73 9.74 9.75 9.76 9.76 9.75 9.71 9.59 9.47 9.23 8.89 8.43 7.83 7.41 7.29 6.84 5.94 4.96 4.38 3.32 6.84 6.92 7.05 5.86 3.82 2.71 2.68 1.95 1.22 0.04 0.00 0.00 0.00 0.18 0.00 0.00 0.00 0.00 0.00 0.00 0.00 0.00 0.00 0.00 0.00 0.00 0.00 0.00 0.00 0.00 0.00 0.00
5.59 5.74 6.02 6.85 7.68 7.65 7.49 7.52 7.63 7.70 7.74 7.85 7.98 8.41 8.76 9.19 9.59 9.63 9.65 9.62 9.62 9.66 9.75 9.75 9.74 9.73 9.74 9.75 9.75 9.75 9.75 9.75 9.75 9.76 9.77 9.77 9.77 9.76 9.73 9.62 9.51 9.35 8.94 8.45 8.06 7.68 7.54 7.46 6.35 4.91 4.36 3.90 7.02 7.08 7.17 5.23 3.50 2.60 2.73 1.92 1.04 0.03 0.00 0.00 0.00 0.06 0.00 0.00 0.00 0.00 0.00 0.00 0.00 0.00 0.00 0.00 0.00 0.00 0.00 0.00 0.00 0.00 0.00 0.00
5.59 5.67 5.86 6.35 7.38 7.70 7.56 7.49 7.57 7.72 7.77 7.89 8.07 8.61 9.00 9.56 9.84 9.79 9.74 9.75 9.78 9.80 9.79 9.78 9.79 9.80 9.81 9.81 9.81 9.81 9.81 9.81 9.81 9.81 9.81 9.81 9.80 9.79 9.76 9.72 9.54 9.38 9.06 8.68 8.44 7.87 7.51 7.56 6.83 5.38 4.26 3.71 3.85 7.18 7.14 5.31 2.68 2.35 2.63 2.12 0.61 0.01 0.00 0.00 0.00 0.00 0.00 0.00 0.00 0.00 0.00 0.00 0.00 0.00 0.00 0.00 0.00 0.00 0.00 0.00 0.00 0.00 0.00 0.00
5.59 5.66 5.79 6.04 6.76 7.63 7.65 7.51 7.54 7.64 7.86 7.99 8.24 8.98 9.41 9.83 9.93 9.82 9.80 9.81 9.81 9.81 9.81 9.82 9.83 9.84 9.85 9.85 9.86 9.86 9.86 9.87 9.87 9.86 9.86 9.86 9.85 9.83 9.81 9.76 9.58 9.42 9.18 8.92 8.75 8.03 7.35 7.08 6.65 5.64 4.52 3.13 4.04 7.19 6.52 5.16 2.57 2.70 2.74 2.10 0.44 0.00 0.00 0.00 0.00 0.00 0.00 0.00 0.00 0.00 0.00 0.00 0.00 0.00 0.00 0.00 0.00 0.00 0.00 0.00 0.00 0.00 0.00 0.00
5.59 5.66 5.76 5.85 6.13 6.88 7.65 7.65 7.54 7.61 7.91 8.11 8.40 8.84 9.74 10.05 9.94 9.84 9.82 9.81 9.81 9.81 9.82 9.82 9.83 9.84 9.85 9.86 9.87 9.88 9.89 9.90 9.90 9.90 9.90 9.88 9.87 9.85 9.83 9.77 9.63 9.51 9.35 9.14 8.98 8.19 7.25 6.38 6.27 5.08 4.26 3.12 6.86 7.05 5.98 4.62 2.52 2.85 2.53 1.99 0.35 0.00 0.00 0.00 0.00 0.00 0.00 0.00 0.00 0.00 0.00 0.00 0.00 0.00 0.00 0.00 0.00 0.00 0.00 0.00 0.00 0.00 0.00 0.00
5.60 5.66 5.74 5.82 5.95 6.37 7.29 7.70 7.63 7.62 7.93 8.26 8.65 9.63 9.98 10.06 9.99 9.85 9.82 9.80 9.80 9.81 9.81 9.80 9.82 9.83 9.84 9.86 9.87 9.88 9.89 9.90 9.91 9.92 9.92 9.91 9.89 9.87 9.85 9.74 9.67 9.58 9.46 9.32 9.11 8.65 6.73 5.40 5.34 4.80 4.15 4.19 5.55 6.64 6.15 4.07 2.18 2.58 1.90 1.61 0.05 0.00 0.00 0.00 0.00 0.00 0.00 0.00 0.00 0.00 0.00 0.00 0.00 0.00 0.00 0.00 0.00 0.00 0.00 0.00 0.00 0.00 0.00 0.00
5.60 5.65 5.69 5.76 5.83 5.93 6.65 7.57 7.72 7.68 7.95 8.43 9.01 9.82 9.99 10.04 9.97 9.85 9.81 9.80 9.81 9.80 9.79 9.79 9.80 9.83 9.84 9.85 9.86 9.87 9.89 9.91 9.92 9.93 9.93 9.92 9.91 9.90 9.88 9.83 9.73 9.65 9.56 9.44 9.24 8.56 3.86 3.60 5.18 4.74 4.48 4.68 5.61 6.18 6.49 3.41 1.95 2.29 1.57 0.74 0.00 0.00 0.00 0.00 0.00 0.00 0.00 0.00 0.00 0.00 0.00 0.00 0.00 0.00 0.00 0.00 0.00 0.00 0.00 0.00 0.00 0.00 0.00 0.00
5.59 5.63 5.67 5.74 5.80 5.88 6.22 6.96 7.72 7.81 8.15 8.69 9.51 9.80 9.92 10.02 9.96 9.83 9.80 9.80 9.80 9.79 9.79 9.79 9.80 9.81 9.83 9.84 9.85 9.87 9.89 9.90 9.92 9.93 9.94 9.94 9.93 9.92 9.90 9.84 9.80 9.73 9.70 9.60 8.41 5.07 3.14 3.85 4.84 4.75 4.49 4.68 5.14 5.81 6.21 2.62 1.71 1.66 0.83 0.02 0.00 0.00 0.00 0.00 0.00 0.00 0.00 0.00 0.00 0.00 0.00 0.00 0.00 0.00 0.00 0.00 0.00 0.00 0.00 0.00 0.00 0.00 0.00 0.00
5.57 5.61 5.65 5.71 5.77 5.84 5.94 6.08 6.49 7.46 8.94 9.16 9.51 9.69 9.84 10.00 9.95 9.79 9.78 9.79 9.79 9.79 9.78 9.79 9.79 9.81 9.83 9.84 9.85 9.87 9.88 9.90 9.92 9.93 9.94 9.94 9.94 9.94 9.90 9.88 9.84 9.83 9.79 9.77 6.92 4.30 2.73 3.92 4.30 3.95 3.99 4.80 4.92 5.27 4.81 1.12 0.53 0.34 0.03 0.00 0.00 0.00 0.00 -0.00 0.00 0.00 0.00 0.00 0.00 0.00 0.00 0.00 0.00 0.00 0.00 0.00 0.00 0.00 0.00 0.00 0.00 0.00 0.00 0.00
5.54 5.57 5.61 5.68 5.74 5.81 5.90 6.03 6.30 7.18 9.25 10.04 9.35 9.60 9.87 9.98 9.89 9.80 9.77 9.78 9.78 9.77 9.77 9.77 9.78 9.81 9.82 9.83 9.84 9.86 9.88 9.89 9.91 9.92 9.93 9.93 9.94 9.94 9.91 9.90 9.88 9.87 9.84 9.83 4.78 3.70 3.05 4.59 4.20 3.52 3.19 4.93 5.01 5.03 3.39 0.03 0.00 0.00 0.00 0.00 0.00 0.00 0.00 0.00 0.00 0.00 0.00 0.00 0.00 0.00 0.00 0.00 0.00 0.00 0.00 0.00 0.00 0.00 0.00 0.00 0.00 0.00 0.00 0.00
5.51 5.55 5.59 5.66 5.72 5.79 5.89 6.03 6.34 7.45 9.32 9.78 9.31 9.48 9.80 9.94 9.90 9.80 9.75 9.77 9.76 9.76 9.76 9.77 9.78 9.81 9.82 9.83 9.84 9.85 9.87 9.88 9.90 9.91 9.92 9.92 9.92 9.93 9.93 9.92 9.89 9.88 9.88 7.37 4.22 3.59 4.20 4.88 4.49 3.79 3.43 4.75 5.12 5.11 2.16 0.00 0.00 0.00 0.00 0.00 0.00 0.00 0.00 0.00 0.00 0.00 0.00 0.00 0.00 0.00 0.00 0.00 0.00 0.00 0.00 0.00 0.00 0.00 0.00 0.00 0.00 0.00 0.00 0.00
5.49 5.53 5.57 5.61 5.70 5.79 5.90 6.08 6.76 8.22 8.78 9.24 9.45 9.46 9.59 9.88 9.94 9.84 9.74 9.75 9.76 9.76 9.76 9.76 9.78 9.78 9.81 9.83 9.84 9.85 9.86 9.87 9.89 9.91 9.91 9.92 9.92 9.93 9.93 9.92 9.89 9.87 9.87 6.91 4.10 4.43 5.38 4.99 4.57 3.90 3.57 5.22 5.43 5.42 1.70 0.02 0.00 0.00 0.00 0.00 0.00 0.00 0.00 0.00 0.00 0.00 0.00 0.00 0.00 0.00 0.00 0.00 0.00 0.00 0.00 0.00 0.00 0.00 0.00 0.00 0.00 0.00 0.00 0.00
5.47 5.50 5.55 5.60 5.70 5.79 5.93 6.33 7.66 8.38 8.34 8.36 9.56 9.51 9.53 9.72 9.93 9.90 9.77 9.74 9.76 9.77 9.76 9.77 9.78 9.80 9.81 9.82 9.83 9.83 9.85 9.86 9.88 9.90 9.91 9.92 9.93 9.93 9.94 9.90 9.87 9.85 9.73 6.03 4.35 5.22 5.49 5.12 4.69 3.87 3.64 5.72 6.23 6.14 1.62 0.04 0.00 0.00 0.00 0.00 0.00 0.00 0.00 0.00 0.00 0.00 0.00 0.00 0.00 0.00 0.00 0.00 0.00 0.00 0.00 0.00 0.00 0.00 0.00 0.00 0.00 0.00 0.00 0.00
5.45 5.48 5.53 5.58 5.70 5.80 6.04 6.99 8.25 8.27 7.99 8.03 9.00 9.52 9.63 9.70 9.80 9.87 9.84 9.78 9.78 9.80 9.80 9.80 9.80 9.82 9.82 9.83 9.84 9.84 9.84 9.85 9.86 9.86 9.87 9.89 9.93 9.94 9.94 9.88 9.85 9.84 9.45 5.42 4.62 5.67 5.40 5.09 4.63 3.70 4.39 6.33 6.49 5.30 0.95 0.01 0.00 0.00 0.00 0.00 0.00 -0.00 0.00 0.00 0.00 0.00 0.00 0.00 0.00 0.00 0.00 0.00 0.00 0.00 0.00 0.00 0.00 0.00 0.00 0.00 0.00 0.00 0.00 0.00
5.43 5.46 5.51 5.57 5.70 5.93 6.84 8.13 8.18 7.95 7.89 8.17 8.45 8.97 9.60 9.80 9.85 9.87 9.89 9.85 9.84 9.85 9.85 9.85 9.86 9.87 9.88 9.88 9.88 9.87 9.86 9.86 9.86 9.85 9.85 9.87 9.89 9.90 9.93 9.87 9.84 9.82 8.57 4.73 4.78 5.80 5.37 5.01 4.46 4.31 6.64 6.64 6.08 2.58 0.19 0.00 0.00 0.00 0.00 0.00 -0.00 -0.00 0.00 0.00 0.00 0.00 0.00 0.00 0.00 0.00 0.00 0.00 0.00 0.00 0.00 0.00 0.00 0.00 0.00 0.00 0.00 0.00 0.00 0.00
5.40 5.44 5.49 5.57 5.76 6.33 7.79 8.12 7.99 7.90 7.93 8.08 8.21 8.48 8.98 9.67 9.97 10.00 9.96 9.86 9.85 9.86 9.87 9.87 9.87 9.89 9.92 9.93 9.94 9.93 9.92 9.90 9.88 9.86 9.85 9.86 9.86 9.86 9.85 9.84 9.83 9.34 4.61 4.34 5.62 5.77 5.26 5.04 4.09 5.12 6.74 6.77 4.16 1.94 0.05 0.00 0.00 0.00 0.00 0.00 -0.00 -0.00 0.00 0.00 0.00 0.00 0.00 0.00 0.00 0.00 0.00 0.00 0.00 0.00 0.00 0.00 0.00 0.00 0.00 0.00 0.00 0.00 0.00 0.00
5.38 5.42 5.48 5.57 5.74 7.18 8.01 7.98 7.90 7.93 8.00 8.08 8.16 8.27 8.48 8.91 9.63 10.05 10.07 9.91 9.83 9.81 9.83 9.85 9.86 9.88 9.90 9.91 9.92 9.93 9.95 9.95 9.95 9.94 9.90 9.88 9.87 9.86 9.82 9.82 8.41 5.46 4.31 4.62 5.51 5.66 4.97 4.58 3.93 5.88 6.84 6.31 3.01 1.62 0.11 0.00 0.00 0.00 0.00 0.00 -0.00 -0.00 0.00 0.00 0.00 0.00 0.00 0.00 0.00 0.00 0.00 0.00 0.00 0.00 0.00 0.00 0.00 0.00 0.00 0.00 0.00 0.00 0.00 0.00
5.37 5.41 5.49 5.61 6.02 7.86 7.94 7.87 7.92 8.02 8.03 8.06 8.13 8.17 8.25 8.41 8.77 9.41 10.02 10.05 9.92 9.78 9.74 9.72 9.77 9.80 9.84 9.85 9.88 9.90 9.93 9.94 9.95 9.94 9.93 9.93 9.91 9.87 9.83 9.83 5.70 5.15 4.25 4.78 5.30 5.39 4.84 4.42 4.37 6.88 6.94 3.34 2.55 0.85 0.01 0.00 0.00 0.00 0.00 0.00 -0.00 -0.00 0.00 0.00 0.00 0.00 0.00 0.00 0.00 0.00 0.00 0.00 0.00 0.00 0.00 0.00 0.00 0.00 0.00 0.00 0.00 0.00 0.00 0.00
5.35 5.41 5.50 5.75 6.74 7.88 7.84 7.87 8.00 8.05 8.04 8.06 8.08 8.09 8.13 8.13 8.21 8.34 8.64 9.66 10.00 10.01 9.90 9.76 9.68 9.70 9.76 9.79 9.82 9.84 9.87 9.90 9.92 9.93 9.94 9.94 9.94 9.90 9.86 9.85 7.17 5.16 4.11 4.43 5.22 5.30 4.77 4.27 4.71 6.75 4.54 2.65 0.55 0.00 0.00 0.00 0.00 0.00 0.00 0.00 -0.00 0.00 0.00 0.00 0.00 0.00 0.00 0.00 0.00 0.00 0.00 0.00 0.00 0.00 0.00 0.00 0.00 0.00 0.00 0.00 0.00 0.00 0.00 0.00
5.35 5.42 5.57 6.22 7.63 7.80 7.81 7.93 8.04 8.04 7.98 7.98 7.97 7.98 8.01 8.04 8.09 8.17 8.28 8.46 9.17 9.80 9.96 9.84 9.74 9.69 9.70 9.72 9.75 9.77 9.80 9.84 9.88 9.91 9.93 9.93 9.94 9.92 9.88 9.82 7.30 5.28 3.87 4.22 5.20 5.19 4.66 4.10 4.05 6.35 3.02 1.66 0.15 0.00 0.00 0.00 0.00 0.00 0.00 0.00 -0.00 0.00 0.00 0.00 0.00 0.00 0.00 0.00 0.00 0.00 0.00 0.00 0.00 0.00 0.00 0.00 0.00 0.00 0.00 0.00 0.00 0.00 0.00 0.00
5.35 5.46 5.83 7.57 7.78 7.75 7.87 7.97 7.97 7.93 7.92 7.91 7.92 7.94 7.97 8.00 8.05 8.10 8.17 8.26 8.45 8.75 9.29 9.89 9.86 9.81 9.76 9.73 9.73 9.74 9.77 9.79 9.83 9.87 9.90 9.91 9.91 9.89 9.86 7.22 6.01 4.82 4.08 4.48 5.17 5.04 4.58 4.04 4.18 6.37 2.76 1.62 0.13 0.00 0.00 0.00 0.00 0.00 0.00 0.00 -0.00 0.00 0.00 0.00 0.00 0.00 0.00 0.00 0.00 0.00 0.00 0.00 0.00 0.00 0.00 0.00 0.00 0.00 0.00 0.00 0.00 0.00 0.00 0.00
5.40 5.75 7.08 7.75 7.70 7.71 7.88 7.90 7.87 7.86 7.86 7.87 7.90 7.93 7.96 8.00 8.03 8.08 8.13 8.19 8.30 8.38 8.52 9.23 9.65 9.80 9.80 9.80 9.80 9.80 9.81 9.81 9.82 9.84 9.84 9.84 9.84 9.77 8.18 5.66 5.63 4.46 4.04 4.51 5.16 4.97 4.51 4.04 4.40 6.40 2.59 1.66 0.11 0.00 0.00 0.00 0.00 0.00 0.00 0.00 0.00 0.00 0.00 0.00 0.00 0.00 0.00 0.00 0.00 0.00 0.00 0.00 0.00 0.00 0.00 0.00 0.00 0.00 0.00 0.00 0.00 0.00 0.00 0.00
5.53 6.48 7.68 7.70 7.64 7.70 7.82 7.80 7.78 7.80 7.83 7.86 7.88 7.92 7.94 7.98 8.01 8.04 8.09 8.14 8.23 8.29 8.36 8.43 8.75 9.05 8.93 9.30 9.50 9.64 9.73 9.78 9.80 9.79 9.79 9.78 9.76 9.71 9.40 6.69 5.09 4.22 3.83 4.75 5.06 4.87 4.44 4.12 4.83 6.39 2.49 1.63 0.08 0.00 0.00 0.00 0.00 0.00 0.00 0.00 -0.00 0.00 0.00 0.00 0.00 0.00 0.00 0.00 0.00 0.00 0.00 0.00 0.00 0.00 0.00 0.00 0.00 0.00 0.00 0.00 0.00 0.00 0.00 0.00
6.00 7.46 7.68 7.58 7.59 7.68 7.71 7.70 7.73 7.76 7.81 7.84 7.86 7.89 7.91 7.94 7.97 8.00 8.05 8.10 8.16 8.21 8.27 8.32 8.42 8.48 8.56 8.69 8.79 8.89 8.98 9.10 9.19 9.28 9.34 9.41 9.43 9.39 9.40 9.07 5.37 4.11 3.64 4.83 4.93 5.11 4.57 4.10 5.36 6.40 2.42 1.56 0.07 0.00 0.00 0.00 0.00 0.00 0.00 0.00 -0.00 0.00 0.00 0.00 0.00 0.00 0.00 0.00 0.00 0.00 0.00 0.00 0.00 0.00 0.00 0.00 0.00 0.00 0.00 0.00 0.00 0.00 0.00 0.00
