tsunami_inundation/2520.asc
ncols        89
nrows        96
xllcorner    425855.973699999973
yllcorner    5091051.504999999888
cellsize     55.000000000000
NODATA_value  -9999.00
[rows 37 to 73 of 96, columns 0 to 83 of 89]
6.56 6.59 6.65 6.66 6.68 6.70 6.73 6.75 6.79 6.88 6.95 7.05 7.22 7.45 7.93 8.46 8.62 8.62 8.57 8.49 8.43 8.43 8.50 8.54 8.58 8.62 8.66 8.71 8.74 8.78 8.81 8.83 8.85 8.87 8.89 8.93 8.97 9.01 9.03 9.05 5.24 3.79 3.71 4.90 5.16 5.72 5.54 5.03 6.89 7.09 3.30 3.05 1.73 0.21 0.00 0.00 0.00 0.00 0.00 0.00 -0.00 0.00 0.00 0.00 0.00 0.00 0.00 0.00 0.00 0.00 0.00 0.00 0.00 0.00 0.00 0.00 0.00 0.00 0.00 0.00 0.00 0.00 0.00 0.00
6.51 6.52 6.61 6.57 6.60 6.67 6.64 6.71 6.75 6.82 6.87 6.92 6.99 7.13 7.28 7.58 8.05 8.48 8.60 8.61 8.58 8.51 8.49 8.51 8.54 8.58 8.62 8.65 8.71 8.74 8.78 8.81 8.84 8.86 8.89 8.93 8.93 8.95 8.97 7.98 4.27 3.64 3.69 4.87 5.15 5.44 5.02 5.36 7.05 3.79 3.21 2.84 1.56 0.12 0.00 0.00 0.00 0.00 0.00 0.00 0.00 0.00 0.00 0.00 0.00 0.00 0.00 0.00 0.00 0.00 0.00 0.00 0.00 0.00 0.00 0.00 0.00 0.00 0.00 0.00 0.00 0.00 0.00 0.00
6.47 6.48 6.50 6.54 6.57 6.59 6.62 6.69 6.72 6.77 6.81 6.89 6.94 7.03 7.11 7.20 7.34 7.60 8.01 8.40 8.56 8.59 8.56 8.56 8.57 8.59 8.62 8.65 8.70 8.73 8.76 8.80 8.83 8.86 8.89 8.91 8.90 8.89 8.89 6.91 3.67 3.40 3.82 4.69 4.87 5.14 4.92 6.31 6.97 3.62 3.14 2.72 1.49 0.08 0.00 0.00 0.00 0.00 0.00 0.00 0.00 0.00 0.00 0.00 0.00 0.00 0.00 0.00 0.00 0.00 0.00 0.00 0.00 0.00 0.00 0.00 0.00 0.00 0.00 0.00 0.00 0.00 0.00 0.00
6.43 6.45 6.47 6.50 6.54 6.57 6.60 6.64 6.68 6.71 6.79 6.83 6.88 6.96 6.99 7.10 7.17 7.24 7.36 7.55 7.86 8.35 8.55 8.58 8.60 8.62 8.65 8.69 8.73 8.76 8.78 8.81 8.84 8.87 8.89 8.90 8.86 8.82 8.78 5.61 3.28 3.02 4.06 4.59 4.76 5.00 5.00 6.90 6.93 3.49 3.11 2.71 1.45 0.06 0.00 0.00 0.00 0.00 0.00 0.00 0.00 0.00 0.00 0.00 0.00 0.00 0.00 0.00 0.00 0.00 0.00 0.00 0.00 0.00 0.00 0.00 0.00 0.00 0.00 0.00 0.00 0.00 0.00 0.00
6.40 6.42 6.44 6.47 6.51 6.54 6.57 6.62 6.66 6.70 6.77 6.81 6.85 6.90 6.96 7.04 7.06 7.11 7.22 7.19 7.37 7.58 7.80 8.26 8.04 8.20 8.31 8.41 8.53 8.59 8.63 8.65 8.66 8.66 8.65 8.63 8.51 8.50 8.50 5.16 3.00 2.60 3.74 4.58 4.78 4.74 5.54 6.89 6.91 3.29 2.95 2.54 1.29 0.05 0.00 0.00 0.00 0.00 -0.00 0.00 0.00 0.00 0.00 0.00 0.00 0.00 0.00 0.00 0.00 0.00 0.00 0.00 0.00 0.00 0.00 0.00 0.00 0.00 0.00 0.00 0.00 0.00 0.00 0.00
6.37 6.39 6.41 6.44 6.48 6.51 6.55 6.60 6.68 6.71 6.75 6.78 6.82 6.86 6.92 6.97 7.01 7.06 7.11 7.16 7.24 7.26 7.43 7.49 7.56 7.64 7.71 7.78 7.88 7.95 8.01 8.06 8.08 8.10 8.13 8.20 8.23 8.27 8.12 3.90 3.16 2.86 3.88 4.53 4.83 4.74 6.35 6.87 6.90 3.57 2.87 2.27 0.99 0.02 0.00 0.00 0.00 0.00 0.00 0.00 0.00 0.00 0.00 0.00 0.00 0.00 0.00 0.00 0.00 0.00 0.00 0.00 0.00 0.00 0.00 0.00 0.00 0.00 0.00 0.00 0.00 0.00 0.00 0.00
6.35 6.37 6.38 6.41 6.45 6.48 6.51 6.55 6.61 6.69 6.73 6.77 6.80 6.84 6.90 6.94 6.99 7.03 7.08 7.13 7.18 7.30 7.34 7.39 7.43 7.48 7.57 7.62 7.67 7.75 7.81 7.86 7.91 7.95 8.00 8.04 8.14 8.18 7.96 3.49 3.30 3.03 4.16 4.51 4.78 4.72 6.79 6.87 6.05 3.51 2.68 2.25 1.24 0.04 0.00 0.00 0.00 0.00 0.00 0.00 0.00 0.00 0.00 0.00 0.00 0.00 0.00 0.00 0.00 0.00 0.00 0.00 0.00 0.00 0.00 0.00 0.00 0.00 0.00 0.00 0.00 0.00 0.00 0.00
6.31 6.34 6.35 6.37 6.41 6.45 6.49 6.53 6.59 6.67 6.71 6.75 6.79 6.83 6.87 6.93 6.97 7.01 7.06 7.10 7.15 7.20 7.32 7.37 7.41 7.46 7.50 7.55 7.63 7.71 7.76 7.79 7.86 7.91 8.01 8.06 8.10 8.15 5.01 3.15 2.79 3.31 4.94 4.72 4.71 4.61 6.81 6.87 4.81 3.38 2.60 2.03 1.09 0.02 0.00 0.00 0.00 0.00 0.00 0.00 0.00 0.00 0.00 0.00 0.00 0.00 0.00 0.00 0.00 0.00 0.00 0.00 0.00 0.00 0.00 0.00 0.00 0.00 0.00 0.00 0.00 0.00 0.00 0.00
6.29 6.31 6.33 6.35 6.38 6.43 6.47 6.51 6.61 6.65 6.70 6.74 6.78 6.81 6.85 6.91 6.95 6.99 7.03 7.08 7.13 7.25 7.29 7.34 7.39 7.44 7.48 7.53 7.58 7.65 7.70 7.75 7.80 7.89 7.94 8.01 8.06 8.11 4.08 2.77 2.68 4.35 5.02 4.67 4.67 4.60 6.82 4.15 3.62 3.26 2.56 1.98 0.80 0.01 0.00 0.00 0.00 0.00 0.00 0.00 0.00 0.00 0.00 0.00 0.00 0.00 0.00 0.00 0.00 0.00 0.00 0.00 0.00 0.00 0.00 0.00 0.00 0.00 0.00 0.00 0.00 0.00 0.00 0.00
6.23 6.29 6.32 6.33 6.36 6.40 6.45 6.49 6.59 6.64 6.68 6.72 6.76 6.80 6.84 6.89 6.93 6.97 7.02 7.06 7.11 7.20 7.26 7.30 7.35 7.40 7.45 7.50 7.55 7.63 7.68 7.73 7.78 7.83 7.88 7.95 8.04 7.09 3.63 2.67 3.63 4.53 4.82 4.88 4.65 4.57 6.83 3.91 3.52 3.12 2.45 1.97 0.48 0.01 0.00 0.00 0.00 0.00 0.00 0.00 0.00 0.00 0.00 0.00 0.00 0.00 0.00 0.00 0.00 0.00 0.00 0.00 0.00 0.00 0.00 0.00 0.00 0.00 0.00 0.00 0.00 0.00 0.00 0.00
6.20 6.27 6.30 6.32 6.35 6.39 6.43 6.47 6.58 6.62 6.66 6.71 6.75 6.79 6.82 6.88 6.92 6.96 7.00 7.04 7.08 7.17 7.24 7.28 7.33 7.38 7.43 7.48 7.53 7.58 7.66 7.71 7.76 7.81 7.85 7.93 8.00 6.04 2.99 2.57 3.64 4.69 4.68 4.75 5.37 5.31 6.82 5.94 3.33 3.03 2.60 1.94 0.22 0.00 0.00 0.00 0.00 0.00 0.00 0.00 0.00 0.00 0.00 0.00 0.00 0.00 0.00 0.00 0.00 0.00 0.00 0.00 0.00 0.00 0.00 0.00 0.00 0.00 0.00 0.00 0.00 0.00 0.00 0.00
6.16 6.25 6.29 6.31 6.33 6.37 6.41 6.46 6.56 6.60 6.65 6.69 6.73 6.77 6.81 6.87 6.91 6.95 6.99 7.03 7.07 7.12 7.22 7.27 7.31 7.36 7.41 7.45 7.51 7.56 7.64 7.69 7.74 7.79 7.83 7.91 7.99 5.66 2.72 2.51 3.73 4.70 4.49 4.68 4.94 4.69 6.79 3.49 3.17 2.97 2.59 1.65 0.08 0.00 0.00 0.00 0.00 0.00 0.00 0.00 0.00 0.00 0.00 0.00 0.00 0.00 0.00 0.00 0.00 0.00 0.00 0.00 0.00 0.00 0.00 0.00 0.00 0.00 0.00 0.00 0.00 0.00 0.00 0.00
6.13 6.23 6.27 6.29 6.32 6.35 6.40 6.44 6.55 6.59 6.64 6.68 6.73 6.77 6.81 6.85 6.91 6.95 6.99 7.03 7.07 7.15 7.21 7.26 7.30 7.34 7.39 7.44 7.49 7.54 7.61 7.67 7.72 7.77 7.82 7.90 7.94 4.16 2.59 2.85 4.44 4.89 4.71 4.72 4.56 4.59 6.74 5.92 3.13 2.97 2.60 1.11 0.03 0.00 0.00 0.00 0.00 0.00 0.00 0.00 0.00 0.00 0.00 0.00 0.00 0.00 0.00 0.00 0.00 0.00 0.00 0.00 0.00 0.00 0.00 0.00 0.00 0.00 0.00 0.00 0.00 0.00 0.00 0.00
6.08 6.19 6.25 6.29 6.32 6.35 6.39 6.44 6.55 6.59 6.64 6.68 6.72 6.76 6.80 6.84 6.90 6.95 6.99 7.03 7.07 7.15 7.21 7.25 7.29 7.34 7.38 7.43 7.47 7.52 7.60 7.65 7.70 7.75 7.82 7.87 6.82 3.36 3.05 3.64 4.59 4.80 4.76 4.73 4.61 4.66 6.71 3.46 3.14 3.03 2.31 0.90 0.02 0.00 0.00 0.00 0.00 0.00 0.00 0.00 0.00 0.00 0.00 0.00 0.00 0.00 0.00 0.00 0.00 0.00 0.00 0.00 0.00 0.00 0.00 0.00 0.00 0.00 0.00 0.00 0.00 0.00 0.00 0.00
6.04 6.12 6.23 6.28 6.32 6.35 6.39 6.49 6.56 6.60 6.64 6.68 6.72 6.76 6.80 6.85 6.91 6.95 6.99 7.03 7.11 7.15 7.19 7.25 7.29 7.33 7.37 7.41 7.46 7.51 7.58 7.63 7.68 7.77 7.80 7.80 5.57 3.30 3.49 3.83 4.13 4.42 4.33 4.10 4.32 5.20 6.70 3.48 3.22 3.02 2.18 1.07 0.03 0.00 0.00 0.00 0.00 0.00 0.00 0.00 0.00 0.00 0.00 0.00 0.00 0.00 0.00 0.00 0.00 0.00 0.00 0.00 0.00 0.00 0.00 0.00 0.00 0.00 0.00 0.00 0.00 0.00 0.00 0.00
6.02 6.09 6.21 6.27 6.32 6.36 6.40 6.49 6.57 6.61 6.65 6.69 6.73 6.77 6.81 6.85 6.91 6.95 6.99 7.03 7.11 7.15 7.19 7.25 7.28 7.33 7.37 7.41 7.46 7.50 7.54 7.62 7.66 7.75 7.79 7.56 4.46 3.43 4.24 3.79 3.59 3.65 3.56 3.67 4.46 6.03 6.17 3.48 3.21 2.84 2.04 1.45 0.02 0.00 0.00 0.00 0.00 0.00 0.00 0.00 0.00 0.00 0.00 0.00 0.00 0.00 0.00 0.00 0.00 0.00 0.00 0.00 0.00 0.00 0.00 0.00 0.00 0.00 0.00 0.00 0.00 0.00 0.00 0.00
6.00 6.07 6.20 6.27 6.33 6.38 6.42 6.50 6.55 6.62 6.66 6.70 6.74 6.78 6.82 6.85 6.91 6.96 7.00 7.04 7.08 7.15 7.19 7.25 7.29 7.32 7.36 7.41 7.45 7.49 7.54 7.61 7.65 7.70 7.78 6.57 4.25 3.44 4.34 3.53 2.90 2.78 3.26 4.14 4.88 6.69 6.72 3.28 3.16 2.70 1.98 1.14 0.00 0.00 0.00 0.00 0.00 0.00 0.00 0.00 0.00 0.00 0.00 0.00 0.00 0.00 0.00 0.00 0.00 0.00 0.00 0.00 0.00 0.00 0.00 0.00 0.00 0.00 0.00 0.00 0.00 0.00 0.00 0.00
5.99 6.06 6.19 6.27 6.34 6.39 6.47 6.51 6.55 6.63 6.67 6.71 6.75 6.78 6.82 6.86 6.89 6.96 7.00 7.04 7.12 7.16 7.19 7.25 7.29 7.32 7.36 7.41 7.45 7.49 7.53 7.60 7.64 7.69 7.77 6.29 4.01 3.29 4.38 3.36 2.81 2.73 3.56 4.38 5.18 6.72 5.88 3.07 3.04 2.56 1.98 0.83 0.00 0.00 0.00 0.00 0.00 0.00 0.00 0.00 0.00 0.00 0.00 0.00 0.00 0.00 0.00 0.00 0.00 0.00 0.00 0.00 0.00 0.00 0.00 0.00 0.00 0.00 0.00 0.00 0.00 0.00 0.00 0.00
5.99 6.06 6.17 6.25 6.32 6.38 6.43 6.51 6.55 6.62 6.66 6.71 6.74 6.78 6.82 6.86 6.90 6.95 7.00 7.08 7.12 7.16 7.20 7.25 7.29 7.32 7.36 7.41 7.45 7.49 7.53 7.59 7.63 7.71 7.75 4.97 3.67 3.23 4.11 3.04 2.87 3.48 4.20 4.48 6.21 6.72 5.59 3.09 3.12 2.58 1.70 0.35 0.00 0.00 0.00 0.00 0.00 0.00 0.00 0.00 0.00 0.00 0.00 0.00 0.00 0.00 0.00 0.00 0.00 0.00 0.00 0.00 0.00 0.00 0.00 0.00 0.00 0.00 0.00 0.00 0.00 0.00 0.00 0.00
6.00 6.05 6.10 6.22 6.29 6.36 6.46 6.50 6.54 6.60 6.65 6.70 6.74 6.78 6.82 6.86 6.90 6.96 7.00 7.04 7.12 7.16 7.20 7.23 7.29 7.32 7.36 7.40 7.45 7.49 7.52 7.58 7.62 7.69 6.34 3.92 3.20 3.67 3.90 2.91 2.86 3.67 4.31 4.56 6.69 6.72 4.65 3.14 3.21 2.37 1.30 0.06 0.00 0.00 0.00 0.00 0.00 0.00 0.00 0.00 0.00 0.00 0.00 0.00 0.00 0.00 0.00 0.00 0.00 0.00 0.00 0.00 0.00 0.00 0.00 0.00 0.00 0.00 0.00 0.00 0.00 0.00 0.00 0.00
5.99 6.03 6.08 6.16 6.26 6.30 6.44 6.50 6.54 6.60 6.65 6.70 6.74 6.78 6.82 6.87 6.91 6.96 7.00 7.04 7.12 7.16 7.19 7.23 7.29 7.33 7.37 7.41 7.45 7.48 7.52 7.56 7.65 7.68 6.20 3.58 2.95 3.73 3.58 2.76 2.87 3.93 4.46 5.15 6.69 6.71 3.42 3.17 3.13 2.05 1.05 0.02 0.00 0.00 0.00 0.00 0.00 0.00 0.00 0.00 0.00 0.00 0.00 0.00 0.00 0.00 0.00 0.00 0.00 0.00 0.00 0.00 0.00 0.00 0.00 0.00 0.00 0.00 0.00 0.00 0.00 0.00 0.00 0.00
5.97 6.02 6.06 6.15 6.21 6.28 6.35 6.50 6.55 6.59 6.66 6.69 6.74 6.79 6.83 6.87 6.91 6.97 7.02 7.09 7.13 7.16 7.20 7.23 7.29 7.33 7.37 7.41 7.45 7.48 7.52 7.56 7.64 7.58 5.12 3.36 2.93 3.74 3.27 2.65 3.42 4.27 4.67 5.85 6.68 6.69 3.32 3.18 3.01 1.91 0.65 0.01 0.00 0.00 0.00 0.00 0.00 0.00 0.00 0.00 0.00 0.00 0.00 0.00 0.00 0.00 0.00 0.00 0.00 0.00 0.00 0.00 0.00 0.00 0.00 0.00 0.00 0.00 0.00 0.00 0.00 0.00 0.00 0.00
5.96 6.01 6.06 6.14 6.20 6.27 6.40 6.48 6.55 6.61 6.68 6.72 6.76 6.79 6.84 6.89 6.92 6.96 7.02 7.10 7.14 7.17 7.21 7.24 7.29 7.33 7.37 7.41 7.45 7.49 7.52 7.56 7.60 7.56 4.58 3.39 3.14 3.61 3.30 2.75 4.17 4.62 4.89 5.76 6.66 6.68 3.20 3.11 2.76 1.57 0.29 0.01 0.00 0.00 0.00 0.00 0.00 0.00 0.00 0.00 0.00 0.00 0.00 0.00 0.00 0.00 0.00 0.00 0.00 0.00 0.00 0.00 0.00 0.00 0.00 0.00 0.00 0.00 0.00 0.00 0.00 0.00 0.00 0.00
5.96 6.01 6.06 6.11 6.19 6.26 6.39 6.46 6.53 6.60 6.68 6.73 6.77 6.81 6.85 6.89 6.93 6.97 7.03 7.11 7.15 7.19 7.22 7.25 7.30 7.34 7.38 7.42 7.46 7.49 7.53 7.56 7.61 6.98 3.86 3.31 3.24 3.73 3.10 3.66 4.60 4.78 4.97 6.22 6.62 4.35 3.41 3.27 2.63 1.55 0.33 0.01 0.00 0.00 0.00 0.00 0.00 0.00 0.00 0.00 0.00 0.00 0.00 0.00 0.00 0.00 0.00 0.00 0.00 0.00 0.00 0.00 0.00 0.00 0.00 0.00 0.00 0.00 0.00 0.00 0.00 0.00 0.00 0.00
5.95 6.01 6.06 6.11 6.19 6.25 6.37 6.44 6.51 6.58 6.67 6.72 6.76 6.80 6.85 6.89 6.93 6.97 7.07 7.11 7.15 7.19 7.23 7.26 7.30 7.35 7.38 7.42 7.46 7.50 7.53 7.57 7.61 5.97 3.55 3.11 3.55 3.49 3.04 4.13 4.36 4.41 4.93 6.19 6.58 4.70 3.41 3.07 2.27 1.59 0.50 0.01 0.00 0.00 0.00 0.00 0.00 0.00 0.00 0.00 0.00 0.00 0.00 0.00 0.00 0.00 0.00 0.00 0.00 0.00 0.00 0.00 0.00 0.00 0.00 0.00 0.00 0.00 0.00 0.00 0.00 0.00 0.00 0.00
5.95 6.00 6.06 6.11 6.19 6.24 6.35 6.41 6.47 6.54 6.60 6.69 6.75 6.79 6.84 6.88 6.92 6.97 7.03 7.11 7.15 7.19 7.23 7.27 7.30 7.35 7.39 7.42 7.46 7.49 7.53 7.60 7.01 4.09 3.38 2.98 3.60 3.22 3.35 4.25 4.26 4.42 4.35 5.10 6.54 5.67 3.17 2.85 2.28 1.63 0.74 0.02 0.00 0.00 0.00 0.00 0.00 0.00 0.00 0.00 0.00 0.00 0.00 0.00 0.00 0.00 0.00 0.00 0.00 0.00 0.00 0.00 0.00 0.00 0.00 0.00 0.00 0.00 0.00 0.00 0.00 0.00 0.00 0.00
5.94 6.01 6.06 6.11 6.18 6.23 6.32 6.38 6.44 6.50 6.56 6.66 6.72 6.77 6.82 6.87 6.91 6.95 7.07 7.11 7.15 7.19 7.23 7.27 7.30 7.36 7.40 7.43 7.46 7.49 7.53 7.60 5.56 3.71 3.37 2.94 3.36 3.20 3.68 4.44 4.31 4.88 4.35 5.96 6.49 6.01 3.09 2.65 2.00 1.62 0.78 0.01 0.00 0.00 0.00 0.00 0.00 0.00 0.00 0.00 0.00 0.00 0.00 0.00 0.00 0.00 0.00 0.00 0.00 0.00 0.00 0.00 0.00 0.00 0.00 0.00 0.00 0.00 0.00 0.00 0.00 0.00 0.00 0.00
5.94 6.00 6.05 6.10 6.16 6.21 6.30 6.36 6.41 6.46 6.52 6.62 6.68 6.74 6.80 6.85 6.90 6.95 6.99 7.11 7.15 7.19 7.23 7.27 7.31 7.36 7.40 7.44 7.47 7.50 7.53 7.60 5.08 3.40 3.25 3.03 2.67 3.14 3.93 4.54 4.83 5.37 5.27 5.99 6.42 6.02 2.82 2.23 1.96 1.60 0.58 0.02 0.00 0.00 0.00 0.00 0.00 0.00 0.00 0.00 0.00 0.00 0.00 0.00 0.00 0.00 0.00 0.00 0.00 0.00 0.00 0.00 0.00 0.00 0.00 0.00 0.00 0.00 0.00 0.00 0.00 0.00 0.00 0.00
5.92 5.98 6.03 6.07 6.11 6.23 6.28 6.34 6.39 6.45 6.50 6.59 6.65 6.71 6.77 6.83 6.88 6.94 7.06 7.11 7.15 7.20 7.24 7.28 7.31 7.35 7.41 7.45 7.49 7.51 7.54 7.61 4.07 3.38 3.00 2.85 2.45 3.82 4.37 4.61 4.31 5.29 5.01 5.05 6.36 5.10 2.40 2.42 2.31 1.69 0.86 0.02 0.00 0.00 0.00 0.00 0.00 0.00 0.00 0.00 0.00 0.00 0.00 0.00 0.00 0.00 0.00 0.00 0.00 0.00 0.00 0.00 0.00 0.00 0.00 0.00 0.00 0.00 0.00 0.00 0.00 0.00 0.00 0.00
5.86 5.93 5.99 6.05 6.17 6.22 6.27 6.32 6.37 6.43 6.49 6.57 6.63 6.69 6.75 6.80 6.86 6.92 7.05 7.10 7.15 7.20 7.24 7.29 7.33 7.37 7.43 7.47 7.51 7.54 7.56 7.62 4.71 3.31 3.13 2.81 2.83 4.14 4.40 4.32 4.27 4.16 4.13 4.43 3.57 2.95 2.84 2.58 2.53 1.99 0.86 0.02 0.00 0.00 0.00 0.00 0.00 0.00 0.00 0.00 0.00 0.00 0.00 0.00 0.00 0.00 0.00 0.00 0.00 0.00 0.00 0.00 0.00 0.00 0.00 0.00 0.00 0.00 0.00 0.00 0.00 0.00 0.00 0.00
5.80 5.88 5.95 6.01 6.07 6.19 6.25 6.30 6.36 6.41 6.47 6.52 6.61 6.67 6.72 6.78 6.84 6.89 7.04 7.09 7.14 7.19 7.24 7.29 7.34 7.38 7.45 7.49 7.54 7.57 7.60 7.63 4.48 3.19 3.10 2.79 3.23 4.18 4.33 4.28 4.10 4.07 4.02 4.75 2.75 3.15 3.03 2.41 1.74 0.93 0.18 0.00 0.00 0.00 0.00 0.00 0.00 0.00 0.00 0.00 0.00 0.00 0.00 0.00 0.00 0.00 0.00 0.00 0.00 0.00 0.00 0.00 0.00 0.00 0.00 0.00 0.00 0.00 0.00 0.00 0.00 0.00 0.00 0.00
5.75 5.82 5.90 5.97 6.12 6.17 6.23 6.28 6.34 6.39 6.45 6.50 6.59 6.65 6.70 6.76 6.82 6.93 6.99 7.07 7.12 7.17 7.23 7.28 7.33 7.39 7.45 7.49 7.53 7.57 7.62 7.63 4.38 2.94 2.95 2.85 3.58 4.10 4.22 4.15 4.08 3.96 4.06 4.91 3.17 3.03 2.78 2.12 1.54 0.21 0.00 0.00 0.00 0.00 0.00 0.00 0.00 0.00 0.00 0.00 0.00 0.00 0.00 0.00 0.00 0.00 0.00 0.00 0.00 0.00 0.00 0.00 0.00 0.00 0.00 0.00 0.00 0.00 0.00 0.00 0.00 0.00 0.00 0.00
5.71 5.78 5.85 5.92 6.00 6.16 6.21 6.27 6.32 6.38 6.43 6.49 6.57 6.63 6.68 6.74 6.79 6.91 6.96 7.05 7.10 7.16 7.21 7.26 7.32 7.37 7.44 7.48 7.52 7.56 7.62 7.63 4.22 2.66 2.66 3.04 3.56 3.84 4.04 4.00 3.93 3.97 4.31 4.36 2.80 2.85 2.58 1.94 1.18 0.05 0.00 0.00 0.00 0.00 0.00 0.00 0.00 0.00 0.00 0.00 0.00 0.00 0.00 0.00 0.00 0.00 0.00 0.00 0.00 0.00 0.00 0.00 0.00 0.00 0.00 0.00 0.00 0.00 0.00 0.00 0.00 0.00 0.00 0.00
5.68 5.75 5.81 5.89 6.03 6.14 6.20 6.25 6.31 6.36 6.42 6.47 6.56 6.62 6.67 6.73 6.79 6.84 6.95 7.04 7.09 7.15 7.20 7.25 7.30 7.36 7.41 7.48 7.51 7.55 7.63 7.61 4.16 2.48 2.62 2.97 3.51 3.41 3.76 3.83 3.84 3.99 4.58 2.53 2.57 2.49 2.25 1.84 0.18 0.00 0.00 0.00 0.00 0.00 0.00 0.00 0.00 0.00 0.00 0.00 0.00 0.00 0.00 0.00 0.00 0.00 0.00 0.00 0.00 0.00 0.00 0.00 0.00 0.00 0.00 0.00 0.00 0.00 0.00 0.00 0.00 0.00 0.00 0.00
5.66 5.71 5.77 5.83 5.97 6.09 6.16 6.23 6.29 6.35 6.41 6.47 6.55 6.61 6.67 6.73 6.78 6.84 6.95 7.03 7.09 7.14 7.20 7.25 7.30 7.36 7.41 7.48 7.51 7.55 7.59 7.40 3.86 2.61 2.85 3.00 3.48 3.25 3.37 3.61 3.67 4.14 4.85 2.15 2.13 2.12 1.86 1.43 0.04 0.00 0.00 0.00 0.00 0.00 0.00 0.00 0.00 0.00 0.00 0.00 0.00 0.00 0.00 0.00 0.00 0.00 0.00 0.00 0.00 0.00 0.00 0.00 0.00 0.00 0.00 0.00 0.00 0.00 0.00 0.00 0.00 0.00 0.00 0.00
5.63 5.68 5.74 5.86 5.93 6.04 6.12 6.20 6.27 6.34 6.40 6.46 6.52 6.61 6.67 6.73 6.78 6.90 6.95 7.04 7.09 7.14 7.20 7.25 7.31 7.37 7.42 7.49 7.52 7.56 7.60 5.51 3.09 2.69 2.84 2.70 3.00 3.10 3.39 3.59 3.67 4.25 4.98 3.06 1.85 1.71 1.33 0.75 0.00 0.00 0.00 0.00 0.00 0.00 0.00 0.00 0.00 0.00 0.00 0.00 0.00 0.00 0.00 0.00 0.00 0.00 0.00 0.00 0.00 0.00 0.00 0.00 0.00 0.00 0.00 0.00 0.00 0.00 0.00 0.00 0.00 0.00 0.00 0.00
5.60 5.66 5.71 5.84 5.90 6.01 6.09 6.16 6.24 6.31 6.38 6.45 6.51 6.60 6.66 6.72 6.84 6.90 6.95 7.01 7.09 7.15 7.21 7.26 7.32 7.38 7.43 7.50 7.54 7.57 7.58 4.57 2.81 2.60 2.79 2.50 2.59 3.09 3.49 3.84 3.95 4.21 4.78 2.51 3.45 2.37 1.21 0.13 0.00 0.00 0.00 0.00 0.00 0.00 0.00 0.00 0.00 0.00 0.00 0.00 0.00 0.00 0.00 0.00 0.00 0.00 0.00 0.00 0.00 0.00 0.00 0.00 0.00 0.00 0.00 0.00 0.00 0.00 0.00 0.00 0.00 0.00 0.00 0.00
