tsunami_inundation/2520.asc
ncols        89
nrows        96
xllcorner    425855.973699999973
yllcorner    5091051.504999999888
cellsize     55.000000000000
NODATA_value  -9999.00
[rows 0 to 36 of 96, columns 0 to 83 of 89]
-9999.00 7.47 7.53 7.61 7.60 7.66 7.70 7.72 7.76 7.78 7.82 7.86 7.90 7.96 8.07 8.18 8.36 8.93 9.04 9.05 9.02 8.97 8.97 8.99 9.02 9.05 9.08 9.10 9.14 9.15 9.17 9.18 9.18 9.18 9.19 9.19 9.19 9.20 9.22 9.22 9.16 3.53 1.24 1.18 1.12 0.35 0.11 0.03 0.00 1.48 3.59 3.90 3.90 3.82 3.74 3.40 3.26 3.30 3.22 1.11 0.51 0.02 0.00 0.00 0.00 0.00 0.00 0.00 0.00 0.00 0.00 0.00 0.00 0.00 0.00 0.00 0.00 0.00 0.00 0.00 0.00 0.00 0.00 0.00
-9999.00 7.42 7.44 7.55 7.58 7.60 7.63 7.69 7.70 7.73 7.79 7.84 7.90 7.98 8.17 8.38 8.98 9.02 9.01 8.96 8.93 8.95 8.98 9.03 9.07 9.11 9.15 9.17 9.20 9.21 9.21 9.21 9.20 9.20 9.20 9.19 9.20 9.22 9.25 9.34 9.33 4.03 0.41 0.83 1.09 0.90 0.53 0.14 1.54 3.13 3.69 3.73 3.71 3.52 2.91 2.64 3.23 3.43 3.32 1.39 1.33 0.49 0.00 0.00 0.00 0.00 0.00 0.00 0.00 0.00 0.00 0.00 0.00 0.00 0.00 0.00 0.00 0.00 0.00 0.00 0.00 0.00 0.00 0.00
-9999.00 7.43 7.44 7.49 7.55 7.58 7.60 7.64 7.69 7.73 7.79 7.83 8.00 8.22 8.39 8.97 8.99 8.95 8.89 8.89 8.92 9.00 9.06 9.11 9.16 9.19 9.21 9.23 9.24 9.25 9.25 9.25 9.28 9.27 9.27 9.27 9.29 9.32 9.36 9.41 9.43 2.65 0.67 0.55 0.87 0.98 0.85 0.99 2.69 3.32 3.48 3.56 3.52 3.24 2.96 2.89 3.46 3.74 3.65 2.24 1.74 1.36 0.33 0.00 0.00 0.00 0.00 0.00 0.00 0.00 0.00 0.00 0.00 0.00 0.00 0.00 0.00 0.00 0.00 0.00 0.00 0.00 0.00 0.00
-9999.00 7.44 7.42 7.44 7.49 7.55 7.58 7.63 7.67 7.75 7.84 7.97 8.18 8.50 8.73 8.94 8.88 8.84 8.85 8.90 8.98 9.09 9.15 9.18 9.20 9.21 9.21 9.22 9.24 9.25 9.26 9.27 9.28 9.29 9.30 9.32 9.36 9.40 9.44 9.48 9.55 7.04 1.89 0.49 0.56 0.69 0.74 1.41 3.02 3.23 3.34 3.33 3.26 3.22 3.23 3.03 3.15 4.15 4.23 3.00 2.20 1.75 1.11 0.00 0.00 0.00 0.00 0.00 0.00 0.00 0.00 0.00 0.00 0.00 0.00 0.00 0.00 0.00 0.00 0.00 0.00 0.00 0.00 0.00
-9999.00 7.40 7.43 7.43 7.45 7.50 7.56 7.62 7.68 7.77 7.92 8.14 8.47 8.90 8.89 8.81 8.88 8.97 9.04 9.03 9.10 9.13 9.14 9.15 9.17 9.19 9.21 9.22 9.23 9.25 9.26 9.27 9.28 9.29 9.31 9.33 9.39 9.43 9.48 9.53 9.58 8.60 2.44 1.13 0.51 0.44 0.49 2.04 3.18 3.22 3.25 3.22 3.24 3.36 3.55 3.44 3.10 3.46 4.42 3.72 2.44 2.20 1.36 0.04 0.00 0.00 0.00 0.00 0.00 0.00 0.00 0.00 0.00 0.00 0.00 0.00 0.00 0.00 0.00 0.00 0.00 0.00 0.00 0.00
-9999.00 7.31 7.44 7.44 7.44 7.46 7.52 7.64 7.76 7.92 8.18 8.55 8.87 8.90 8.84 8.92 9.01 9.06 9.09 9.10 9.12 9.14 9.14 9.16 9.25 9.26 9.27 9.25 9.27 9.28 9.29 9.30 9.31 9.32 9.34 9.36 9.41 9.46 9.51 9.55 9.60 8.61 2.94 1.74 1.15 0.61 0.57 2.54 3.17 3.15 3.25 3.50 3.69 3.88 3.93 3.97 3.73 2.96 3.05 3.46 2.69 2.35 1.77 0.52 0.00 0.00 0.00 0.00 0.00 0.00 0.00 0.00 0.00 0.00 0.00 0.00 0.00 0.00 0.00 0.00 0.00 0.00 0.00 0.00
-9999.00 7.25 7.35 7.43 7.46 7.48 7.52 7.60 7.84 8.10 8.46 8.84 8.92 8.87 8.86 9.04 9.08 9.10 9.12 9.15 9.18 9.22 9.26 9.27 9.28 9.29 9.29 9.28 9.30 9.33 9.34 9.36 9.37 9.39 9.41 9.43 9.47 9.50 9.54 9.57 9.60 4.86 3.36 2.52 2.10 1.66 1.13 2.23 2.92 3.23 3.46 3.85 4.03 4.40 4.66 4.40 4.18 3.77 1.97 1.58 1.79 2.09 1.60 0.73 0.00 0.00 0.00 0.00 0.00 0.00 0.00 0.00 0.00 0.00 0.00 0.00 0.00 0.00 0.00 0.00 0.00 0.00 0.00 0.00
-9999.00 7.14 7.25 7.36 7.45 7.51 7.58 7.68 7.98 8.33 8.77 8.96 8.93 8.91 8.95 9.09 9.11 9.14 9.18 9.22 9.24 9.25 9.27 9.28 9.29 9.30 9.31 9.33 9.36 9.38 9.41 9.41 9.42 9.44 9.45 9.48 9.51 9.56 9.59 9.60 9.60 9.61 4.23 2.95 2.55 2.23 2.07 2.41 2.69 3.05 3.86 4.26 4.51 4.70 5.13 4.89 4.65 4.29 1.86 0.66 1.76 1.68 1.49 1.24 1.34 0.33 0.00 0.00 0.00 0.00 0.00 0.00 0.00 0.00 0.00 0.00 0.00 0.00 0.00 0.00 0.00 0.00 0.00 0.00
-9999.00 7.06 7.15 7.27 7.39 7.52 7.65 7.81 8.21 8.63 8.94 8.99 8.99 9.02 9.07 9.11 9.14 9.18 9.21 9.22 9.23 9.24 9.27 9.29 9.31 9.33 9.34 9.38 9.40 9.42 9.44 9.44 9.44 9.45 9.46 9.48 9.50 9.53 9.55 9.56 9.59 7.27 5.03 3.85 3.04 2.76 2.79 3.04 3.11 2.97 3.41 4.73 5.02 5.20 5.32 5.33 4.98 4.58 1.74 0.77 0.23 1.77 1.82 1.51 1.19 1.30 0.00 0.00 0.00 0.00 0.00 0.00 0.00 0.00 0.00 0.00 0.00 0.00 0.00 0.00 0.00 0.00 0.00 0.00
-9999.00 6.96 7.08 7.19 7.33 7.50 7.70 7.96 8.52 8.91 9.06 9.05 9.07 9.10 9.10 9.14 9.16 9.15 9.15 9.16 9.19 9.21 9.23 9.26 9.28 9.30 9.33 9.35 9.40 9.43 9.45 9.46 9.47 9.48 9.48 9.49 9.50 9.52 9.52 9.52 9.50 8.23 5.73 4.59 3.74 3.54 4.05 3.97 3.61 3.46 3.43 5.01 5.32 5.59 5.79 5.70 5.55 3.85 1.67 1.23 0.82 0.21 0.07 0.03 0.44 0.55 0.00 0.00 0.00 0.00 0.00 0.00 0.00 0.00 0.00 0.00 0.00 0.00 0.00 0.00 0.00 0.00 0.00 0.00
-9999.00 6.91 7.05 7.15 7.29 7.48 7.75 8.12 8.83 9.14 9.17 9.13 9.09 9.06 9.07 9.11 9.11 9.12 9.13 9.15 9.17 9.18 9.19 9.21 9.23 9.26 9.29 9.31 9.37 9.40 9.44 9.46 9.47 9.49 9.50 9.52 9.53 9.53 9.53 9.51 9.47 9.10 8.77 7.27 4.57 5.04 5.33 4.45 4.25 3.99 4.01 4.77 5.58 5.85 6.26 6.28 5.28 3.20 2.15 2.10 1.58 0.44 0.00 0.00 0.00 0.22 0.00 0.00 0.00 0.00 0.00 0.00 0.00 0.00 0.00 0.00 0.00 0.00 0.00 0.00 0.00 0.00 0.00 0.00
-9999.00 6.90 7.05 7.14 7.30 7.55 7.92 8.43 8.99 9.26 9.19 9.10 9.06 9.06 9.07 9.07 9.08 9.11 9.12 9.14 9.15 9.16 9.17 9.20 9.22 9.24 9.26 9.32 9.35 9.37 9.42 9.44 9.46 9.48 9.50 9.52 9.53 9.53 9.52 9.49 9.44 9.04 8.74 8.28 7.33 6.36 6.14 5.74 5.28 4.62 3.87 5.61 6.47 6.48 6.57 6.65 5.18 3.15 2.31 2.36 1.85 1.12 0.05 0.00 0.00 0.19 0.00 0.00 0.00 0.00 0.00 0.00 0.00 0.00 0.00 0.00 0.00 0.00 0.00 0.00 0.00 0.00 0.00 0.00
6.90 6.98 7.07 7.18 7.37 7.70 8.16 8.73 9.15 9.16 9.05 9.01 9.03 9.06 9.05 9.05 9.06 9.07 9.09 9.11 9.12 9.14 9.16 9.18 9.20 9.22 9.24 9.30 9.33 9.36 9.40 9.42 9.44 9.46 9.48 9.48 9.49 9.49 9.47 9.44 9.26 9.01 8.70 8.27 7.31 6.91 6.70 6.23 5.60 4.77 3.96 3.92 6.79 6.77 7.21 6.88 4.51 3.20 2.57 2.44 1.98 1.25 0.06 0.00 0.00 0.19 0.00 0.00 0.00 0.00 0.00 0.00 0.00 0.00 0.00 0.00 0.00 0.00 0.00 0.00 0.00 0.00 0.00 0.00
6.90 6.98 7.10 7.26 7.52 7.95 8.52 9.04 9.12 8.98 8.91 8.93 8.98 9.01 9.04 9.04 9.04 9.05 9.07 9.08 9.10 9.11 9.13 9.16 9.18 9.20 9.22 9.27 9.29 9.31 9.35 9.38 9.40 9.42 9.44 9.45 9.46 9.46 9.45 9.35 9.24 9.02 8.69 8.25 7.69 7.30 7.16 6.73 5.85 4.92 4.36 3.42 6.97 7.29 7.44 6.26 4.25 3.14 3.29 2.58 2.16 1.33 0.07 0.00 0.00 0.18 0.00 0.00 0.00 0.00 0.00 0.00 0.00 0.00 0.00 0.00 0.00 0.00 0.00 0.00 0.00 0.00 0.00 0.00
6.91 6.98 7.14 7.39 7.77 8.34 8.95 9.07 9.02 8.84 8.81 8.86 8.90 8.96 8.99 9.01 9.03 9.04 9.06 9.06 9.07 9.09 9.10 9.11 9.14 9.17 9.19 9.24 9.26 9.29 9.32 9.34 9.37 9.39 9.41 9.42 9.42 9.42 9.41 9.32 9.21 9.05 8.68 8.23 7.87 7.53 7.39 7.25 6.15 4.82 4.34 3.75 7.27 7.42 7.58 5.66 3.92 3.06 3.38 2.63 2.07 1.29 0.19 0.00 0.00 0.07 0.00 0.00 0.00 0.00 0.00 0.00 0.00 0.00 0.00 0.00 0.00 0.00 0.00 0.00 0.00 0.00 0.00 0.00
6.92 6.98 7.22 7.59 8.16 8.86 9.04 9.00 8.90 8.78 8.77 8.80 8.82 8.88 8.92 8.91 8.96 8.99 9.01 9.03 9.05 9.07 9.08 9.10 9.13 9.15 9.18 9.22 9.25 9.27 9.29 9.32 9.34 9.36 9.37 9.38 9.38 9.37 9.36 9.33 9.17 9.00 8.71 8.36 8.15 7.64 7.35 7.35 6.60 5.21 4.16 3.58 6.72 7.51 7.54 5.74 3.09 2.96 3.33 2.83 1.82 1.11 0.04 0.00 0.00 0.00 0.00 0.00 0.00 0.00 0.00 0.00 0.00 0.00 0.00 0.00 0.00 0.00 0.00 0.00 0.00 0.00 0.00 0.00
6.91 7.03 7.37 7.93 8.75 9.02 8.98 8.90 8.85 8.80 8.73 8.73 8.74 8.79 8.82 8.85 8.90 8.93 8.96 8.99 9.01 9.03 9.06 9.08 9.11 9.14 9.16 9.20 9.22 9.24 9.26 9.28 9.29 9.30 9.31 9.32 9.31 9.30 9.29 9.25 9.11 8.97 8.75 8.51 8.35 7.73 7.13 6.96 6.50 5.46 4.43 3.43 6.86 7.50 6.88 5.58 2.96 3.38 3.44 2.84 2.14 1.21 0.04 0.00 0.00 0.00 0.00 0.00 0.00 0.00 0.00 0.00 0.00 0.00 0.00 0.00 0.00 0.00 0.00 0.00 0.00 0.00 0.00 0.00
6.87 7.10 7.89 8.82 9.03 8.90 8.79 8.85 8.87 8.82 8.71 8.72 8.74 8.75 8.78 8.80 8.85 8.88 8.91 8.94 8.96 8.99 9.01 9.03 9.07 9.09 9.14 9.16 9.18 9.20 9.21 9.23 9.23 9.24 9.25 9.25 9.25 9.25 9.24 9.21 9.10 8.99 8.85 8.67 8.51 7.78 6.92 6.33 6.17 5.01 4.46 4.76 7.06 7.30 6.32 5.01 2.98 3.56 3.22 2.83 2.14 0.97 0.02 0.00 0.00 0.00 0.00 0.00 0.00 0.00 0.00 0.00 0.00 0.00 0.00 0.00 0.00 0.00 0.00 0.00 0.00 0.00 0.00 0.00
6.96 7.26 8.60 9.04 8.92 8.72 8.76 8.88 8.90 8.82 8.72 8.74 8.75 8.77 8.78 8.79 8.82 8.85 8.88 8.90 8.92 8.94 8.96 8.99 9.02 9.05 9.07 9.11 9.13 9.15 9.16 9.18 9.19 9.19 9.20 9.20 9.21 9.22 9.22 9.18 9.13 9.05 8.93 8.80 8.61 8.18 6.34 5.35 5.34 5.05 5.09 5.56 6.02 6.87 6.46 4.43 2.71 3.28 2.62 2.60 1.69 0.27 0.00 0.00 0.00 0.00 0.00 0.00 0.00 0.00 0.00 0.00 0.00 0.00 0.00 0.00 0.00 0.00 0.00 0.00 0.00 0.00 0.00 0.00
7.22 8.13 9.12 8.83 8.55 8.66 8.81 8.94 8.91 8.80 8.74 8.77 8.78 8.79 8.80 8.81 8.83 8.86 8.88 8.90 8.92 8.94 8.96 8.98 9.00 9.04 9.06 9.08 9.09 9.11 9.12 9.14 9.16 9.18 9.19 9.20 9.21 9.22 9.23 9.23 9.17 9.12 9.04 8.92 8.73 8.09 3.47 3.67 5.20 5.24 5.38 5.59 6.05 6.49 6.81 3.77 2.56 3.01 2.34 2.05 1.08 0.04 0.00 -0.00 0.00 0.00 0.00 0.00 0.00 0.00 0.00 0.00 0.00 0.00 0.00 0.00 0.00 0.00 0.00 0.00 0.00 0.00 0.00 0.00
7.79 8.88 9.10 8.57 8.56 8.73 8.90 8.98 8.91 8.80 8.82 8.81 8.82 8.83 8.84 8.86 8.88 8.91 8.92 8.94 8.97 8.99 9.01 9.03 9.05 9.08 9.10 9.11 9.12 9.13 9.14 9.15 9.16 9.18 9.20 9.21 9.22 9.23 9.25 9.25 9.23 9.19 9.17 9.07 7.90 4.63 2.79 3.85 4.85 5.24 5.43 5.76 6.05 6.32 6.59 3.04 2.39 2.53 1.95 1.33 0.12 0.00 0.00 -0.00 0.00 0.00 0.00 0.00 0.00 0.00 0.00 0.00 0.00 0.00 0.00 0.00 0.00 0.00 0.00 0.00 0.00 0.00 0.00 0.00
8.81 9.20 8.88 8.51 8.63 8.83 8.95 8.99 8.98 8.92 8.86 8.85 8.88 8.89 8.89 8.90 8.92 8.94 8.95 8.97 8.98 9.00 9.02 9.04 9.06 9.12 9.15 9.17 9.18 9.19 9.19 9.19 9.20 9.21 9.22 9.23 9.24 9.25 9.27 9.29 9.27 9.27 9.24 9.23 6.42 3.90 2.42 3.81 4.20 4.25 5.02 6.28 6.30 6.41 5.61 1.79 1.34 1.54 1.30 0.29 0.00 0.00 0.00 -0.00 0.00 0.00 0.00 0.00 0.00 0.00 0.00 0.00 0.00 0.00 0.00 0.00 0.00 0.00 0.00 0.00 0.00 0.00 0.00 0.00
9.43 9.39 8.52 8.50 8.76 8.90 8.95 9.00 9.00 8.94 8.85 8.85 8.86 8.84 8.89 8.89 8.86 8.87 8.94 8.96 8.97 8.99 9.01 9.04 9.06 9.13 9.15 9.18 9.21 9.23 9.26 9.27 9.26 9.26 9.26 9.26 9.26 9.27 9.28 9.31 9.30 9.31 9.30 9.28 4.32 3.34 2.83 4.37 4.00 3.60 4.59 6.45 6.45 6.65 4.86 1.26 0.31 0.10 0.08 0.00 0.00 0.00 0.00 0.00 0.00 0.00 0.00 0.00 0.00 0.00 0.00 0.00 0.00 0.00 0.00 0.00 0.00 0.00 0.00 0.00 0.00 0.00 0.00 0.00
9.05 9.02 8.68 8.56 8.73 8.87 8.94 8.99 8.98 8.92 8.83 8.81 8.79 8.78 8.78 8.79 8.81 8.82 8.85 8.92 8.89 8.96 8.98 9.01 9.03 9.12 9.15 9.18 9.21 9.24 9.27 9.30 9.33 9.33 9.32 9.31 9.30 9.30 9.32 9.33 9.31 9.32 9.34 6.85 3.81 3.29 3.93 4.64 4.29 4.04 5.05 6.37 6.65 6.65 4.34 1.49 0.08 0.00 0.00 0.00 0.00 0.00 0.00 0.00 0.00 0.00 0.00 0.00 0.00 0.00 0.00 0.00 0.00 0.00 0.00 0.00 0.00 0.00 0.00 0.00 0.00 0.00 0.00 0.00
8.24 8.67 8.84 8.70 8.61 8.77 8.92 8.95 8.92 8.85 8.78 8.75 8.75 8.74 8.75 8.75 8.77 8.79 8.82 8.84 8.86 8.88 8.90 8.92 8.95 8.96 9.04 9.14 9.18 9.22 9.26 9.28 9.32 9.35 9.37 9.39 9.40 9.40 9.37 9.35 9.33 9.33 9.35 6.41 3.74 4.12 5.08 4.74 4.43 4.45 5.40 6.89 6.83 6.87 3.58 1.65 0.26 0.00 0.00 0.00 0.00 0.00 0.00 0.00 0.00 0.00 0.00 0.00 0.00 0.00 0.00 0.00 0.00 0.00 0.00 0.00 0.00 0.00 0.00 0.00 0.00 0.00 0.00 0.00
7.67 8.20 8.81 8.82 8.53 8.59 8.81 8.91 8.86 8.79 8.73 8.71 8.72 8.72 8.72 8.74 8.75 8.77 8.80 8.81 8.83 8.85 8.87 8.90 8.95 8.99 9.02 9.08 9.08 9.11 9.19 9.23 9.27 9.34 9.37 9.40 9.43 9.44 9.45 9.39 9.36 9.34 9.22 5.56 4.02 4.90 5.19 4.88 4.73 4.74 5.60 7.08 7.06 7.02 2.95 1.75 0.38 0.01 0.00 0.00 0.00 0.00 0.00 0.00 0.00 0.00 0.00 0.00 0.00 0.00 0.00 0.00 0.00 0.00 0.00 0.00 0.00 0.00 0.00 0.00 0.00 0.00 0.00 0.00
7.39 7.76 8.45 8.77 8.54 8.49 8.60 8.80 8.85 8.77 8.69 8.67 8.70 8.70 8.71 8.72 8.74 8.75 8.78 8.80 8.82 8.84 8.86 8.89 8.91 8.98 9.01 9.04 9.08 9.11 9.14 9.17 9.22 9.25 9.30 9.36 9.44 9.46 9.49 9.43 9.39 9.37 8.97 4.99 4.31 5.36 5.11 4.92 4.95 5.01 5.94 7.25 7.28 5.90 2.22 1.39 0.09 0.00 0.00 0.00 0.00 -0.00 0.00 0.00 0.00 0.00 0.00 0.00 0.00 0.00 0.00 0.00 0.00 0.00 0.00 0.00 0.00 0.00 0.00 0.00 0.00 0.00 0.00 0.00
7.28 7.49 7.85 8.41 8.60 8.48 8.44 8.53 8.75 8.81 8.72 8.65 8.68 8.68 8.68 8.69 8.71 8.72 8.74 8.77 8.80 8.82 8.84 8.87 8.92 8.97 9.00 9.04 9.07 9.10 9.13 9.16 9.19 9.23 9.26 9.31 9.36 9.41 9.50 9.46 9.43 9.40 8.14 4.37 4.49 5.48 5.10 5.00 5.16 5.83 7.44 7.40 6.82 3.23 2.05 1.25 0.04 0.00 0.00 0.00 -0.00 -0.00 0.00 0.00 0.00 0.00 0.00 0.00 0.00 0.00 0.00 0.00 0.00 0.00 0.00 0.00 0.00 0.00 0.00 0.00 0.00 0.00 0.00 0.00
7.20 7.20 7.25 7.53 8.40 8.54 8.46 8.47 8.59 8.75 8.74 8.59 8.61 8.64 8.64 8.65 8.66 8.68 8.71 8.74 8.77 8.79 8.81 8.84 8.86 8.92 8.98 9.01 9.05 9.09 9.12 9.15 9.18 9.22 9.24 9.27 9.31 9.35 9.40 9.42 9.44 8.95 4.35 4.07 5.35 5.48 5.01 5.07 5.35 6.27 7.45 7.46 4.87 2.76 1.86 0.55 0.01 0.00 0.00 0.00 -0.00 -0.00 0.00 0.00 0.00 0.00 0.00 0.00 0.00 0.00 0.00 0.00 0.00 0.00 0.00 0.00 0.00 0.00 0.00 0.00 0.00 0.00 0.00 0.00
7.10 7.04 7.06 7.21 7.56 8.38 8.52 8.49 8.50 8.59 8.70 8.56 8.55 8.58 8.61 8.62 8.62 8.65 8.67 8.71 8.73 8.76 8.78 8.81 8.83 8.89 8.94 8.97 8.99 9.03 9.07 9.11 9.15 9.19 9.23 9.26 9.30 9.36 9.37 9.40 8.04 5.15 4.08 4.42 5.27 5.39 4.81 5.01 5.39 6.73 7.51 6.98 3.85 2.68 2.05 0.10 0.00 0.00 0.00 0.00 -0.00 -0.00 0.00 0.00 0.00 0.00 0.00 0.00 0.00 0.00 0.00 0.00 0.00 0.00 0.00 0.00 0.00 0.00 0.00 0.00 0.00 0.00 0.00 0.00
6.99 6.94 6.96 7.05 7.22 7.78 8.35 8.52 8.49 8.49 8.62 8.60 8.54 8.54 8.56 8.58 8.60 8.62 8.64 8.68 8.71 8.73 8.74 8.77 8.82 8.85 8.89 8.92 8.95 8.99 9.02 9.06 9.11 9.15 9.21 9.24 9.28 9.35 9.35 9.39 5.34 4.86 4.03 4.60 5.11 5.18 4.77 5.04 6.04 7.53 7.55 4.26 3.61 2.55 1.86 0.03 0.00 0.00 0.00 0.00 -0.00 -0.00 0.00 0.00 0.00 0.00 0.00 0.00 0.00 0.00 0.00 0.00 0.00 0.00 0.00 0.00 0.00 0.00 0.00 0.00 0.00 0.00 0.00 0.00
6.90 6.90 6.92 6.96 7.03 7.31 7.70 8.27 8.52 8.51 8.52 8.55 8.54 8.52 8.53 8.53 8.55 8.57 8.59 8.63 8.66 8.68 8.71 8.74 8.79 8.82 8.86 8.89 8.93 8.96 8.99 9.03 9.07 9.10 9.16 9.20 9.25 9.31 9.33 9.38 6.76 4.87 3.90 4.25 5.05 5.14 4.79 5.04 6.26 7.54 5.32 4.01 3.46 2.33 1.60 0.00 0.00 0.00 0.00 0.00 -0.00 0.00 0.00 0.00 0.00 0.00 0.00 0.00 0.00 0.00 0.00 0.00 0.00 0.00 0.00 0.00 0.00 0.00 0.00 0.00 0.00 0.00 0.00 0.00
6.85 6.88 6.89 6.89 6.90 7.03 7.24 7.61 8.19 8.53 8.56 8.49 8.46 8.47 8.49 8.51 8.52 8.54 8.56 8.58 8.62 8.65 8.68 8.73 8.76 8.79 8.83 8.87 8.90 8.93 8.96 9.00 9.03 9.07 9.12 9.16 9.21 9.26 9.30 9.30 6.87 5.00 3.65 4.05 5.05 5.06 4.82 5.07 5.56 7.53 4.36 3.85 3.26 2.10 0.14 0.00 0.00 0.00 0.00 0.00 -0.00 0.00 0.00 0.00 0.00 0.00 0.00 0.00 0.00 0.00 0.00 0.00 0.00 0.00 0.00 0.00 0.00 0.00 0.00 0.00 0.00 0.00 0.00 0.00
6.83 6.85 6.83 6.80 6.82 6.86 6.93 7.04 7.29 7.71 8.35 8.60 8.46 8.42 8.43 8.46 8.49 8.52 8.54 8.55 8.58 8.61 8.64 8.71 8.74 8.77 8.79 8.84 8.87 8.90 8.93 8.97 9.01 9.04 9.08 9.12 9.19 9.21 9.26 6.71 5.62 4.61 3.92 4.29 5.05 5.01 4.86 5.05 5.55 7.49 4.10 3.69 2.75 1.23 0.02 0.00 0.00 0.00 0.00 0.00 -0.00 0.00 0.00 0.00 0.00 0.00 0.00 0.00 0.00 0.00 0.00 0.00 0.00 0.00 0.00 0.00 0.00 0.00 0.00 0.00 0.00 0.00 0.00 0.00
6.77 6.75 6.75 6.77 6.79 6.80 6.85 6.91 7.01 7.21 7.58 8.60 8.59 8.47 8.40 8.40 8.43 8.47 8.50 8.53 8.57 8.58 8.60 8.67 8.71 8.74 8.77 8.81 8.83 8.87 8.90 8.93 8.97 8.98 9.01 9.05 9.09 9.14 7.61 5.15 5.21 4.22 3.92 4.37 5.08 5.04 4.91 4.99 5.60 7.43 3.92 3.49 2.19 0.47 0.00 0.00 0.00 0.00 0.00 0.00 -0.00 0.00 0.00 0.00 0.00 0.00 0.00 0.00 0.00 0.00 0.00 0.00 0.00 0.00 0.00 0.00 0.00 0.00 0.00 0.00 0.00 0.00 0.00 0.00
6.70 6.70 6.71 6.74 6.75 6.76 6.80 6.84 6.89 6.98 7.45 8.01 8.56 8.62 8.53 8.41 8.38 8.40 8.43 8.47 8.54 8.57 8.59 8.61 8.67 8.70 8.71 8.76 8.78 8.81 8.84 8.86 8.90 8.93 8.96 9.01 9.04 9.09 8.86 6.26 4.78 4.09 3.80 4.76 5.16 5.16 5.01 5.02 5.79 7.36 3.64 3.23 1.91 0.36 0.01 0.00 0.00 0.00 0.00 0.00 -0.00 0.00 0.00 0.00 0.00 0.00 0.00 0.00 0.00 0.00 0.00 0.00 0.00 0.00 0.00 0.00 0.00 0.00 0.00 0.00 0.00 0.00 0.00 0.00
6.64 6.66 6.69 6.71 6.71 6.73 6.77 6.79 6.83 6.88 7.08 7.33 7.79 8.58 8.64 8.59 8.48 8.39 8.38 8.41 8.43 8.48 8.52 8.56 8.63 8.66 8.69 8.74 8.77 8.79 8.82 8.84 8.86 8.89 8.92 8.96 8.99 9.03 9.07 8.82 5.25 4.10 3.74 4.97 5.20 5.57 5.26 4.95 6.12 7.20 3.43 3.19 1.91 0.36 0.01 0.00 0.00 0.00 0.00 0.00 -0.00 0.00 0.00 0.00 0.00 0.00 0.00 0.00 0.00 0.00 0.00 0.00 0.00 0.00 0.00 0.00 0.00 0.00 0.00 0.00 0.00 0.00 0.00 0.00
