tsunami_inundation/2550.asc
ncols        89
nrows        96
xllcorner    425855.973699999973
yllcorner    5091051.504999999888
cellsize     55.000000000000
NODATA_value  -9999.00
[rows 37 to 73 of 96, columns 0 to 83 of 89]
6.06 6.30 7.35 7.46 7.41 7.33 7.31 7.33 7.35 7.35 7.36 7.37 7.39 7.41 7.44 7.46 7.49 7.52 7.55 7.58 7.60 7.65 7.71 7.74 7.78 7.81 7.85 7.91 7.94 7.98 8.03 8.08 8.12 8.17 8.22 8.29 8.34 8.40 8.43 8.46 4.72 3.41 3.58 4.85 5.22 5.92 5.87 5.48 7.37 7.59 4.21 3.98 2.79 2.04 0.96 0.02 0.00 0.00 0.00 0.00 -0.00 0.00 0.00 0.00 0.00 0.00 0.00 0.00 0.00 0.00 0.00 0.00 0.00 0.00 0.00 0.00 0.00 0.00 0.00 0.00 0.00 0.00 0.00 0.00
5.87 5.94 6.72 6.32 6.76 7.44 7.48 7.27 7.26 7.31 7.34 7.36 7.36 7.39 7.41 7.43 7.46 7.49 7.53 7.56 7.59 7.63 7.68 7.72 7.75 7.78 7.82 7.86 7.92 7.96 8.00 8.04 8.09 8.13 8.18 8.30 8.32 8.36 8.40 7.42 3.80 3.30 3.59 4.82 5.19 5.56 5.29 5.77 7.45 4.46 4.09 3.74 2.57 1.85 0.65 0.01 0.00 0.00 0.00 0.00 0.00 0.00 0.00 0.00 0.00 0.00 0.00 0.00 0.00 0.00 0.00 0.00 0.00 0.00 0.00 0.00 0.00 0.00 0.00 0.00 0.00 0.00 0.00 0.00
5.82 5.87 5.92 6.02 6.22 6.59 7.17 7.40 7.27 7.24 7.23 7.32 7.35 7.38 7.40 7.41 7.43 7.46 7.49 7.53 7.57 7.61 7.67 7.70 7.73 7.76 7.79 7.83 7.89 7.93 7.97 8.01 8.05 8.09 8.14 8.18 8.28 8.30 8.34 6.41 3.31 3.23 3.92 4.82 5.05 5.34 5.20 6.68 7.40 4.29 3.95 3.53 2.38 1.74 0.49 0.01 0.00 0.00 0.00 0.00 0.00 0.00 0.00 0.00 0.00 0.00 0.00 0.00 0.00 0.00 0.00 0.00 0.00 0.00 0.00 0.00 0.00 0.00 0.00 0.00 0.00 0.00 0.00 0.00
5.79 5.83 5.87 5.92 5.99 6.13 6.42 7.22 7.45 7.46 7.29 7.23 7.24 7.33 7.33 7.41 7.43 7.45 7.47 7.50 7.53 7.58 7.65 7.68 7.71 7.74 7.78 7.81 7.87 7.90 7.94 7.96 7.99 8.03 8.07 8.17 8.20 8.24 8.29 5.24 3.11 3.02 4.27 4.86 5.06 5.29 5.31 7.21 7.30 4.08 3.80 3.41 2.25 1.60 0.35 0.01 0.00 0.00 0.00 0.00 0.00 0.00 0.00 0.00 0.00 0.00 0.00 0.00 0.00 0.00 0.00 0.00 0.00 0.00 0.00 0.00 0.00 0.00 0.00 0.00 0.00 0.00 0.00 0.00
5.77 5.80 5.83 5.87 5.92 5.98 6.08 6.44 6.92 7.37 7.44 7.38 7.29 7.25 7.28 7.37 7.35 7.39 7.47 7.45 7.51 7.55 7.58 7.65 7.67 7.71 7.74 7.77 7.82 7.85 7.88 7.92 7.95 7.99 8.03 8.07 8.16 8.21 8.26 5.01 2.93 2.68 3.97 4.88 5.10 5.06 5.82 7.14 7.17 3.78 3.57 3.18 2.09 1.45 0.16 0.00 0.00 0.00 -0.00 0.00 0.00 0.00 0.00 0.00 0.00 0.00 0.00 0.00 0.00 0.00 0.00 0.00 0.00 0.00 0.00 0.00 0.00 0.00 0.00 0.00 0.00 0.00 0.00 0.00
5.76 5.79 5.82 5.85 5.88 5.93 5.98 6.10 6.61 7.11 7.41 7.42 7.46 7.45 7.39 7.34 7.32 7.34 7.36 7.40 7.49 7.48 7.60 7.63 7.66 7.70 7.73 7.76 7.81 7.84 7.87 7.89 7.93 7.96 7.99 8.08 8.13 8.19 8.05 3.84 3.11 2.96 4.11 4.82 5.14 5.06 6.61 7.09 7.10 3.94 3.42 2.87 1.86 1.33 0.08 0.00 0.00 0.00 0.00 0.00 0.00 0.00 0.00 0.00 0.00 0.00 0.00 0.00 0.00 0.00 0.00 0.00 0.00 0.00 0.00 0.00 0.00 0.00 0.00 0.00 0.00 0.00 0.00 0.00
5.74 5.77 5.80 5.84 5.87 5.90 5.94 5.98 6.06 6.23 6.42 6.75 7.16 7.42 7.48 7.48 7.46 7.43 7.40 7.40 7.42 7.50 7.53 7.57 7.60 7.64 7.70 7.74 7.77 7.82 7.85 7.88 7.91 7.94 7.97 8.00 8.07 8.14 7.91 3.46 3.24 3.11 4.31 4.73 5.01 4.98 7.01 7.04 6.20 3.74 3.13 2.91 2.46 1.49 0.12 0.00 0.00 0.00 0.00 0.00 0.00 0.00 0.00 0.00 0.00 0.00 0.00 0.00 0.00 0.00 0.00 0.00 0.00 0.00 0.00 0.00 0.00 0.00 0.00 0.00 0.00 0.00 0.00 0.00
5.74 5.77 5.80 5.83 5.87 5.90 5.93 5.97 6.03 6.13 6.20 6.30 6.46 6.74 7.09 7.44 7.49 7.51 7.51 7.50 7.50 7.50 7.55 7.58 7.61 7.65 7.69 7.72 7.75 7.81 7.84 7.88 7.91 7.94 8.00 8.02 8.05 8.10 4.98 3.09 2.72 3.31 4.86 4.67 4.70 4.65 6.86 6.90 4.85 3.54 3.01 2.82 2.60 1.51 0.16 0.00 0.00 0.00 0.00 0.00 0.00 0.00 0.00 0.00 0.00 0.00 0.00 0.00 0.00 0.00 0.00 0.00 0.00 0.00 0.00 0.00 0.00 0.00 0.00 0.00 0.00 0.00 0.00 0.00
5.74 5.77 5.81 5.84 5.87 5.90 5.94 5.97 6.06 6.11 6.16 6.21 6.27 6.35 6.48 6.80 7.09 7.34 7.46 7.51 7.52 7.56 7.58 7.61 7.65 7.68 7.72 7.76 7.80 7.82 7.84 7.86 7.89 7.95 7.99 8.06 8.03 7.98 3.85 2.43 2.45 4.19 4.86 4.56 4.59 4.58 6.78 4.15 3.67 3.40 2.98 2.80 2.34 1.40 0.08 0.00 0.00 0.00 0.00 0.00 0.00 0.00 0.00 0.00 0.00 0.00 0.00 0.00 0.00 0.00 0.00 0.00 0.00 0.00 0.00 0.00 0.00 0.00 0.00 0.00 0.00 0.00 0.00 0.00
5.73 5.78 5.81 5.84 5.87 5.90 5.94 5.97 6.06 6.09 6.14 6.18 6.23 6.28 6.33 6.43 6.53 6.67 6.86 7.06 7.24 7.46 7.33 7.40 7.45 7.48 7.51 7.54 7.55 7.56 7.55 7.53 7.50 7.46 7.42 7.37 7.69 6.48 3.13 2.24 3.38 4.33 4.64 4.72 4.55 4.51 6.75 3.89 3.58 3.29 2.92 2.79 2.05 1.29 0.04 0.00 0.00 0.00 0.00 0.00 0.00 0.00 0.00 0.00 0.00 0.00 0.00 0.00 0.00 0.00 0.00 0.00 0.00 0.00 0.00 0.00 0.00 0.00 0.00 0.00 0.00 0.00 0.00 0.00
5.73 5.78 5.81 5.84 5.87 5.90 5.93 5.96 6.05 6.08 6.12 6.16 6.21 6.25 6.30 6.37 6.40 6.44 6.49 6.54 6.59 6.71 6.80 6.85 6.89 6.93 6.96 6.98 7.01 7.04 7.09 7.12 7.14 7.17 7.21 7.28 7.35 5.40 2.43 2.17 3.40 4.47 4.49 4.58 5.25 5.24 6.74 5.84 3.41 3.23 2.98 2.68 1.80 1.10 0.03 0.00 0.00 0.00 0.00 0.00 0.00 0.00 0.00 0.00 0.00 0.00 0.00 0.00 0.00 0.00 0.00 0.00 0.00 0.00 0.00 0.00 0.00 0.00 0.00 0.00 0.00 0.00 0.00 0.00
5.73 5.77 5.80 5.83 5.86 5.89 5.92 5.95 6.03 6.07 6.10 6.14 6.18 6.23 6.27 6.34 6.38 6.42 6.46 6.50 6.54 6.58 6.68 6.72 6.75 6.79 6.83 6.86 6.90 6.94 7.00 7.04 7.08 7.13 7.17 7.25 7.33 5.02 2.18 2.15 3.49 4.48 4.30 4.52 4.83 4.64 6.72 3.55 3.33 3.21 2.96 2.33 1.57 0.34 0.01 0.00 0.00 0.00 0.00 0.00 0.00 0.00 0.00 0.00 0.00 0.00 0.00 0.00 0.00 0.00 0.00 0.00 0.00 0.00 0.00 0.00 0.00 0.00 0.00 0.00 0.00 0.00 0.00 0.00
5.71 5.76 5.79 5.81 5.84 5.87 5.91 5.94 6.02 6.06 6.10 6.14 6.18 6.22 6.26 6.30 6.37 6.41 6.45 6.49 6.53 6.61 6.66 6.70 6.74 6.77 6.81 6.85 6.89 6.93 6.99 7.03 7.07 7.12 7.16 7.24 7.29 3.54 2.06 2.52 4.19 4.67 4.53 4.59 4.51 4.58 6.72 5.90 3.29 3.17 2.89 1.75 1.19 0.08 0.00 0.00 0.00 0.00 0.00 0.00 0.00 0.00 0.00 0.00 0.00 0.00 0.00 0.00 0.00 0.00 0.00 0.00 0.00 0.00 0.00 0.00 0.00 0.00 0.00 0.00 0.00 0.00 0.00 0.00
5.69 5.73 5.77 5.80 5.83 5.87 5.90 5.94 6.02 6.06 6.10 6.14 6.18 6.22 6.26 6.30 6.36 6.40 6.45 6.49 6.53 6.60 6.66 6.70 6.73 6.77 6.81 6.85 6.89 6.93 6.98 7.02 7.06 7.10 7.17 7.22 6.17 2.79 2.55 3.28 4.33 4.59 4.60 4.64 4.58 4.67 6.71 3.56 3.31 3.23 2.58 1.84 1.44 0.09 0.00 0.00 0.00 0.00 0.00 0.00 0.00 0.00 0.00 0.00 0.00 0.00 0.00 0.00 0.00 0.00 0.00 0.00 0.00 0.00 0.00 0.00 0.00 0.00 0.00 0.00 0.00 0.00 0.00 0.00
5.67 5.71 5.76 5.79 5.83 5.87 5.90 5.97 6.03 6.06 6.10 6.14 6.18 6.22 6.25 6.29 6.36 6.40 6.44 6.48 6.56 6.60 6.64 6.69 6.73 6.77 6.81 6.84 6.88 6.92 6.97 7.02 7.06 7.13 7.16 7.16 4.94 2.75 2.99 3.44 3.87 4.23 4.21 4.05 4.31 5.22 6.70 3.60 3.40 3.24 2.50 2.22 1.45 0.08 0.00 0.00 0.00 0.00 0.00 0.00 0.00 0.00 0.00 0.00 0.00 0.00 0.00 0.00 0.00 0.00 0.00 0.00 0.00 0.00 0.00 0.00 0.00 0.00 0.00 0.00 0.00 0.00 0.00 0.00
5.67 5.70 5.76 5.79 5.83 5.87 5.90 5.98 6.03 6.07 6.11 6.14 6.18 6.22 6.26 6.30 6.36 6.39 6.43 6.47 6.55 6.59 6.63 6.68 6.72 6.76 6.79 6.83 6.88 6.92 6.95 7.01 7.05 7.13 7.16 6.92 3.84 2.89 3.74 3.38 3.34 3.51 3.49 3.66 4.45 6.02 6.18 3.61 3.43 3.11 2.44 2.22 1.36 0.06 0.00 0.00 0.00 0.00 0.00 0.00 0.00 0.00 0.00 0.00 0.00 0.00 0.00 0.00 0.00 0.00 0.00 0.00 0.00 0.00 0.00 0.00 0.00 0.00 0.00 0.00 0.00 0.00 0.00 0.00
5.66 5.70 5.75 5.79 5.83 5.87 5.90 5.98 6.02 6.07 6.11 6.15 6.19 6.23 6.27 6.30 6.36 6.40 6.44 6.47 6.51 6.59 6.62 6.68 6.72 6.75 6.79 6.83 6.87 6.91 6.95 7.01 7.05 7.09 7.16 5.95 3.65 2.91 3.84 3.11 2.67 2.70 3.23 4.11 4.84 6.66 6.70 3.46 3.42 3.04 2.49 2.17 1.09 0.03 0.00 0.00 0.00 0.00 0.00 0.00 0.00 0.00 0.00 0.00 0.00 0.00 0.00 0.00 0.00 0.00 0.00 0.00 0.00 0.00 0.00 0.00 0.00 0.00 0.00 0.00 0.00 0.00 0.00 0.00
5.66 5.70 5.75 5.79 5.82 5.86 5.94 5.97 6.00 6.06 6.10 6.14 6.18 6.22 6.26 6.30 6.34 6.40 6.44 6.47 6.55 6.59 6.62 6.68 6.71 6.75 6.78 6.82 6.87 6.91 6.95 7.01 7.05 7.09 7.15 5.68 3.42 2.76 3.89 2.97 2.64 2.70 3.51 4.31 5.12 6.68 5.86 3.32 3.37 2.99 2.62 2.18 0.68 0.01 0.00 0.00 0.00 0.00 0.00 0.00 0.00 0.00 0.00 0.00 0.00 0.00 0.00 0.00 0.00 0.00 0.00 0.00 0.00 0.00 0.00 0.00 0.00 0.00 0.00 0.00 0.00 0.00 0.00 0.00
5.65 5.69 5.75 5.78 5.81 5.84 5.88 5.95 5.98 6.04 6.08 6.13 6.17 6.21 6.25 6.30 6.34 6.40 6.44 6.51 6.55 6.59 6.62 6.68 6.72 6.75 6.79 6.83 6.87 6.91 6.95 7.01 7.05 7.11 7.15 4.38 3.10 2.71 3.66 2.75 2.80 3.40 4.11 4.40 6.14 6.67 5.59 3.38 3.45 2.96 2.36 2.00 0.29 0.01 0.00 0.00 0.00 0.00 0.00 0.00 0.00 0.00 0.00 0.00 0.00 0.00 0.00 0.00 0.00 0.00 0.00 0.00 0.00 0.00 0.00 0.00 0.00 0.00 0.00 0.00 0.00 0.00 0.00 0.00
5.63 5.66 5.69 5.76 5.79 5.82 5.89 5.92 5.96 6.02 6.06 6.10 6.15 6.19 6.24 6.28 6.32 6.39 6.43 6.47 6.55 6.59 6.62 6.66 6.72 6.75 6.79 6.83 6.87 6.91 6.95 7.01 7.05 7.12 5.76 3.36 2.67 3.18 3.49 2.67 2.81 3.56 4.22 4.49 6.63 6.67 4.67 3.44 3.50 2.71 1.96 1.76 0.06 0.00 0.00 0.00 0.00 0.00 0.00 0.00 0.00 0.00 0.00 0.00 0.00 0.00 0.00 0.00 0.00 0.00 0.00 0.00 0.00 0.00 0.00 0.00 0.00 0.00 0.00 0.00 0.00 0.00 0.00 0.00
5.62 5.64 5.67 5.73 5.77 5.79 5.86 5.91 5.94 6.00 6.04 6.09 6.13 6.17 6.22 6.26 6.31 6.37 6.42 6.46 6.55 6.59 6.62 6.66 6.72 6.76 6.80 6.85 6.89 6.92 6.95 6.99 7.09 7.12 5.64 3.04 2.45 3.26 3.21 2.61 2.82 3.82 4.38 5.08 6.63 6.65 3.58 3.45 3.36 2.35 2.01 1.59 0.21 0.00 0.00 0.00 0.00 0.00 0.00 0.00 0.00 0.00 0.00 0.00 0.00 0.00 0.00 0.00 0.00 0.00 0.00 0.00 0.00 0.00 0.00 0.00 0.00 0.00 0.00 0.00 0.00 0.00 0.00 0.00
5.60 5.62 5.65 5.71 5.75 5.78 5.82 5.89 5.92 5.96 6.02 6.07 6.12 6.16 6.20 6.25 6.29 6.36 6.40 6.49 6.53 6.58 6.62 6.66 6.72 6.76 6.81 6.85 6.89 6.93 6.96 7.00 7.09 7.04 4.57 2.85 2.45 3.29 2.96 2.60 3.35 4.17 4.59 5.78 6.61 6.64 3.48 3.40 3.21 2.16 1.81 1.41 0.10 0.00 0.00 0.00 0.00 0.00 0.00 0.00 0.00 0.00 0.00 0.00 0.00 0.00 0.00 0.00 0.00 0.00 0.00 0.00 0.00 0.00 0.00 0.00 0.00 0.00 0.00 0.00 0.00 0.00 0.00 0.00
5.58 5.61 5.64 5.69 5.73 5.76 5.83 5.86 5.90 5.94 6.00 6.04 6.09 6.14 6.19 6.22 6.28 6.32 6.39 6.47 6.52 6.57 6.61 6.66 6.73 6.77 6.81 6.86 6.90 6.94 6.97 7.01 7.05 7.02 4.05 2.89 2.68 3.19 2.98 2.76 4.10 4.54 4.82 5.70 6.60 6.62 3.33 3.29 2.93 1.81 1.52 1.09 0.04 0.00 0.00 0.00 0.00 0.00 0.00 0.00 0.00 0.00 0.00 0.00 0.00 0.00 0.00 0.00 0.00 0.00 0.00 0.00 0.00 0.00 0.00 0.00 0.00 0.00 0.00 0.00 0.00 0.00 0.00 0.00
5.55 5.58 5.61 5.64 5.69 5.73 5.81 5.85 5.88 5.92 5.99 6.03 6.07 6.12 6.16 6.21 6.27 6.30 6.37 6.47 6.51 6.56 6.60 6.65 6.72 6.77 6.82 6.86 6.90 6.94 6.98 7.02 7.06 6.44 3.35 2.84 2.80 3.35 2.87 3.65 4.55 4.71 4.91 6.16 6.55 4.31 3.50 3.39 2.79 1.81 1.55 1.12 0.05 0.00 0.00 0.00 0.00 0.00 0.00 0.00 0.00 0.00 0.00 0.00 0.00 0.00 0.00 0.00 0.00 0.00 0.00 0.00 0.00 0.00 0.00 0.00 0.00 0.00 0.00 0.00 0.00 0.00 0.00 0.00
5.52 5.56 5.60 5.63 5.68 5.71 5.79 5.83 5.87 5.91 5.97 6.02 6.06 6.11 6.15 6.20 6.24 6.29 6.40 6.45 6.50 6.55 6.60 6.64 6.69 6.77 6.82 6.86 6.91 6.95 6.99 7.03 7.07 5.44 3.06 2.66 3.15 3.17 2.94 4.10 4.32 4.37 4.87 6.14 6.52 4.65 3.48 3.18 2.43 1.96 1.60 1.25 0.05 0.00 0.00 0.00 0.00 0.00 0.00 0.00 0.00 0.00 0.00 0.00 0.00 0.00 0.00 0.00 0.00 0.00 0.00 0.00 0.00 0.00 0.00 0.00 0.00 0.00 0.00 0.00 0.00 0.00 0.00 0.00
5.49 5.54 5.59 5.62 5.67 5.70 5.78 5.82 5.86 5.90 5.94 6.01 6.05 6.10 6.14 6.19 6.24 6.28 6.35 6.44 6.49 6.54 6.58 6.63 6.68 6.76 6.80 6.86 6.91 6.95 6.99 7.07 6.47 3.57 2.91 2.55 3.23 2.97 3.28 4.21 4.24 4.38 4.31 5.06 6.49 5.62 3.24 2.97 2.47 1.99 1.75 1.23 0.08 0.00 0.00 0.00 0.00 0.00 0.00 0.00 0.00 0.00 0.00 0.00 0.00 0.00 0.00 0.00 0.00 0.00 0.00 0.00 0.00 0.00 0.00 0.00 0.00 0.00 0.00 0.00 0.00 0.00 0.00 0.00
5.46 5.52 5.57 5.61 5.66 5.70 5.77 5.81 5.85 5.90 5.94 6.00 6.05 6.09 6.14 6.19 6.23 6.28 6.40 6.44 6.49 6.54 6.58 6.63 6.68 6.75 6.80 6.86 6.91 6.95 7.00 7.07 5.05 3.20 2.91 2.53 3.01 3.02 3.59 4.38 4.29 4.85 4.33 5.94 6.46 5.99 3.17 2.79 2.23 2.07 1.76 0.99 0.04 0.00 0.00 0.00 0.00 0.00 0.00 0.00 0.00 0.00 0.00 0.00 0.00 0.00 0.00 0.00 0.00 0.00 0.00 0.00 0.00 0.00 0.00 0.00 0.00 0.00 0.00 0.00 0.00 0.00 0.00 0.00
5.43 5.49 5.54 5.59 5.65 5.69 5.76 5.80 5.84 5.88 5.93 6.00 6.04 6.09 6.14 6.18 6.23 6.28 6.33 6.44 6.49 6.54 6.59 6.64 6.68 6.75 6.81 6.86 6.91 6.96 7.01 7.08 4.58 2.93 2.81 2.64 2.40 2.99 3.82 4.44 4.80 5.34 5.27 5.99 6.41 6.03 2.92 2.41 2.29 2.08 1.47 1.09 0.06 0.00 0.00 0.00 0.00 0.00 0.00 0.00 0.00 0.00 0.00 0.00 0.00 0.00 0.00 0.00 0.00 0.00 0.00 0.00 0.00 0.00 0.00 0.00 0.00 0.00 0.00 0.00 0.00 0.00 0.00 0.00
5.40 5.45 5.51 5.55 5.60 5.71 5.75 5.79 5.83 5.87 5.92 5.99 6.04 6.09 6.14 6.18 6.23 6.28 6.40 6.45 6.50 6.54 6.59 6.64 6.69 6.74 6.81 6.87 6.92 6.97 7.02 7.09 3.59 2.92 2.58 2.49 2.23 3.66 4.21 4.49 4.24 5.27 5.02 5.08 6.37 5.12 2.53 2.68 2.68 2.20 2.27 1.87 0.24 0.00 0.00 0.00 0.00 0.00 0.00 0.00 0.00 0.00 0.00 0.00 0.00 0.00 0.00 0.00 0.00 0.00 0.00 0.00 0.00 0.00 0.00 0.00 0.00 0.00 0.00 0.00 0.00 0.00 0.00 0.00
5.36 5.41 5.46 5.52 5.65 5.70 5.74 5.79 5.83 5.87 5.91 5.98 6.03 6.08 6.13 6.18 6.23 6.27 6.40 6.45 6.50 6.55 6.59 6.64 6.69 6.74 6.82 6.87 6.92 6.98 7.02 7.10 4.21 2.89 2.74 2.49 2.66 3.99 4.25 4.19 4.21 4.15 4.15 4.48 3.63 3.01 2.98 2.84 2.92 2.51 2.35 1.81 0.17 0.00 0.00 0.00 0.00 0.00 0.00 0.00 0.00 0.00 0.00 0.00 0.00 0.00 0.00 0.00 0.00 0.00 0.00 0.00 0.00 0.00 0.00 0.00 0.00 0.00 0.00 0.00 0.00 0.00 0.00 0.00
5.34 5.38 5.43 5.49 5.55 5.69 5.74 5.78 5.83 5.87 5.91 5.95 6.03 6.08 6.13 6.18 6.23 6.27 6.40 6.45 6.49 6.54 6.59 6.64 6.69 6.74 6.83 6.88 6.93 6.99 7.04 7.12 3.99 2.80 2.75 2.50 3.05 4.04 4.21 4.17 4.05 4.07 4.05 4.79 2.83 3.28 3.17 2.65 2.19 2.06 2.00 1.51 0.06 0.00 0.00 0.00 0.00 0.00 0.00 0.00 0.00 0.00 0.00 0.00 0.00 0.00 0.00 0.00 0.00 0.00 0.00 0.00 0.00 0.00 0.00 0.00 0.00 0.00 0.00 0.00 0.00 0.00 0.00 0.00
5.32 5.36 5.41 5.46 5.61 5.67 5.72 5.78 5.82 5.87 5.91 5.95 6.02 6.07 6.12 6.17 6.22 6.31 6.36 6.44 6.49 6.54 6.59 6.63 6.69 6.74 6.83 6.89 6.94 6.99 7.09 7.13 3.90 2.58 2.63 2.57 3.40 3.98 4.14 4.07 4.02 3.96 4.08 4.93 3.22 3.18 2.95 2.39 2.06 1.75 0.81 0.01 0.00 0.00 0.00 0.00 0.00 0.00 0.00 0.00 0.00 0.00 0.00 0.00 0.00 0.00 0.00 0.00 0.00 0.00 0.00 0.00 0.00 0.00 0.00 0.00 0.00 0.00 0.00 0.00 0.00 0.00 0.00 0.00
5.30 5.34 5.38 5.44 5.49 5.64 5.70 5.76 5.81 5.86 5.91 5.95 6.02 6.07 6.12 6.16 6.21 6.30 6.35 6.43 6.48 6.53 6.58 6.63 6.68 6.74 6.83 6.89 6.94 7.00 7.10 7.14 3.76 2.32 2.36 2.77 3.36 3.75 4.00 3.97 3.89 3.96 4.32 4.38 2.94 3.02 2.79 2.27 1.88 1.53 0.28 0.00 0.00 0.00 0.00 0.00 0.00 0.00 0.00 0.00 0.00 0.00 0.00 0.00 0.00 0.00 0.00 0.00 0.00 0.00 0.00 0.00 0.00 0.00 0.00 0.00 0.00 0.00 0.00 0.00 0.00 0.00 0.00 0.00
5.28 5.32 5.36 5.41 5.53 5.61 5.67 5.72 5.79 5.84 5.90 5.95 6.02 6.07 6.11 6.16 6.21 6.25 6.35 6.42 6.47 6.53 6.58 6.63 6.68 6.74 6.80 6.89 6.95 7.00 7.12 7.14 3.72 2.17 2.34 2.72 3.31 3.32 3.74 3.82 3.81 3.96 4.57 2.58 2.72 2.73 2.56 2.27 1.37 0.48 0.01 0.00 0.00 0.00 0.00 0.00 0.00 0.00 0.00 0.00 0.00 0.00 0.00 0.00 0.00 0.00 0.00 0.00 0.00 0.00 0.00 0.00 0.00 0.00 0.00 0.00 0.00 0.00 0.00 0.00 0.00 0.00 0.00 0.00
5.26 5.30 5.34 5.39 5.50 5.58 5.64 5.70 5.76 5.82 5.88 5.93 6.01 6.06 6.11 6.16 6.21 6.25 6.34 6.42 6.47 6.52 6.58 6.63 6.68 6.75 6.81 6.90 6.96 7.02 7.08 6.93 3.44 2.30 2.58 2.78 3.31 3.16 3.35 3.61 3.67 4.12 4.83 2.21 2.33 2.40 2.25 1.96 1.27 0.32 0.00 0.00 0.00 0.00 0.00 0.00 0.00 0.00 0.00 0.00 0.00 0.00 0.00 0.00 0.00 0.00 0.00 0.00 0.00 0.00 0.00 0.00 0.00 0.00 0.00 0.00 0.00 0.00 0.00 0.00 0.00 0.00 0.00 0.00
5.24 5.28 5.33 5.43 5.48 5.56 5.62 5.68 5.74 5.80 5.86 5.91 5.97 6.05 6.10 6.15 6.20 6.30 6.34 6.42 6.47 6.52 6.58 6.64 6.70 6.76 6.83 6.92 6.98 7.04 7.09 5.05 2.72 2.38 2.61 2.53 2.88 3.00 3.34 3.59 3.69 4.26 4.97 3.07 2.16 2.07 1.83 1.67 0.85 0.08 -0.00 -0.00 0.00 0.00 0.00 0.00 0.00 0.00 0.00 0.00 0.00 0.00 0.00 0.00 0.00 0.00 0.00 0.00 0.00 0.00 0.00 0.00 0.00 0.00 0.00 0.00 0.00 0.00 0.00 0.00 0.00 0.00 0.00 0.00
5.22 5.27 5.31 5.42 5.47 5.55 5.60 5.66 5.71 5.77 5.83 5.89 5.95 6.03 6.09 6.14 6.24 6.29 6.34 6.39 6.47 6.52 6.58 6.64 6.71 6.77 6.83 6.92 6.98 7.04 7.08 4.12 2.45 2.31 2.59 2.39 2.50 2.97 3.44 3.83 3.98 4.24 4.80 2.55 3.79 2.72 1.69 1.32 0.09 0.01 -0.00 0.00 0.00 0.00 0.00 0.00 0.00 0.00 0.00 0.00 0.00 0.00 0.00 0.00 0.00 0.00 0.00 0.00 0.00 0.00 0.00 0.00 0.00 0.00 0.00 0.00 0.00 0.00 0.00 0.00 0.00 0.00 0.00 0.00
