tsunami_inundation/2550.asc
ncols        89
nrows        96
xllcorner    425855.973699999973
yllcorner    5091051.504999999888
cellsize     55.000000000000
NODATA_value  -9999.00
[rows 0 to 36 of 96, columns 0 to 83 of 89]
-9999.00 7.20 7.29 7.46 8.10 7.96 8.30 8.27 8.21 8.23 8.30 8.39 8.45 8.47 8.47 8.47 8.49 8.54 8.56 8.57 8.57 8.58 8.59 8.60 8.61 8.63 8.64 8.65 8.68 8.69 8.74 8.78 8.82 8.86 8.91 8.98 9.05 9.12 9.18 9.25 9.24 3.62 1.87 1.15 0.98 0.23 0.07 0.03 0.27 2.51 4.36 4.73 4.85 4.98 5.07 5.12 5.09 4.94 4.32 1.79 1.62 1.22 0.22 0.00 0.00 0.00 0.00 0.00 0.00 0.00 0.00 0.00 0.00 0.00 0.00 0.00 0.00 0.00 0.00 0.00 0.00 0.00 0.00 0.00
-9999.00 7.32 7.49 8.07 8.35 8.39 8.31 8.26 8.41 8.47 8.45 8.48 8.49 8.48 8.50 8.52 8.55 8.56 8.57 8.57 8.58 8.59 8.60 8.62 8.64 8.66 8.68 8.69 8.74 8.76 8.79 8.82 8.87 8.91 8.96 9.05 9.12 9.18 9.24 9.32 9.30 4.01 1.10 1.07 1.03 0.79 0.45 0.17 2.66 4.05 4.44 4.49 4.59 4.71 4.79 4.93 4.74 4.19 3.97 2.00 1.98 1.77 1.36 0.04 0.00 0.00 0.00 0.00 0.00 0.00 0.00 0.00 0.00 0.00 0.00 0.00 0.00 0.00 0.00 0.00 0.00 0.00 0.00 0.00
-9999.00 7.44 8.03 8.35 8.45 8.39 8.36 8.43 8.46 8.47 8.46 8.48 8.48 8.49 8.52 8.54 8.55 8.55 8.56 8.57 8.58 8.61 8.62 8.64 8.67 8.69 8.71 8.73 8.75 8.81 8.84 8.87 8.93 8.97 9.02 9.06 9.15 9.22 9.28 9.34 9.35 2.62 1.23 1.02 0.96 0.88 0.75 2.16 3.69 4.19 4.21 4.24 4.20 4.00 3.70 3.42 3.89 4.21 4.17 2.76 2.29 2.25 1.97 0.33 0.00 0.00 0.00 0.00 0.00 0.00 0.00 0.00 0.00 0.00 0.00 0.00 0.00 0.00 0.00 0.00 0.00 0.00 0.00 0.00
-9999.00 7.60 8.34 8.51 8.47 8.41 8.42 8.44 8.44 8.44 8.44 8.45 8.47 8.47 8.51 8.51 8.53 8.54 8.55 8.57 8.58 8.61 8.63 8.65 8.67 8.69 8.71 8.74 8.82 8.86 8.90 8.94 8.99 9.02 9.06 9.10 9.16 9.22 9.27 9.33 9.38 6.86 1.88 1.17 0.98 0.73 0.65 3.01 3.92 3.95 3.95 3.91 3.79 3.70 3.59 3.25 3.55 4.55 4.70 3.50 2.71 2.48 2.14 0.48 0.00 0.00 0.00 0.00 0.00 0.00 0.00 0.00 0.00 0.00 0.00 0.00 0.00 0.00 0.00 0.00 0.00 0.00 0.00 0.00
-9999.00 7.83 8.54 8.55 8.48 8.43 8.42 8.42 8.41 8.41 8.43 8.44 8.44 8.43 8.45 8.48 8.50 8.51 8.52 8.55 8.56 8.59 8.61 8.63 8.66 8.68 8.70 8.73 8.76 8.86 8.91 8.96 9.01 9.06 9.10 9.14 9.20 9.24 9.28 9.32 9.37 8.38 2.33 1.45 1.19 0.83 1.69 3.54 3.94 3.77 3.58 3.49 3.52 3.60 3.72 3.63 3.32 3.89 4.84 4.15 2.90 2.90 2.06 0.51 0.00 0.00 0.00 0.00 0.00 0.00 0.00 0.00 0.00 0.00 0.00 0.00 0.00 0.00 0.00 0.00 0.00 0.00 0.00 0.00
-9999.00 8.13 8.60 8.52 8.44 8.41 8.39 8.37 8.39 8.40 8.40 8.40 8.41 8.43 8.44 8.46 8.47 8.49 8.51 8.53 8.55 8.58 8.61 8.64 8.65 8.68 8.70 8.73 8.81 8.86 8.91 8.96 9.02 9.07 9.12 9.17 9.24 9.27 9.30 9.33 9.36 8.35 2.77 1.85 1.54 1.13 1.88 3.71 3.77 3.54 3.38 3.56 3.81 4.03 4.11 4.16 3.96 3.17 3.46 3.85 3.20 2.98 2.47 1.09 0.00 0.00 0.00 0.00 0.00 0.00 0.00 0.00 0.00 0.00 0.00 0.00 0.00 0.00 0.00 0.00 0.00 0.00 0.00 0.00
-9999.00 8.63 8.51 8.37 8.31 8.32 8.33 8.36 8.38 8.37 8.38 8.39 8.40 8.42 8.42 8.45 8.47 8.49 8.51 8.52 8.54 8.56 8.60 8.62 8.64 8.67 8.69 8.73 8.79 8.85 8.90 8.95 9.01 9.07 9.12 9.17 9.25 9.29 9.32 9.34 9.35 4.62 3.18 2.47 2.17 1.84 1.47 2.96 3.47 3.41 3.48 3.81 4.11 4.56 4.80 4.57 4.39 4.00 2.24 2.08 2.28 2.62 2.17 1.51 0.26 0.00 0.00 0.00 0.00 0.00 0.00 0.00 0.00 0.00 0.00 0.00 0.00 0.00 0.00 0.00 0.00 0.00 0.00 0.00
-9999.00 8.55 8.37 8.26 8.27 8.29 8.31 8.33 8.34 8.34 8.36 8.37 8.38 8.39 8.41 8.45 8.46 8.48 8.50 8.52 8.54 8.56 8.60 8.62 8.64 8.67 8.69 8.72 8.79 8.85 8.89 8.93 8.98 9.03 9.11 9.16 9.21 9.26 9.29 9.31 9.31 9.31 4.03 2.88 2.55 2.28 2.09 2.79 3.43 3.53 3.69 4.30 4.56 4.84 5.27 5.04 4.83 4.56 2.15 1.20 2.35 2.34 2.16 2.03 2.15 1.19 0.00 0.00 0.00 0.00 0.00 0.00 0.00 0.00 0.00 0.00 0.00 0.00 0.00 0.00 0.00 0.00 0.00 0.00
-9999.00 8.39 8.24 8.24 8.27 8.29 8.28 8.28 8.30 8.31 8.33 8.35 8.36 8.38 8.40 8.44 8.45 8.47 8.50 8.52 8.54 8.57 8.60 8.62 8.64 8.67 8.69 8.75 8.79 8.84 8.87 8.91 8.95 9.00 9.04 9.12 9.13 9.18 9.21 9.23 9.26 6.98 4.80 3.70 2.98 2.74 2.77 3.09 3.50 3.80 4.23 4.78 5.12 5.30 5.47 5.48 5.17 4.84 2.09 1.22 1.20 2.64 2.47 2.18 2.09 2.26 0.02 0.00 0.00 0.00 0.00 0.00 0.00 0.00 0.00 0.00 0.00 0.00 0.00 0.00 0.00 0.00 0.00 0.00
-9999.00 8.44 8.21 8.24 8.28 8.28 8.26 8.26 8.27 8.28 8.30 8.32 8.34 8.36 8.38 8.43 8.45 8.47 8.49 8.51 8.53 8.56 8.58 8.61 8.64 8.66 8.69 8.71 8.78 8.83 8.86 8.89 8.93 8.97 9.01 9.05 9.09 9.14 9.17 9.18 9.16 7.91 5.47 4.38 3.60 3.45 3.98 3.92 3.61 3.73 4.49 5.07 5.50 5.73 5.90 5.85 5.70 4.04 2.02 1.85 1.66 1.39 0.65 0.39 1.42 1.68 0.00 0.00 0.00 0.00 0.00 0.00 0.00 0.00 0.00 0.00 0.00 0.00 0.00 0.00 0.00 0.00 0.00 0.00
-9999.00 8.35 8.23 8.26 8.26 8.25 8.25 8.25 8.27 8.28 8.29 8.31 8.32 8.34 8.36 8.41 8.44 8.46 8.48 8.50 8.53 8.55 8.57 8.61 8.63 8.65 8.67 8.70 8.76 8.79 8.84 8.88 8.91 8.95 8.99 9.02 9.06 9.11 9.13 9.13 9.11 8.78 8.46 7.01 4.40 4.89 5.20 4.39 4.16 4.00 4.44 5.30 5.78 5.99 6.38 6.40 5.42 3.38 2.55 2.67 2.31 1.80 0.88 0.03 0.52 1.33 0.00 0.00 0.00 0.00 0.00 0.00 0.00 0.00 0.00 0.00 0.00 0.00 0.00 0.00 0.00 0.00 0.00 0.00
-9999.00 8.20 8.25 8.26 8.24 8.24 8.25 8.27 8.28 8.30 8.31 8.32 8.33 8.35 8.38 8.42 8.44 8.46 8.48 8.51 8.53 8.55 8.57 8.61 8.63 8.65 8.67 8.72 8.74 8.77 8.82 8.86 8.90 8.94 8.97 9.01 9.04 9.07 9.09 9.09 9.06 8.71 8.43 8.00 7.12 6.16 5.99 5.63 5.24 4.52 4.39 6.40 6.63 6.60 6.69 6.75 5.30 3.31 2.59 2.91 2.56 2.22 1.48 0.12 0.02 0.66 0.00 0.00 0.00 0.00 0.00 0.00 0.00 0.00 0.00 0.00 0.00 0.00 0.00 0.00 0.00 0.00 0.00 0.00
8.21 8.21 8.22 8.23 8.24 8.25 8.27 8.27 8.28 8.31 8.33 8.35 8.36 8.39 8.40 8.43 8.45 8.47 8.50 8.52 8.55 8.57 8.59 8.63 8.65 8.67 8.69 8.73 8.75 8.77 8.82 8.85 8.89 8.93 8.97 8.99 9.02 9.03 9.04 9.03 8.89 8.67 8.38 7.99 7.08 6.70 6.52 6.10 5.51 4.72 3.87 6.13 6.99 6.89 7.26 6.96 4.63 3.37 2.87 2.98 2.65 2.15 1.46 0.14 0.00 0.22 0.00 0.00 0.00 0.00 0.00 0.00 0.00 0.00 0.00 0.00 0.00 0.00 0.00 0.00 0.00 0.00 0.00 0.00
8.29 8.21 8.20 8.21 8.24 8.27 8.29 8.29 8.29 8.32 8.34 8.35 8.37 8.38 8.41 8.42 8.45 8.47 8.50 8.52 8.55 8.58 8.61 8.65 8.67 8.70 8.72 8.76 8.80 8.82 8.84 8.86 8.89 8.91 8.94 8.97 8.99 9.00 9.00 8.94 8.85 8.65 8.36 7.96 7.44 7.09 6.95 6.52 5.72 4.83 4.24 5.31 7.22 7.37 7.48 6.33 4.35 3.32 3.63 3.11 2.81 2.19 1.49 0.26 0.00 0.18 0.00 0.00 0.00 0.00 0.00 0.00 0.00 0.00 0.00 0.00 0.00 0.00 0.00 0.00 0.00 0.00 0.00 0.00
8.33 8.23 8.21 8.22 8.25 8.27 8.28 8.29 8.29 8.31 8.32 8.32 8.33 8.36 8.38 8.40 8.43 8.45 8.47 8.50 8.53 8.56 8.57 8.60 8.65 8.69 8.73 8.79 8.82 8.84 8.87 8.89 8.90 8.91 8.93 8.94 8.96 8.96 8.96 8.89 8.81 8.68 8.34 7.93 7.62 7.31 7.18 6.98 5.92 4.69 4.24 5.24 7.47 7.53 7.63 5.73 4.02 3.29 3.71 3.16 2.72 2.18 1.88 0.40 0.01 0.07 0.00 0.00 0.00 0.00 0.00 0.00 0.00 0.00 0.00 0.00 0.00 0.00 0.00 0.00 0.00 0.00 0.00 0.00
8.32 8.25 8.24 8.27 8.26 8.24 8.24 8.25 8.26 8.27 8.28 8.28 8.28 8.30 8.32 8.30 8.34 8.36 8.39 8.42 8.45 8.48 8.52 8.55 8.61 8.64 8.68 8.76 8.80 8.83 8.86 8.91 8.93 8.93 8.94 8.94 8.94 8.93 8.92 8.90 8.78 8.64 8.38 8.06 7.87 7.43 7.15 7.10 6.30 4.98 4.01 5.33 7.26 7.71 7.67 5.83 3.17 3.26 3.66 3.30 2.57 2.22 1.56 0.11 0.00 0.00 0.00 0.00 0.00 0.00 0.00 0.00 0.00 0.00 0.00 0.00 0.00 0.00 0.00 0.00 0.00 0.00 0.00 0.00
8.24 8.21 8.26 8.28 8.25 8.22 8.20 8.19 8.19 8.16 8.17 8.18 8.19 8.20 8.22 8.24 8.27 8.30 8.32 8.35 8.39 8.42 8.45 8.49 8.55 8.59 8.62 8.70 8.74 8.79 8.83 8.89 8.92 8.95 8.96 8.96 8.95 8.94 8.92 8.89 8.76 8.63 8.42 8.19 8.05 7.49 6.97 6.80 6.24 5.37 4.74 6.35 7.19 7.70 7.07 5.71 3.06 3.68 3.77 3.35 2.99 2.34 1.62 0.14 0.00 0.00 0.00 0.00 0.00 0.00 0.00 0.00 0.00 0.00 0.00 0.00 0.00 0.00 0.00 0.00 0.00 0.00 0.00 0.00
8.12 8.14 8.17 8.18 8.17 8.15 8.14 8.12 8.11 8.10 8.11 8.12 8.13 8.15 8.18 8.20 8.23 8.25 8.28 8.30 8.33 8.36 8.39 8.43 8.48 8.52 8.60 8.64 8.68 8.73 8.77 8.84 8.89 8.94 8.97 8.99 8.99 8.97 8.94 8.89 8.77 8.65 8.51 8.33 8.17 7.48 6.77 6.34 6.16 5.66 6.16 6.57 7.26 7.51 6.55 5.22 3.16 3.85 3.57 3.39 2.98 2.12 1.37 0.07 0.00 0.00 0.00 0.00 0.00 0.00 0.00 0.00 0.00 0.00 0.00 0.00 0.00 0.00 0.00 0.00 0.00 0.00 0.00 0.00
7.90 7.98 8.04 8.06 8.07 8.08 8.09 8.08 8.08 8.08 8.08 8.08 8.09 8.13 8.15 8.17 8.19 8.23 8.25 8.28 8.30 8.33 8.36 8.39 8.44 8.47 8.51 8.58 8.62 8.67 8.71 8.79 8.84 8.86 8.91 8.95 8.98 8.98 8.98 8.88 8.80 8.70 8.58 8.44 8.24 7.81 6.08 5.63 6.09 6.46 6.57 6.67 6.71 7.13 6.76 4.71 2.97 3.60 3.03 3.25 2.53 1.69 0.54 0.00 0.00 0.00 0.00 0.00 0.00 0.00 0.00 0.00 0.00 0.00 0.00 0.00 0.00 0.00 0.00 0.00 0.00 0.00 0.00 0.00
7.83 7.79 7.80 7.84 7.87 7.89 8.01 8.03 8.05 8.06 8.07 8.07 8.08 8.10 8.12 8.14 8.16 8.20 8.22 8.25 8.28 8.31 8.34 8.37 8.40 8.48 8.50 8.54 8.57 8.60 8.64 8.70 8.74 8.79 8.84 8.89 8.92 8.95 8.96 8.95 8.85 8.77 8.66 8.52 8.31 7.67 3.07 4.18 6.20 6.52 6.61 6.66 6.72 6.94 7.17 4.09 2.94 3.41 2.82 2.76 2.00 1.53 0.77 0.13 0.00 0.00 0.00 0.00 0.00 0.00 0.00 0.00 0.00 0.00 0.00 0.00 0.00 0.00 0.00 0.00 0.00 0.00 0.00 0.00
7.78 7.74 7.75 7.79 7.80 7.81 7.93 7.96 7.99 8.02 7.97 8.05 8.06 8.08 8.09 8.10 8.12 8.16 8.18 8.21 8.22 8.25 8.28 8.31 8.35 8.40 8.47 8.51 8.54 8.57 8.61 8.64 8.69 8.73 8.78 8.82 8.86 8.89 8.91 8.90 8.86 8.79 8.72 8.62 7.41 4.16 2.43 4.34 5.87 6.50 6.62 6.67 6.71 6.88 7.06 3.42 2.90 3.11 2.53 2.17 1.89 0.65 0.51 0.11 0.00 0.00 0.00 0.00 0.00 0.00 0.00 0.00 0.00 0.00 0.00 0.00 0.00 0.00 0.00 0.00 0.00 0.00 0.00 0.00
7.74 7.72 7.73 7.75 7.74 7.75 7.76 7.74 7.77 7.79 7.81 8.00 7.92 8.01 8.03 8.05 8.07 8.10 8.13 8.15 8.18 8.21 8.24 8.27 8.31 8.40 8.43 8.47 8.51 8.54 8.58 8.61 8.67 8.70 8.73 8.75 8.78 8.81 8.84 8.84 8.82 8.82 8.77 8.72 5.90 3.45 2.07 4.16 5.18 5.49 6.03 6.77 6.81 6.93 6.20 2.40 2.05 2.24 1.97 1.79 1.39 0.00 0.10 0.01 0.00 0.00 0.00 0.00 0.00 0.00 0.00 0.00 0.00 0.00 0.00 0.00 0.00 0.00 0.00 0.00 0.00 0.00 0.00 0.00
7.72 7.69 7.70 7.70 7.68 7.67 7.67 7.68 7.70 7.72 7.74 7.78 7.81 7.87 7.97 8.00 7.96 8.00 8.09 8.12 8.14 8.17 8.20 8.24 8.27 8.35 8.39 8.43 8.46 8.50 8.54 8.58 8.62 8.65 8.67 8.68 8.70 8.72 8.75 8.78 8.78 8.79 8.78 8.76 3.86 2.93 2.56 4.51 4.76 4.68 5.16 6.89 6.93 6.98 5.34 2.04 1.55 1.25 1.19 1.07 0.13 0.00 0.00 0.00 0.00 0.00 0.00 0.00 0.00 0.00 0.00 0.00 0.00 0.00 0.00 0.00 0.00 0.00 0.00 0.00 0.00 0.00 0.00 0.00
7.71 7.66 7.66 7.66 7.65 7.64 7.64 7.64 7.65 7.67 7.68 7.72 7.77 7.79 7.82 7.85 7.89 7.92 7.97 8.07 8.03 8.13 8.16 8.19 8.23 8.31 8.34 8.37 8.41 8.44 8.48 8.51 8.55 8.58 8.61 8.62 8.64 8.66 8.67 8.74 8.74 8.78 8.81 6.34 3.40 2.92 3.60 4.85 4.96 4.90 5.52 6.79 7.04 7.05 4.64 2.07 1.61 0.84 0.05 0.04 0.00 0.00 0.00 0.00 0.00 0.00 0.00 0.00 0.00 0.00 0.00 0.00 0.00 0.00 0.00 0.00 0.00 0.00 0.00 0.00 0.00 0.00 0.00 0.00
7.69 7.62 7.62 7.63 7.63 7.62 7.62 7.62 7.63 7.64 7.65 7.67 7.71 7.73 7.76 7.78 7.81 7.85 7.89 7.93 7.96 7.99 8.03 8.06 8.10 8.10 8.18 8.31 8.34 8.37 8.40 8.40 8.45 8.49 8.53 8.57 8.61 8.65 8.70 8.73 8.75 8.78 8.83 5.92 3.39 3.78 4.82 5.02 5.05 5.04 5.79 7.21 7.17 7.21 3.89 2.12 1.64 1.08 0.04 0.00 0.00 -0.00 0.00 0.00 0.00 0.00 0.00 0.00 0.00 0.00 0.00 0.00 0.00 0.00 0.00 0.00 0.00 0.00 0.00 0.00 0.00 0.00 0.00 0.00
7.67 7.60 7.59 7.60 7.61 7.61 7.60 7.61 7.61 7.62 7.62 7.64 7.67 7.69 7.71 7.73 7.76 7.79 7.81 7.84 7.88 7.91 7.94 7.98 8.05 8.10 8.14 8.22 8.22 8.26 8.32 8.36 8.39 8.45 8.50 8.55 8.60 8.65 8.69 8.74 8.76 8.78 8.69 5.09 3.67 4.58 5.06 5.25 5.22 5.10 5.87 7.32 7.30 7.30 3.27 2.17 1.68 1.37 0.07 0.00 0.00 0.00 0.00 0.00 0.00 0.00 0.00 0.00 0.00 0.00 0.00 0.00 0.00 0.00 0.00 0.00 0.00 0.00 0.00 0.00 0.00 0.00 0.00 0.00
7.64 7.60 7.57 7.58 7.59 7.59 7.58 7.58 7.59 7.60 7.61 7.62 7.64 7.65 7.67 7.69 7.71 7.74 7.78 7.81 7.84 7.87 7.90 7.94 7.97 8.07 8.11 8.15 8.19 8.23 8.28 8.33 8.38 8.45 8.50 8.55 8.60 8.65 8.74 8.76 8.77 8.78 8.43 4.54 3.96 5.08 5.12 5.31 5.29 5.22 6.12 7.42 7.42 6.12 2.67 2.00 1.59 0.95 0.02 0.00 0.00 -0.00 0.00 0.00 0.00 0.00 0.00 0.00 0.00 0.00 0.00 0.00 0.00 0.00 0.00 0.00 0.00 0.00 0.00 0.00 0.00 0.00 0.00 0.00
7.61 7.58 7.56 7.55 7.56 7.55 7.55 7.55 7.56 7.57 7.59 7.62 7.63 7.64 7.66 7.68 7.70 7.72 7.75 7.79 7.82 7.85 7.89 7.92 7.99 8.05 8.09 8.14 8.18 8.22 8.27 8.32 8.37 8.45 8.50 8.55 8.59 8.64 8.74 8.72 8.77 8.78 7.58 3.95 4.15 5.28 5.22 5.35 5.36 5.95 7.52 7.51 6.97 3.47 2.64 2.10 1.55 0.29 0.01 0.00 -0.00 -0.00 0.00 0.00 0.00 0.00 0.00 0.00 0.00 0.00 0.00 0.00 0.00 0.00 0.00 0.00 0.00 0.00 0.00 0.00 0.00 0.00 0.00 0.00
7.60 7.53 7.51 7.52 7.52 7.52 7.53 7.53 7.54 7.55 7.57 7.60 7.62 7.63 7.65 7.66 7.68 7.71 7.73 7.78 7.81 7.84 7.87 7.91 7.94 8.02 8.08 8.13 8.17 8.21 8.26 8.31 8.36 8.44 8.49 8.53 8.57 8.62 8.68 8.71 8.76 8.31 3.81 3.64 5.08 5.39 5.24 5.38 5.44 6.39 7.53 7.55 5.01 3.05 2.55 1.97 1.47 0.09 0.00 0.00 -0.00 -0.00 0.00 0.00 0.00 0.00 0.00 0.00 0.00 0.00 0.00 0.00 0.00 0.00 0.00 0.00 0.00 0.00 0.00 0.00 0.00 0.00 0.00 0.00
7.62 7.53 7.48 7.48 7.50 7.51 7.50 7.51 7.52 7.53 7.54 7.58 7.60 7.61 7.63 7.65 7.67 7.69 7.72 7.76 7.79 7.83 7.86 7.89 7.93 8.01 8.07 8.12 8.15 8.19 8.24 8.28 8.33 8.38 8.45 8.50 8.56 8.66 8.68 8.72 7.36 4.53 3.55 3.99 5.05 5.38 5.14 5.23 5.50 6.84 7.60 7.07 4.02 3.04 2.67 1.73 1.12 0.03 0.00 0.00 -0.00 -0.00 0.00 0.00 0.00 0.00 0.00 0.00 0.00 0.00 0.00 0.00 0.00 0.00 0.00 0.00 0.00 0.00 0.00 0.00 0.00 0.00 0.00 0.00
7.62 7.56 7.47 7.44 7.46 7.49 7.49 7.49 7.50 7.51 7.54 7.55 7.57 7.59 7.61 7.63 7.65 7.67 7.70 7.74 7.77 7.81 7.83 7.87 7.94 7.98 8.05 8.09 8.13 8.17 8.22 8.26 8.31 8.36 8.44 8.49 8.54 8.64 8.67 8.72 4.71 4.27 3.51 4.20 4.95 5.33 5.13 5.23 6.18 7.67 7.65 4.46 3.83 2.97 2.61 1.70 0.54 0.01 0.00 0.00 -0.00 -0.00 0.00 0.00 0.00 0.00 0.00 0.00 0.00 0.00 0.00 0.00 0.00 0.00 0.00 0.00 0.00 0.00 0.00 0.00 0.00 0.00 0.00 0.00
7.52 7.57 7.51 7.43 7.42 7.46 7.48 7.48 7.48 7.49 7.52 7.53 7.55 7.57 7.59 7.60 7.62 7.64 7.67 7.71 7.74 7.78 7.81 7.85 7.92 7.96 8.02 8.06 8.10 8.15 8.19 8.24 8.30 8.35 8.43 8.48 8.53 8.61 8.65 8.71 6.12 4.30 3.40 3.91 4.98 5.36 5.18 5.23 6.40 7.70 5.50 4.29 3.78 2.99 2.53 1.55 0.22 0.00 0.00 0.00 -0.00 0.00 0.00 0.00 0.00 0.00 0.00 0.00 0.00 0.00 0.00 0.00 0.00 0.00 0.00 0.00 0.00 0.00 0.00 0.00 0.00 0.00 0.00 0.00
7.36 7.50 7.53 7.47 7.40 7.41 7.45 7.47 7.47 7.47 7.49 7.51 7.53 7.54 7.56 7.58 7.60 7.63 7.65 7.68 7.72 7.75 7.79 7.87 7.90 7.94 8.01 8.05 8.09 8.13 8.17 8.22 8.28 8.33 8.41 8.46 8.51 8.59 8.63 8.65 6.25 4.46 3.19 3.78 5.07 5.35 5.24 5.27 5.70 7.74 4.69 4.24 3.67 2.91 2.30 0.92 0.02 0.00 0.00 0.00 -0.00 0.00 0.00 0.00 0.00 0.00 0.00 0.00 0.00 0.00 0.00 0.00 0.00 0.00 0.00 0.00 0.00 0.00 0.00 0.00 0.00 0.00 0.00 0.00
7.30 7.37 7.48 7.48 7.45 7.37 7.38 7.41 7.44 7.45 7.45 7.48 7.51 7.52 7.54 7.56 7.59 7.61 7.63 7.66 7.70 7.74 7.77 7.84 7.88 7.93 7.97 8.03 8.07 8.11 8.16 8.21 8.25 8.30 8.38 8.43 8.53 8.56 8.61 6.11 5.04 4.11 3.50 4.13 5.17 5.36 5.28 5.30 5.71 7.71 4.52 4.19 3.35 2.74 2.16 1.10 0.00 0.00 0.00 0.00 -0.00 0.00 0.00 0.00 0.00 0.00 0.00 0.00 0.00 0.00 0.00 0.00 0.00 0.00 0.00 0.00 0.00 0.00 0.00 0.00 0.00 0.00 0.00 0.00
7.36 7.32 7.33 7.39 7.43 7.41 7.37 7.37 7.39 7.42 7.44 7.45 7.48 7.50 7.52 7.55 7.57 7.59 7.62 7.64 7.69 7.72 7.75 7.82 7.86 7.90 7.94 8.01 8.05 8.09 8.14 8.18 8.23 8.26 8.31 8.39 8.44 8.53 7.00 4.57 4.66 3.74 3.55 4.27 5.22 5.37 5.31 5.34 5.81 7.70 4.45 4.12 3.18 2.67 1.97 0.33 0.00 0.00 0.00 0.00 -0.00 0.00 0.00 0.00 0.00 0.00 0.00 0.00 0.00 0.00 0.00 0.00 0.00 0.00 0.00 0.00 0.00 0.00 0.00 0.00 0.00 0.00 0.00 0.00
7.36 7.38 7.34 7.33 7.36 7.39 7.38 7.36 7.36 7.38 7.42 7.44 7.45 7.48 7.50 7.52 7.55 7.58 7.60 7.63 7.67 7.70 7.73 7.76 7.84 7.88 7.90 7.96 8.00 8.04 8.09 8.14 8.19 8.24 8.29 8.36 8.41 8.49 8.26 5.68 4.26 3.63 3.51 4.68 5.27 5.44 5.37 5.45 6.17 7.67 4.38 4.11 3.06 2.53 1.76 0.10 0.00 0.00 0.00 0.00 -0.00 0.00 0.00 0.00 0.00 0.00 0.00 0.00 0.00 0.00 0.00 0.00 0.00 0.00 0.00 0.00 0.00 0.00 0.00 0.00 0.00 0.00 0.00 0.00
6.93 7.36 7.42 7.37 7.33 7.33 7.36 7.36 7.36 7.36 7.38 7.40 7.43 7.46 7.48 7.50 7.52 7.55 7.58 7.61 7.64 7.67 7.70 7.73 7.80 7.84 7.87 7.93 7.97 8.01 8.06 8.11 8.16 8.21 8.25 8.33 8.37 8.44 8.48 8.23 4.71 3.65 3.52 4.91 5.30 5.82 5.59 5.40 6.62 7.65 4.31 4.14 3.01 2.41 1.54 0.05 0.00 0.00 0.00 0.00 -0.00 0.00 0.00 0.00 0.00 0.00 0.00 0.00 0.00 0.00 0.00 0.00 0.00 0.00 0.00 0.00 0.00 0.00 0.00 0.00 0.00 0.00 0.00 0.00
