tsunami_inundation/2580.asc
ncols        89
nrows        96
xllcorner    425855.973699999973
yllcorner    5091051.504999999888
cellsize     55.000000000000
NODATA_value  -9999.00
[rows 37 to 73 of 96, columns 0 to 83 of 89]
6.43 6.47 6.48 6.49 6.51 6.53 6.56 6.58 6.59 6.63 6.65 6.66 6.68 6.71 6.73 6.75 6.78 6.80 6.82 6.85 6.87 6.91 6.97 7.00 7.03 7.07 7.11 7.17 7.22 7.26 7.31 7.36 7.42 7.47 7.52 7.60 7.66 7.75 7.80 7.85 4.16 3.04 3.59 4.94 5.32 5.96 5.89 5.52 7.38 7.55 4.25 4.09 3.02 2.56 2.21 1.84 0.05 0.00 0.00 0.00 0.00 0.00 0.00 0.00 0.00 0.00 0.00 0.00 0.00 0.00 0.00 0.00 0.00 0.00 0.00 0.00 0.00 0.00 0.00 0.00 0.00 0.00 0.00 0.00
6.42 6.44 6.50 6.51 6.53 6.53 6.55 6.58 6.60 6.63 6.65 6.67 6.68 6.71 6.73 6.75 6.77 6.79 6.82 6.84 6.86 6.90 6.96 6.99 7.03 7.06 7.10 7.14 7.20 7.25 7.30 7.35 7.40 7.45 7.50 7.64 7.67 7.73 7.78 6.82 3.27 2.98 3.62 4.93 5.32 5.70 5.39 5.83 7.50 4.54 4.21 3.92 2.89 2.45 2.10 1.51 0.01 0.00 0.00 0.00 0.00 0.00 0.00 0.00 0.00 0.00 0.00 0.00 0.00 0.00 0.00 0.00 0.00 0.00 0.00 0.00 0.00 0.00 0.00 0.00 0.00 0.00 0.00 0.00
6.44 6.44 6.45 6.48 6.51 6.53 6.55 6.58 6.60 6.63 6.65 6.67 6.68 6.71 6.73 6.75 6.77 6.79 6.81 6.84 6.86 6.90 6.96 6.99 7.02 7.05 7.09 7.13 7.19 7.24 7.29 7.34 7.38 7.44 7.49 7.54 7.65 7.70 7.75 5.85 2.85 2.93 3.89 4.89 5.15 5.49 5.38 6.79 7.47 4.44 4.15 3.81 2.80 2.40 2.01 1.34 0.05 0.00 0.00 0.00 0.00 0.00 0.00 0.00 0.00 0.00 0.00 0.00 0.00 0.00 0.00 0.00 0.00 0.00 0.00 0.00 0.00 0.00 0.00 0.00 0.00 0.00 0.00 0.00
6.44 6.44 6.45 6.46 6.47 6.50 6.53 6.56 6.58 6.59 6.63 6.65 6.67 6.70 6.72 6.75 6.77 6.79 6.81 6.83 6.86 6.90 6.96 6.99 7.02 7.05 7.09 7.12 7.19 7.23 7.28 7.31 7.36 7.41 7.46 7.58 7.62 7.68 7.73 4.70 2.69 2.77 4.21 4.90 5.16 5.45 5.51 7.38 7.43 4.33 4.10 3.77 2.71 2.31 1.89 1.02 0.03 0.00 0.00 0.00 0.00 0.00 0.00 0.00 0.00 0.00 0.00 0.00 0.00 0.00 0.00 0.00 0.00 0.00 0.00 0.00 0.00 0.00 0.00 0.00 0.00 0.00 0.00 0.00
6.39 6.42 6.44 6.45 6.46 6.48 6.50 6.53 6.56 6.58 6.62 6.64 6.66 6.68 6.71 6.74 6.75 6.77 6.80 6.81 6.85 6.89 6.92 6.98 7.01 7.04 7.07 7.11 7.16 7.20 7.25 7.29 7.34 7.39 7.44 7.49 7.60 7.66 7.70 4.48 2.55 2.50 3.85 4.87 5.20 5.23 6.04 7.34 7.38 4.10 3.92 3.57 2.59 2.19 1.59 0.74 0.02 0.00 -0.00 0.00 0.00 0.00 0.00 0.00 0.00 0.00 0.00 0.00 0.00 0.00 0.00 0.00 0.00 0.00 0.00 0.00 0.00 0.00 0.00 0.00 0.00 0.00 0.00 0.00
6.36 6.38 6.41 6.44 6.47 6.48 6.49 6.51 6.55 6.58 6.60 6.62 6.64 6.67 6.70 6.71 6.73 6.75 6.77 6.80 6.84 6.85 6.94 6.97 7.00 7.03 7.06 7.10 7.15 7.18 7.23 7.27 7.32 7.37 7.41 7.53 7.57 7.63 7.49 3.35 2.80 2.83 3.99 4.76 5.19 5.20 6.81 7.29 7.32 4.27 3.83 3.33 2.42 2.07 1.36 0.46 0.00 0.00 0.00 0.00 0.00 0.00 0.00 0.00 0.00 0.00 0.00 0.00 0.00 0.00 0.00 0.00 0.00 0.00 0.00 0.00 0.00 0.00 0.00 0.00 0.00 0.00 0.00 0.00
6.45 6.37 6.38 6.40 6.44 6.46 6.49 6.51 6.53 6.56 6.57 6.60 6.62 6.65 6.69 6.71 6.73 6.75 6.77 6.79 6.81 6.88 6.91 6.94 6.97 7.00 7.05 7.09 7.12 7.17 7.20 7.25 7.29 7.34 7.39 7.44 7.54 7.60 7.37 3.03 3.00 3.02 4.26 4.72 5.06 5.11 7.19 7.24 6.43 4.13 3.62 3.43 2.98 2.08 1.46 0.76 0.03 0.00 0.00 0.00 0.00 0.00 0.00 0.00 0.00 0.00 0.00 0.00 0.00 0.00 0.00 0.00 0.00 0.00 0.00 0.00 0.00 0.00 0.00 0.00 0.00 0.00 0.00 0.00
6.59 6.58 6.50 6.41 6.40 6.42 6.45 6.49 6.53 6.56 6.58 6.59 6.61 6.63 6.65 6.69 6.72 6.74 6.77 6.79 6.81 6.83 6.90 6.93 6.96 6.99 7.02 7.06 7.10 7.15 7.19 7.21 7.26 7.31 7.41 7.47 7.51 7.56 4.46 2.68 2.55 3.34 5.00 4.86 4.90 4.90 7.11 7.14 5.11 3.93 3.47 3.29 3.04 1.99 1.52 0.91 0.02 0.00 0.00 0.00 0.00 0.00 0.00 0.00 0.00 0.00 0.00 0.00 0.00 0.00 0.00 0.00 0.00 0.00 0.00 0.00 0.00 0.00 0.00 0.00 0.00 0.00 0.00 0.00
6.33 6.59 6.60 6.56 6.47 6.42 6.43 6.44 6.52 6.55 6.58 6.60 6.61 6.63 6.65 6.68 6.70 6.72 6.75 6.78 6.81 6.87 6.89 6.92 6.95 6.97 7.01 7.04 7.08 7.12 7.15 7.18 7.20 7.28 7.33 7.39 7.45 7.49 3.49 2.33 2.55 4.37 5.06 4.78 4.82 4.81 7.02 4.40 3.96 3.75 3.40 3.22 2.73 1.85 1.59 0.79 0.01 0.00 0.00 0.00 0.00 0.00 0.00 0.00 0.00 0.00 0.00 0.00 0.00 0.00 0.00 0.00 0.00 0.00 0.00 0.00 0.00 0.00 0.00 0.00 0.00 0.00 0.00 0.00
5.53 6.10 6.52 6.61 6.59 6.55 6.47 6.44 6.47 6.50 6.54 6.58 6.61 6.63 6.65 6.68 6.70 6.72 6.74 6.76 6.79 6.84 6.88 6.90 6.93 6.96 6.99 7.02 7.05 7.10 7.13 7.16 7.18 7.20 7.22 7.31 7.42 6.47 3.04 2.31 3.51 4.51 4.85 4.96 4.81 4.76 6.95 4.11 3.82 3.57 3.26 3.14 2.41 1.87 1.67 0.59 0.01 0.00 0.00 0.00 0.00 0.00 0.00 0.00 0.00 0.00 0.00 0.00 0.00 0.00 0.00 0.00 0.00 0.00 0.00 0.00 0.00 0.00 0.00 0.00 0.00 0.00 0.00 0.00
5.31 5.55 5.86 6.30 6.57 6.60 6.59 6.55 6.45 6.47 6.49 6.52 6.55 6.59 6.63 6.67 6.68 6.71 6.73 6.76 6.78 6.84 6.88 6.91 6.93 6.96 6.99 7.02 7.05 7.08 7.13 7.16 7.18 7.20 7.21 7.25 7.34 5.39 2.44 2.26 3.49 4.54 4.67 4.64 5.35 5.47 6.90 5.99 3.59 3.43 3.21 2.94 2.15 1.83 1.52 0.29 0.00 0.00 0.00 0.00 0.00 0.00 0.00 0.00 0.00 0.00 0.00 0.00 0.00 0.00 0.00 0.00 0.00 0.00 0.00 0.00 0.00 0.00 0.00 0.00 0.00 0.00 0.00 0.00
5.25 5.34 5.44 5.64 5.98 6.38 6.57 6.60 6.53 6.54 6.50 6.49 6.49 6.51 6.54 6.59 6.63 6.66 6.70 6.73 6.76 6.79 6.87 6.90 6.93 6.96 6.98 7.01 7.05 7.08 7.12 7.16 7.19 7.22 7.24 7.25 7.34 5.04 2.19 2.11 3.40 4.37 4.21 4.45 4.80 4.65 6.71 3.54 3.34 3.31 3.09 2.49 1.88 1.50 0.98 0.04 0.00 0.00 0.00 0.00 0.00 0.00 0.00 0.00 0.00 0.00 0.00 0.00 0.00 0.00 0.00 0.00 0.00 0.00 0.00 0.00 0.00 0.00 0.00 0.00 0.00 0.00 0.00 0.00
5.21 5.27 5.33 5.35 5.41 5.51 5.70 6.00 6.57 6.59 6.59 6.57 6.55 6.53 6.53 6.54 6.59 6.62 6.65 6.69 6.73 6.80 6.85 6.88 6.91 6.93 6.97 7.00 7.04 7.08 7.13 7.17 7.21 7.25 7.28 7.30 7.32 3.56 1.84 2.32 3.97 4.48 4.37 4.46 4.43 4.52 6.64 5.82 3.29 3.20 2.96 1.90 1.50 1.27 0.36 0.01 0.00 0.00 0.00 0.00 0.00 0.00 0.00 0.00 0.00 0.00 0.00 0.00 0.00 0.00 0.00 0.00 0.00 0.00 0.00 0.00 0.00 0.00 0.00 0.00 0.00 0.00 0.00 0.00
5.17 5.22 5.26 5.29 5.34 5.39 5.45 5.54 6.09 6.39 6.54 6.58 6.59 6.60 6.59 6.59 6.60 6.61 6.64 6.67 6.71 6.78 6.84 6.87 6.91 6.94 6.99 7.03 7.08 7.11 7.16 7.20 7.22 7.24 7.16 7.09 5.92 2.33 2.20 3.02 4.10 4.39 4.43 4.50 4.47 4.60 6.62 3.53 3.31 3.28 2.68 2.23 2.08 1.45 0.25 0.01 0.00 0.00 0.00 0.00 0.00 0.00 0.00 0.00 0.00 0.00 0.00 0.00 0.00 0.00 0.00 0.00 0.00 0.00 0.00 0.00 0.00 0.00 0.00 0.00 0.00 0.00 0.00 0.00
5.15 5.18 5.23 5.27 5.30 5.34 5.39 5.49 5.61 5.76 5.99 6.25 6.46 6.56 6.60 6.61 6.64 6.65 6.67 6.69 6.75 6.78 6.82 6.89 6.93 6.97 7.02 7.06 7.08 7.08 7.09 7.04 6.95 6.77 6.71 6.66 4.42 2.29 2.63 3.16 3.63 4.02 4.03 3.91 4.21 5.14 6.62 3.57 3.41 3.29 2.64 2.65 2.05 1.44 0.40 0.01 0.00 0.00 0.00 0.00 0.00 0.00 0.00 0.00 0.00 0.00 0.00 0.00 0.00 0.00 0.00 0.00 0.00 0.00 0.00 0.00 0.00 0.00 0.00 0.00 0.00 0.00 0.00 0.00
5.13 5.16 5.21 5.25 5.28 5.31 5.35 5.42 5.49 5.54 5.62 5.72 5.87 6.06 6.26 6.43 6.57 6.62 6.65 6.68 6.70 6.73 6.77 6.83 6.86 6.87 6.87 6.81 6.74 6.68 6.62 6.55 6.54 6.58 6.61 6.37 3.30 2.46 3.37 3.07 3.09 3.29 3.33 3.54 4.37 5.95 6.10 3.59 3.44 3.17 2.62 2.60 2.00 1.42 0.30 0.01 0.00 0.00 0.00 0.00 0.00 0.00 0.00 0.00 0.00 0.00 0.00 0.00 0.00 0.00 0.00 0.00 0.00 0.00 0.00 0.00 0.00 0.00 0.00 0.00 0.00 0.00 0.00 0.00
5.11 5.14 5.19 5.22 5.26 5.29 5.32 5.39 5.42 5.48 5.53 5.58 5.64 5.70 5.71 5.77 5.88 5.97 6.06 6.14 6.22 6.34 6.37 6.39 6.39 6.38 6.36 6.34 6.35 6.38 6.40 6.46 6.49 6.52 6.60 5.39 3.12 2.50 3.47 2.79 2.41 2.50 3.09 4.01 4.76 6.58 6.61 3.44 3.43 3.10 2.68 2.53 1.96 1.46 0.19 0.00 0.00 0.00 0.00 0.00 0.00 0.00 0.00 0.00 0.00 0.00 0.00 0.00 0.00 0.00 0.00 0.00 0.00 0.00 0.00 0.00 0.00 0.00 0.00 0.00 0.00 0.00 0.00 0.00
5.10 5.13 5.17 5.20 5.24 5.27 5.33 5.35 5.38 5.44 5.48 5.52 5.56 5.61 5.65 5.69 5.74 5.80 5.85 5.89 5.98 6.03 6.06 6.11 6.15 6.18 6.22 6.25 6.30 6.34 6.38 6.45 6.49 6.52 6.59 5.13 2.92 2.34 3.53 2.65 2.37 2.52 3.38 4.21 5.04 6.58 5.75 3.27 3.35 3.02 2.78 2.52 1.76 1.32 0.07 0.00 0.00 0.00 0.00 0.00 0.00 0.00 0.00 0.00 0.00 0.00 0.00 0.00 0.00 0.00 0.00 0.00 0.00 0.00 0.00 0.00 0.00 0.00 0.00 0.00 0.00 0.00 0.00 0.00
5.09 5.11 5.16 5.19 5.22 5.25 5.28 5.33 5.37 5.42 5.46 5.50 5.54 5.58 5.62 5.66 5.70 5.76 5.80 5.88 5.92 5.96 6.00 6.06 6.10 6.14 6.18 6.24 6.29 6.34 6.38 6.45 6.49 6.55 6.59 3.83 2.61 2.32 3.30 2.44 2.57 3.23 3.98 4.31 6.04 6.56 5.46 3.30 3.40 2.97 2.52 2.35 1.65 1.12 0.04 0.00 0.00 0.00 0.00 0.00 0.00 0.00 0.00 0.00 0.00 0.00 0.00 0.00 0.00 0.00 0.00 0.00 0.00 0.00 0.00 0.00 0.00 0.00 0.00 0.00 0.00 0.00 0.00 0.00
5.06 5.09 5.12 5.18 5.21 5.24 5.29 5.32 5.35 5.41 5.44 5.48 5.52 5.56 5.60 5.65 5.69 5.75 5.79 5.83 5.91 5.95 5.99 6.03 6.09 6.13 6.17 6.23 6.29 6.33 6.38 6.44 6.49 6.56 5.20 2.83 2.23 2.82 3.15 2.38 2.60 3.39 4.09 4.39 6.52 6.54 4.54 3.35 3.44 2.70 2.12 2.15 1.51 0.63 0.01 0.00 0.00 0.00 0.00 0.00 0.00 0.00 0.00 0.00 0.00 0.00 0.00 0.00 0.00 0.00 0.00 0.00 0.00 0.00 0.00 0.00 0.00 0.00 0.00 0.00 0.00 0.00 0.00 0.00
5.05 5.08 5.11 5.16 5.20 5.22 5.28 5.32 5.35 5.40 5.44 5.47 5.51 5.55 5.59 5.63 5.67 5.73 5.78 5.82 5.90 5.94 5.98 6.02 6.07 6.12 6.16 6.21 6.27 6.32 6.37 6.42 6.53 6.57 5.09 2.53 2.04 2.92 2.89 2.35 2.63 3.66 4.25 4.97 6.51 6.52 3.45 3.35 3.29 2.33 2.18 1.95 1.51 0.17 0.00 0.00 0.00 0.00 0.00 0.00 0.00 0.00 0.00 0.00 0.00 0.00 0.00 0.00 0.00 0.00 0.00 0.00 0.00 0.00 0.00 0.00 0.00 0.00 0.00 0.00 0.00 0.00 0.00 0.00
5.03 5.07 5.10 5.15 5.18 5.21 5.24 5.31 5.33 5.37 5.42 5.47 5.50 5.54 5.58 5.62 5.66 5.72 5.76 5.84 5.89 5.93 5.97 6.01 6.06 6.10 6.15 6.20 6.26 6.31 6.36 6.42 6.53 6.48 4.03 2.36 2.07 2.97 2.68 2.37 3.17 4.01 4.47 5.67 6.49 6.51 3.36 3.30 3.14 2.14 1.98 1.79 1.46 0.07 0.00 0.00 0.00 0.00 0.00 0.00 0.00 0.00 0.00 0.00 0.00 0.00 0.00 0.00 0.00 0.00 0.00 0.00 0.00 0.00 0.00 0.00 0.00 0.00 0.00 0.00 0.00 0.00 0.00 0.00
5.02 5.05 5.09 5.14 5.17 5.20 5.26 5.29 5.33 5.36 5.42 5.45 5.49 5.53 5.57 5.60 5.65 5.69 5.75 5.83 5.88 5.92 5.96 6.00 6.06 6.10 6.14 6.19 6.25 6.30 6.35 6.41 6.48 6.47 3.52 2.43 2.33 2.89 2.71 2.56 3.92 4.38 4.69 5.59 6.47 6.49 3.23 3.19 2.87 1.77 1.66 1.63 1.33 0.04 0.00 0.00 0.00 0.00 0.00 0.00 0.00 0.00 0.00 0.00 0.00 0.00 0.00 0.00 0.00 0.00 0.00 0.00 0.00 0.00 0.00 0.00 0.00 0.00 0.00 0.00 0.00 0.00 0.00 0.00
5.00 5.03 5.07 5.10 5.15 5.19 5.25 5.29 5.32 5.36 5.41 5.45 5.48 5.52 5.56 5.60 5.64 5.68 5.74 5.82 5.87 5.91 5.95 5.99 6.05 6.09 6.14 6.19 6.24 6.29 6.35 6.41 6.48 5.89 2.84 2.41 2.48 3.06 2.64 3.46 4.37 4.56 4.79 6.05 6.44 4.20 3.42 3.32 2.74 1.80 1.67 1.60 1.30 0.05 0.00 0.00 0.00 0.00 0.00 0.00 0.00 0.00 0.00 0.00 0.00 0.00 0.00 0.00 0.00 0.00 0.00 0.00 0.00 0.00 0.00 0.00 0.00 0.00 0.00 0.00 0.00 0.00 0.00 0.00
4.99 5.02 5.05 5.09 5.14 5.17 5.24 5.28 5.31 5.35 5.41 5.44 5.48 5.52 5.56 5.59 5.63 5.67 5.78 5.82 5.86 5.90 5.95 5.99 6.03 6.09 6.14 6.19 6.24 6.29 6.35 6.40 6.48 4.89 2.58 2.28 2.86 2.92 2.74 3.91 4.16 4.23 4.76 6.04 6.41 4.55 3.42 3.13 2.40 2.00 1.73 1.62 1.49 0.07 0.00 0.00 0.00 0.00 0.00 0.00 0.00 0.00 0.00 0.00 0.00 0.00 0.00 0.00 0.00 0.00 0.00 0.00 0.00 0.00 0.00 0.00 0.00 0.00 0.00 0.00 0.00 0.00 0.00 0.00
4.98 5.01 5.04 5.07 5.12 5.16 5.23 5.27 5.30 5.34 5.38 5.43 5.47 5.51 5.55 5.59 5.63 5.67 5.73 5.81 5.85 5.90 5.94 5.98 6.03 6.09 6.14 6.20 6.25 6.30 6.35 6.46 5.90 3.04 2.46 2.20 2.95 2.75 3.10 4.04 4.09 4.26 4.21 4.97 6.40 5.53 3.20 2.93 2.47 2.07 1.92 1.50 1.60 0.68 0.00 0.00 0.00 0.00 0.00 0.00 0.00 0.00 0.00 0.00 0.00 0.00 0.00 0.00 0.00 0.00 0.00 0.00 0.00 0.00 0.00 0.00 0.00 0.00 0.00 0.00 0.00 0.00 0.00 0.00
4.97 5.00 5.03 5.06 5.11 5.14 5.21 5.25 5.29 5.33 5.37 5.43 5.46 5.50 5.54 5.58 5.61 5.65 5.76 5.80 5.85 5.89 5.94 5.98 6.03 6.10 6.14 6.20 6.25 6.30 6.36 6.46 4.46 2.68 2.47 2.19 2.74 2.83 3.43 4.23 4.17 4.74 4.25 5.87 6.38 5.90 3.14 2.78 2.26 2.19 1.92 1.20 1.24 0.23 0.00 0.00 0.00 0.00 0.00 0.00 0.00 0.00 0.00 0.00 0.00 0.00 0.00 0.00 0.00 0.00 0.00 0.00 0.00 0.00 0.00 0.00 0.00 0.00 0.00 0.00 0.00 0.00 0.00 0.00
4.96 4.99 5.02 5.05 5.10 5.13 5.20 5.24 5.28 5.31 5.35 5.41 5.45 5.49 5.53 5.57 5.60 5.64 5.68 5.80 5.84 5.89 5.93 5.98 6.03 6.10 6.15 6.20 6.26 6.31 6.36 6.46 3.98 2.43 2.37 2.31 2.16 2.83 3.68 4.31 4.70 5.25 5.20 5.93 6.34 5.95 2.90 2.43 2.36 2.21 1.68 1.76 1.72 0.86 0.00 0.00 0.00 0.00 0.00 0.00 0.00 0.00 0.00 0.00 0.00 0.00 0.00 0.00 0.00 0.00 0.00 0.00 0.00 0.00 0.00 0.00 0.00 0.00 0.00 0.00 0.00 0.00 0.00 0.00
4.95 4.98 5.01 5.04 5.07 5.15 5.18 5.21 5.25 5.29 5.33 5.40 5.44 5.48 5.52 5.56 5.59 5.63 5.74 5.79 5.83 5.88 5.93 5.97 6.02 6.07 6.15 6.20 6.26 6.31 6.37 6.47 2.99 2.42 2.17 2.16 2.03 3.53 4.11 4.39 4.20 5.20 4.96 5.04 6.31 5.07 2.56 2.76 2.79 2.42 2.77 2.63 1.98 1.02 0.00 0.00 0.00 0.00 0.00 0.00 0.00 0.00 0.00 0.00 0.00 0.00 0.00 0.00 0.00 0.00 0.00 0.00 0.00 0.00 0.00 0.00 0.00 0.00 0.00 0.00 0.00 0.00 0.00 0.00
4.92 4.96 5.00 5.03 5.11 5.14 5.17 5.20 5.24 5.28 5.32 5.38 5.42 5.46 5.51 5.55 5.58 5.62 5.73 5.78 5.82 5.87 5.92 5.96 6.01 6.06 6.15 6.20 6.26 6.31 6.37 6.47 3.59 2.40 2.35 2.18 2.48 3.86 4.17 4.12 4.17 4.12 4.13 4.46 3.61 2.99 3.01 2.93 3.06 2.78 2.88 2.60 1.88 0.91 0.00 0.00 0.00 0.00 0.00 0.00 0.00 0.00 0.00 0.00 0.00 0.00 0.00 0.00 0.00 0.00 0.00 0.00 0.00 0.00 0.00 0.00 0.00 0.00 0.00 0.00 0.00 0.00 0.00 0.00
4.91 4.94 4.98 5.02 5.05 5.12 5.16 5.19 5.23 5.27 5.30 5.34 5.41 5.45 5.49 5.53 5.57 5.61 5.72 5.77 5.81 5.86 5.91 5.96 6.00 6.05 6.15 6.20 6.26 6.31 6.37 6.48 3.37 2.31 2.37 2.22 2.87 3.90 4.10 4.09 4.01 4.05 4.04 4.77 2.85 3.32 3.22 2.75 2.43 2.41 2.58 2.52 1.78 0.68 0.00 0.00 0.00 0.00 0.00 0.00 0.00 0.00 0.00 0.00 0.00 0.00 0.00 0.00 0.00 0.00 0.00 0.00 0.00 0.00 0.00 0.00 0.00 0.00 0.00 0.00 0.00 0.00 0.00 0.00
4.89 4.93 4.96 5.00 5.08 5.11 5.14 5.18 5.22 5.26 5.30 5.33 5.40 5.44 5.48 5.52 5.56 5.64 5.69 5.76 5.80 5.85 5.90 5.94 5.99 6.05 6.14 6.20 6.26 6.31 6.43 6.49 3.28 2.10 2.26 2.33 3.21 3.82 4.02 3.98 3.96 3.94 4.08 4.93 3.22 3.24 3.05 2.55 2.34 2.13 1.54 1.19 0.41 0.24 0.00 0.00 0.00 0.00 0.00 0.00 0.00 0.00 0.00 0.00 0.00 0.00 0.00 0.00 0.00 0.00 0.00 0.00 0.00 0.00 0.00 0.00 0.00 0.00 0.00 0.00 0.00 0.00 0.00 0.00
4.88 4.91 4.94 4.98 5.01 5.10 5.13 5.17 5.21 5.25 5.29 5.33 5.39 5.43 5.46 5.51 5.55 5.63 5.68 5.75 5.79 5.84 5.89 5.94 5.98 6.04 6.14 6.20 6.26 6.32 6.43 6.49 3.14 1.84 2.02 2.56 3.17 3.57 3.86 3.87 3.83 3.94 4.30 4.38 3.01 3.10 2.91 2.46 2.17 1.99 1.38 0.23 0.00 0.00 0.00 0.00 0.00 0.00 0.00 0.00 0.00 0.00 0.00 0.00 0.00 0.00 0.00 0.00 0.00 0.00 0.00 0.00 0.00 0.00 0.00 0.00 0.00 0.00 0.00 0.00 0.00 0.00 0.00 0.00
4.87 4.90 4.93 4.96 5.03 5.08 5.11 5.15 5.19 5.23 5.27 5.31 5.38 5.42 5.46 5.50 5.54 5.59 5.67 5.74 5.79 5.84 5.89 5.93 5.98 6.04 6.11 6.20 6.26 6.32 6.44 6.47 3.08 1.71 2.02 2.52 3.12 3.16 3.61 3.73 3.75 3.93 4.55 2.61 2.81 2.84 2.70 2.43 1.63 1.22 0.76 0.02 0.00 0.00 0.00 0.00 0.00 0.00 0.00 0.00 0.00 0.00 0.00 0.00 0.00 0.00 0.00 0.00 0.00 0.00 0.00 0.00 0.00 0.00 0.00 0.00 0.00 0.00 0.00 0.00 0.00 0.00 0.00 0.00
4.86 4.88 4.91 4.94 5.00 5.05 5.09 5.13 5.18 5.22 5.26 5.30 5.37 5.41 5.45 5.49 5.54 5.58 5.67 5.74 5.79 5.84 5.89 5.93 5.99 6.05 6.11 6.20 6.26 6.32 6.38 6.24 2.81 1.89 2.27 2.58 3.13 3.02 3.23 3.51 3.60 4.08 4.80 2.24 2.44 2.53 2.40 2.14 1.64 1.38 0.12 0.00 0.00 0.00 0.00 0.00 0.00 0.00 0.00 0.00 0.00 0.00 0.00 0.00 0.00 0.00 0.00 0.00 0.00 0.00 0.00 0.00 0.00 0.00 0.00 0.00 0.00 0.00 0.00 0.00 0.00 0.00 0.00 0.00
4.83 4.86 4.90 4.96 4.99 5.04 5.08 5.12 5.16 5.21 5.25 5.30 5.34 5.40 5.45 5.49 5.53 5.62 5.67 5.74 5.78 5.83 5.88 5.93 5.99 6.05 6.11 6.20 6.26 6.32 6.38 4.34 2.13 1.96 2.31 2.31 2.74 2.90 3.23 3.49 3.61 4.21 4.93 3.04 2.31 2.22 2.01 1.88 1.54 1.82 0.50 0.04 0.00 0.00 0.00 0.00 0.00 0.00 0.00 0.00 0.00 0.00 0.00 0.00 0.00 0.00 0.00 0.00 0.00 0.00 0.00 0.00 0.00 0.00 0.00 0.00 0.00 0.00 0.00 0.00 0.00 0.00 0.00 0.00
4.79 4.84 4.88 4.95 4.98 5.03 5.06 5.11 5.15 5.20 5.24 5.29 5.33 5.40 5.44 5.48 5.57 5.62 5.66 5.71 5.78 5.83 5.88 5.93 5.99 6.05 6.10 6.19 6.25 6.31 6.35 3.42 1.90 1.93 2.30 2.16 2.37 2.88 3.34 3.73 3.89 4.17 4.75 2.53 3.94 2.89 1.90 1.64 1.25 1.09 0.62 0.02 0.00 0.00 0.00 0.00 0.00 0.00 0.00 0.00 0.00 0.00 0.00 0.00 0.00 0.00 0.00 0.00 0.00 0.00 0.00 0.00 0.00 0.00 0.00 0.00 0.00 0.00 0.00 0.00 0.00 0.00 0.00 0.00
