tsunami_inundation/2580.asc
ncols        89
nrows        96
xllcorner    425855.973699999973
yllcorner    5091051.504999999888
cellsize     55.000000000000
NODATA_value  -9999.00
[rows 0 to 36 of 96, columns 0 to 83 of 89]
-9999.00 7.55 7.58 7.64 7.62 7.67 7.68 7.69 7.70 7.70 7.70 7.70 7.70 7.71 7.72 7.73 7.74 7.75 7.76 7.77 7.79 7.81 7.83 7.86 7.88 7.92 7.96 7.99 8.06 8.11 8.21 8.27 8.33 8.39 8.45 8.55 8.61 8.67 8.73 8.77 8.72 3.06 1.39 1.32 1.20 0.24 0.05 0.03 0.59 2.93 4.98 5.42 5.52 5.60 5.65 5.69 5.57 5.55 5.44 3.04 2.97 2.86 2.02 0.44 0.00 0.00 0.00 0.00 0.00 0.00 0.00 0.00 0.00 0.00 0.00 0.00 0.00 0.00 0.00 0.00 0.00 0.00 0.00 0.00
-9999.00 7.55 7.57 7.59 7.61 7.63 7.66 7.68 7.68 7.69 7.70 7.70 7.71 7.71 7.72 7.73 7.75 7.76 7.77 7.79 7.80 7.83 7.85 7.88 7.91 7.94 7.97 8.01 8.12 8.17 8.23 8.28 8.34 8.40 8.46 8.56 8.62 8.69 8.74 8.80 8.80 3.53 0.85 1.04 1.23 0.94 0.43 0.55 3.01 4.56 5.12 5.26 5.36 5.44 5.50 5.55 5.56 5.45 5.33 3.04 3.06 2.95 2.38 1.04 0.00 0.00 0.00 0.00 0.00 0.00 0.00 0.00 0.00 0.00 0.00 0.00 0.00 0.00 0.00 0.00 0.00 0.00 0.00 0.00
-9999.00 7.55 7.58 7.60 7.62 7.64 7.65 7.68 7.69 7.70 7.71 7.71 7.72 7.73 7.73 7.75 7.77 7.78 7.79 7.80 7.82 7.85 7.87 7.90 7.93 7.96 7.99 8.03 8.07 8.18 8.24 8.30 8.36 8.42 8.48 8.54 8.64 8.70 8.75 8.81 8.82 2.14 0.94 0.93 1.08 1.06 0.97 2.60 4.16 4.69 4.87 5.02 5.12 5.20 5.28 5.52 5.52 5.44 5.06 3.32 2.86 2.94 2.64 1.33 0.12 0.00 0.00 0.00 0.00 0.00 0.00 0.00 0.00 0.00 0.00 0.00 0.00 0.00 0.00 0.00 0.00 0.00 0.00 0.00
-9999.00 7.55 7.60 7.62 7.64 7.65 7.67 7.69 7.71 7.72 7.73 7.74 7.75 7.75 7.75 7.76 7.78 7.79 7.80 7.82 7.83 7.86 7.89 7.91 7.94 7.98 8.02 8.06 8.16 8.20 8.26 8.32 8.38 8.44 8.49 8.55 8.64 8.69 8.75 8.80 8.85 6.33 1.50 1.01 0.98 0.97 0.94 3.37 4.41 4.48 4.61 4.74 4.84 4.83 4.55 3.86 4.41 5.04 4.96 3.70 2.95 2.96 2.70 1.33 0.23 0.00 0.00 0.00 0.00 0.00 0.00 0.00 0.00 0.00 0.00 0.00 0.00 0.00 0.00 0.00 0.00 0.00 0.00 0.00
-9999.00 7.57 7.62 7.64 7.66 7.68 7.70 7.72 7.73 7.74 7.76 7.77 7.78 7.79 7.80 7.83 7.85 7.86 7.87 7.86 7.91 7.90 7.93 7.95 7.98 8.01 8.04 8.08 8.11 8.22 8.27 8.33 8.39 8.45 8.50 8.56 8.64 8.69 8.74 8.79 8.84 7.85 1.95 1.24 1.10 0.86 1.91 3.79 4.34 4.30 4.34 4.43 4.46 4.25 3.82 3.63 3.39 4.20 4.93 4.24 3.05 3.31 2.50 1.20 0.04 0.00 0.00 0.00 0.00 0.00 0.00 0.00 0.00 0.00 0.00 0.00 0.00 0.00 0.00 0.00 0.00 0.00 0.00 0.00
-9999.00 7.59 7.64 7.66 7.68 7.70 7.72 7.74 7.75 7.76 7.77 7.78 7.79 7.80 7.81 7.84 7.86 7.87 7.89 7.91 7.93 7.96 7.97 7.99 8.06 8.09 8.12 8.11 8.20 8.24 8.28 8.34 8.40 8.46 8.51 8.56 8.63 8.68 8.73 8.77 8.82 7.83 2.37 1.59 1.38 1.04 2.20 4.03 4.23 4.21 4.20 4.25 4.20 4.16 4.16 4.20 3.99 3.24 4.02 4.01 3.58 3.46 2.95 1.76 0.00 0.00 0.00 0.00 0.00 0.00 0.00 0.00 0.00 0.00 0.00 0.00 0.00 0.00 0.00 0.00 0.00 0.00 0.00 0.00
-9999.00 7.64 7.65 7.67 7.69 7.70 7.71 7.72 7.74 7.75 7.76 7.77 7.77 7.78 7.79 7.83 7.85 7.86 7.88 7.91 7.93 7.96 8.01 8.04 8.08 8.12 8.16 8.15 8.21 8.26 8.31 8.35 8.40 8.46 8.51 8.57 8.63 8.67 8.71 8.75 8.78 4.14 2.77 2.16 1.93 1.67 1.61 3.45 4.14 4.21 4.23 4.33 4.39 4.63 4.78 4.59 4.41 4.01 2.58 2.87 3.01 3.19 2.96 2.52 1.12 0.00 0.00 0.00 0.00 0.00 0.00 0.00 0.00 0.00 0.00 0.00 0.00 0.00 0.00 0.00 0.00 0.00 0.00 0.00
-9999.00 7.63 7.64 7.66 7.67 7.67 7.68 7.69 7.70 7.71 7.72 7.73 7.73 7.74 7.76 7.79 7.81 7.83 7.85 7.88 7.91 7.94 7.99 8.03 8.07 8.11 8.16 8.20 8.29 8.35 8.40 8.43 8.46 8.49 8.51 8.56 8.61 8.66 8.69 8.72 8.73 8.73 3.59 2.55 2.28 2.06 1.96 3.31 4.10 4.22 4.30 4.54 4.70 4.89 5.25 5.05 4.87 4.57 2.18 1.78 3.08 3.19 3.14 3.04 2.96 1.86 0.01 0.00 0.00 0.00 0.00 0.00 0.00 0.00 0.00 0.00 0.00 0.00 0.00 0.00 0.00 0.00 0.00 0.00
-9999.00 7.59 7.60 7.61 7.62 7.63 7.64 7.65 7.66 7.67 7.67 7.68 7.69 7.71 7.72 7.76 7.78 7.80 7.82 7.84 7.87 7.90 7.95 7.99 8.02 8.06 8.11 8.22 8.27 8.35 8.40 8.45 8.49 8.52 8.54 8.55 8.59 8.62 8.64 8.66 8.68 6.43 4.32 3.31 2.68 2.48 2.57 3.48 4.11 4.26 4.43 4.89 5.14 5.31 5.47 5.50 5.22 4.88 2.16 1.38 1.69 3.22 3.25 3.08 2.86 2.98 0.12 0.00 0.00 0.00 0.00 0.00 0.00 0.00 0.00 0.00 0.00 0.00 0.00 0.00 0.00 0.00 0.00 0.00
-9999.00 7.53 7.55 7.56 7.57 7.58 7.59 7.60 7.62 7.63 7.64 7.65 7.66 7.68 7.69 7.74 7.75 7.76 7.78 7.81 7.83 7.86 7.89 7.95 7.99 8.03 8.08 8.13 8.24 8.32 8.38 8.44 8.49 8.54 8.57 8.59 8.60 8.61 8.62 8.62 8.60 7.35 4.98 3.95 3.26 3.14 3.74 3.96 4.13 4.48 4.58 5.07 5.45 5.73 5.93 5.89 5.76 4.10 2.13 2.08 1.98 1.90 1.52 1.29 2.25 2.63 0.00 0.00 0.00 0.00 0.00 0.00 0.00 0.00 0.00 0.00 0.00 0.00 0.00 0.00 0.00 0.00 0.00 0.00
-9999.00 7.48 7.50 7.51 7.52 7.53 7.55 7.56 7.59 7.61 7.62 7.63 7.64 7.66 7.67 7.72 7.73 7.75 7.77 7.79 7.82 7.84 7.87 7.93 7.96 8.00 8.05 8.10 8.20 8.25 8.34 8.41 8.47 8.53 8.57 8.61 8.63 8.63 8.62 8.60 8.56 8.25 7.94 6.52 4.03 4.55 4.90 4.17 4.22 4.77 5.28 5.40 5.85 6.05 6.47 6.48 5.47 3.46 2.72 2.91 2.65 2.32 1.76 1.07 1.78 2.36 0.25 0.00 0.00 0.00 0.00 0.00 0.00 0.00 0.00 0.00 0.00 0.00 0.00 0.00 0.00 0.00 0.00 0.00
-9999.00 7.44 7.46 7.48 7.49 7.50 7.52 7.54 7.56 7.58 7.59 7.61 7.62 7.64 7.67 7.70 7.72 7.74 7.76 7.78 7.81 7.83 7.86 7.91 7.94 7.98 8.02 8.12 8.17 8.22 8.30 8.36 8.43 8.49 8.56 8.60 8.64 8.66 8.65 8.61 8.55 8.21 7.94 7.54 6.71 5.79 5.66 5.33 4.93 4.40 5.79 6.80 6.84 6.74 6.81 6.83 5.38 3.39 2.74 3.13 2.89 2.72 2.19 1.52 1.39 1.92 0.00 0.00 0.00 0.00 0.00 0.00 0.00 0.00 0.00 0.00 0.00 0.00 0.00 0.00 0.00 0.00 0.00 0.00
7.39 7.42 7.43 7.45 7.47 7.48 7.50 7.52 7.53 7.56 7.57 7.58 7.60 7.63 7.64 7.67 7.69 7.72 7.74 7.76 7.79 7.81 7.84 7.89 7.93 7.97 8.01 8.09 8.14 8.19 8.26 8.32 8.38 8.45 8.51 8.55 8.60 8.63 8.65 8.63 8.45 8.23 7.94 7.55 6.69 6.33 6.18 5.78 5.25 4.40 5.13 7.13 7.14 7.04 7.42 7.06 4.74 3.46 3.04 3.20 2.96 2.62 2.15 1.61 0.58 1.46 0.00 0.00 0.00 0.00 0.00 0.00 0.00 0.00 0.00 0.00 0.00 0.00 0.00 0.00 0.00 0.00 0.00 0.00
7.34 7.38 7.40 7.42 7.44 7.45 7.47 7.48 7.50 7.52 7.54 7.55 7.56 7.58 7.61 7.63 7.66 7.69 7.71 7.73 7.76 7.79 7.82 7.87 7.91 7.95 7.99 8.08 8.12 8.16 8.23 8.28 8.33 8.38 8.44 8.49 8.53 8.57 8.60 8.56 8.47 8.26 7.98 7.59 7.08 6.76 6.61 6.21 5.47 4.63 5.36 7.13 7.38 7.51 7.66 6.48 4.48 3.43 3.85 3.34 3.13 2.63 2.13 1.74 0.68 0.55 0.00 0.00 0.00 0.00 0.00 0.00 0.00 0.00 0.00 0.00 0.00 0.00 0.00 0.00 0.00 0.00 0.00 0.00
7.29 7.33 7.35 7.37 7.39 7.41 7.42 7.44 7.46 7.48 7.50 7.51 7.53 7.56 7.58 7.61 7.64 7.66 7.68 7.71 7.73 7.76 7.78 7.81 7.87 7.91 7.95 8.04 8.09 8.14 8.21 8.26 8.30 8.34 8.38 8.43 8.46 8.49 8.52 8.49 8.42 8.30 7.99 7.60 7.31 7.00 6.89 6.69 5.75 4.64 6.11 7.11 7.53 7.65 7.82 5.91 4.17 3.46 3.94 3.45 3.06 2.69 2.66 1.85 0.98 0.15 0.00 0.00 0.00 0.00 0.00 0.00 0.00 0.00 0.00 0.00 0.00 0.00 0.00 0.00 0.00 0.00 0.00 0.00
7.25 7.26 7.29 7.31 7.33 7.35 7.37 7.39 7.42 7.45 7.46 7.48 7.50 7.54 7.56 7.57 7.60 7.62 7.65 7.67 7.69 7.72 7.75 7.78 7.84 7.88 7.92 8.01 8.05 8.10 8.15 8.23 8.27 8.31 8.35 8.38 8.40 8.42 8.45 8.45 8.37 8.25 8.01 7.72 7.55 7.15 6.95 6.97 6.34 5.28 6.14 7.14 7.34 7.69 7.76 5.97 3.30 3.51 3.95 3.62 2.95 2.71 2.31 1.64 0.67 0.00 0.00 0.00 0.00 0.00 0.00 0.00 0.00 0.00 0.00 0.00 0.00 0.00 0.00 0.00 0.00 0.00 0.00 0.00
7.20 7.22 7.24 7.25 7.27 7.29 7.32 7.34 7.37 7.37 7.40 7.42 7.45 7.49 7.51 7.54 7.57 7.60 7.62 7.64 7.67 7.69 7.72 7.75 7.81 7.84 7.88 7.97 8.01 8.06 8.11 8.18 8.23 8.28 8.31 8.35 8.37 8.38 8.39 8.40 8.32 8.22 8.04 7.84 7.72 7.23 7.08 7.11 6.82 6.48 6.49 7.05 7.12 7.58 7.04 5.78 3.19 3.94 4.08 3.70 3.39 2.80 2.33 1.63 0.61 0.00 0.00 0.00 0.00 0.00 0.00 0.00 0.00 0.00 0.00 0.00 0.00 0.00 0.00 0.00 0.00 0.00 0.00 0.00
7.15 7.17 7.19 7.20 7.22 7.24 7.26 7.28 7.30 7.32 7.36 7.38 7.40 7.42 7.47 7.50 7.53 7.56 7.58 7.60 7.63 7.66 7.69 7.72 7.77 7.81 7.88 7.93 7.97 8.01 8.06 8.13 8.18 8.23 8.28 8.32 8.35 8.37 8.38 8.38 8.30 8.22 8.10 7.96 7.83 7.29 7.08 7.17 7.05 6.89 6.89 6.96 7.08 7.30 6.42 5.18 3.30 4.11 3.91 3.77 3.38 2.55 2.03 1.26 0.39 0.00 0.00 0.00 0.00 0.00 0.00 0.00 0.00 0.00 0.00 0.00 0.00 0.00 0.00 0.00 0.00 0.00 0.00 0.00
7.07 7.12 7.15 7.17 7.19 7.21 7.23 7.25 7.26 7.28 7.31 7.33 7.35 7.40 7.42 7.45 7.47 7.51 7.54 7.56 7.59 7.61 7.64 7.68 7.73 7.77 7.80 7.89 7.93 7.97 8.02 8.09 8.14 8.18 8.23 8.28 8.32 8.34 8.36 8.35 8.31 8.24 8.15 8.05 7.88 7.53 6.61 6.90 7.10 7.10 7.05 6.98 6.93 7.02 6.62 4.59 3.14 3.87 3.39 3.65 2.93 2.07 1.31 0.91 0.54 0.00 0.00 0.00 0.00 0.00 0.00 0.00 0.00 0.00 0.00 0.00 0.00 0.00 0.00 0.00 0.00 0.00 0.00 0.00
7.03 7.05 7.07 7.10 7.12 7.14 7.19 7.22 7.24 7.25 7.28 7.29 7.31 7.36 7.38 7.41 7.43 7.47 7.49 7.52 7.55 7.57 7.60 7.64 7.67 7.77 7.79 7.84 7.88 7.93 7.98 8.05 8.10 8.15 8.19 8.23 8.27 8.31 8.33 8.35 8.31 8.27 8.20 8.10 7.95 7.38 3.55 5.60 6.98 7.12 7.08 7.00 6.89 6.92 7.07 3.97 3.13 3.69 3.20 3.19 2.41 1.99 1.57 1.55 0.24 0.00 0.00 0.00 0.00 0.00 0.00 0.00 0.00 0.00 0.00 0.00 0.00 0.00 0.00 0.00 0.00 0.00 0.00 0.00
6.97 7.01 7.03 7.07 7.09 7.11 7.16 7.18 7.20 7.22 7.21 7.27 7.29 7.33 7.35 7.37 7.40 7.43 7.46 7.48 7.50 7.53 7.56 7.59 7.63 7.68 7.76 7.81 7.86 7.90 7.95 8.00 8.08 8.12 8.16 8.20 8.23 8.26 8.29 8.33 8.31 8.28 8.27 8.19 7.06 3.87 3.01 5.51 6.53 7.07 7.06 6.98 6.89 6.88 6.98 3.34 3.08 3.42 2.94 2.70 2.44 1.37 1.65 1.96 0.10 0.00 0.00 0.00 0.00 0.00 0.00 0.00 0.00 0.00 0.00 0.00 0.00 0.00 0.00 0.00 0.00 0.00 0.00 0.00
6.93 6.96 6.99 7.03 7.05 7.07 7.09 7.09 7.11 7.13 7.15 7.24 7.23 7.29 7.31 7.34 7.36 7.40 7.42 7.44 7.47 7.50 7.53 7.57 7.60 7.70 7.74 7.78 7.83 7.87 7.92 7.97 8.05 8.09 8.13 8.17 8.20 8.23 8.28 8.31 8.31 8.31 8.30 8.28 5.52 3.15 2.66 5.12 5.73 5.99 6.39 6.93 6.92 6.95 6.16 2.39 2.19 2.58 2.45 2.49 2.16 1.10 1.24 1.30 0.05 0.00 0.00 0.00 0.00 0.00 0.00 0.00 0.00 0.00 0.00 0.00 0.00 0.00 0.00 0.00 0.00 0.00 0.00 0.00
6.92 6.93 6.94 6.96 6.98 7.01 7.03 7.06 7.08 7.10 7.12 7.15 7.17 7.21 7.28 7.30 7.29 7.31 7.39 7.42 7.44 7.47 7.51 7.54 7.57 7.67 7.71 7.75 7.79 7.84 7.88 7.93 8.00 8.05 8.10 8.14 8.18 8.21 8.26 8.29 8.29 8.30 8.30 8.28 3.44 2.65 3.26 5.05 5.04 4.94 5.36 6.98 6.98 6.99 5.31 2.03 1.73 1.64 1.88 2.10 1.62 0.46 0.35 0.65 0.00 0.00 0.00 0.00 0.00 0.00 0.00 0.00 0.00 0.00 0.00 0.00 0.00 0.00 0.00 0.00 0.00 0.00 0.00 0.00
6.90 6.92 6.93 6.95 6.96 6.97 6.99 7.01 7.03 7.06 7.08 7.11 7.15 7.18 7.20 7.22 7.25 7.27 7.31 7.38 7.37 7.44 7.47 7.50 7.54 7.63 7.67 7.71 7.75 7.79 7.84 7.89 7.96 8.01 8.06 8.11 8.15 8.19 8.20 8.25 8.24 8.25 8.28 5.80 2.95 2.76 3.92 5.09 5.10 5.01 5.60 6.85 7.08 7.04 4.61 2.09 1.79 1.54 1.62 1.57 0.80 0.01 0.04 0.00 0.00 0.00 0.00 0.00 0.00 0.00 0.00 0.00 0.00 0.00 0.00 0.00 0.00 0.00 0.00 0.00 0.00 0.00 0.00 0.00
6.85 6.88 6.91 6.93 6.94 6.95 6.96 6.98 6.99 7.02 7.04 7.07 7.12 7.14 7.17 7.19 7.21 7.24 7.28 7.30 7.33 7.36 7.39 7.42 7.46 7.48 7.57 7.67 7.71 7.75 7.80 7.82 7.90 7.95 7.99 8.04 8.09 8.13 8.20 8.22 8.23 8.23 8.25 5.35 2.98 3.74 4.91 5.09 5.09 5.07 5.80 7.22 7.17 7.16 3.86 2.16 1.84 1.68 1.73 0.61 0.01 0.00 0.00 0.00 0.00 0.00 0.00 0.00 0.00 0.00 0.00 0.00 0.00 0.00 0.00 0.00 0.00 0.00 0.00 0.00 0.00 0.00 0.00 0.00
6.77 6.82 6.86 6.89 6.92 6.94 6.95 6.96 6.97 6.99 7.00 7.02 7.08 7.11 7.13 7.16 7.18 7.21 7.23 7.25 7.28 7.31 7.34 7.37 7.44 7.50 7.54 7.61 7.62 7.66 7.74 7.78 7.83 7.91 7.96 8.00 8.05 8.09 8.13 8.18 8.18 8.19 8.08 4.50 3.36 4.47 5.01 5.21 5.21 5.09 5.84 7.28 7.26 7.23 3.22 2.26 1.89 2.10 1.84 0.54 0.00 0.01 0.00 0.00 0.00 0.00 0.00 0.00 0.00 0.00 0.00 0.00 0.00 0.00 0.00 0.00 0.00 0.00 0.00 0.00 0.00 0.00 0.00 0.00
6.69 6.74 6.79 6.83 6.88 6.91 6.93 6.94 6.95 6.97 6.98 7.00 7.04 7.06 7.08 7.10 7.13 7.15 7.19 7.22 7.25 7.28 7.31 7.34 7.37 7.46 7.50 7.54 7.58 7.62 7.66 7.71 7.79 7.83 7.88 7.92 8.01 8.05 8.10 8.10 8.11 8.12 7.78 3.97 3.74 4.93 4.96 5.23 5.25 5.18 6.07 7.34 7.34 6.06 2.64 2.11 1.86 2.02 1.67 0.18 0.00 0.00 0.00 0.00 0.00 0.00 0.00 0.00 0.00 0.00 0.00 0.00 0.00 0.00 0.00 0.00 0.00 0.00 0.00 0.00 0.00 0.00 0.00 0.00
6.61 6.66 6.71 6.75 6.81 6.81 6.84 6.87 6.90 6.92 6.94 6.99 7.01 7.03 7.05 7.08 7.10 7.12 7.15 7.18 7.21 7.24 7.27 7.30 7.37 7.43 7.46 7.50 7.54 7.58 7.62 7.67 7.71 7.77 7.81 7.84 7.88 7.91 8.03 7.99 8.06 8.08 6.92 3.47 3.97 5.09 5.01 5.25 5.29 5.87 7.42 7.43 6.87 3.45 2.69 2.23 1.84 1.66 1.31 0.06 0.01 0.00 0.00 0.00 0.00 0.00 0.00 0.00 0.00 0.00 0.00 0.00 0.00 0.00 0.00 0.00 0.00 0.00 0.00 0.00 0.00 0.00 0.00 0.00
6.54 6.57 6.61 6.64 6.70 6.73 6.76 6.80 6.83 6.86 6.89 6.96 6.98 7.00 7.03 7.05 7.07 7.10 7.12 7.16 7.18 7.21 7.24 7.27 7.31 7.38 7.43 7.46 7.50 7.54 7.58 7.62 7.65 7.70 7.74 7.75 7.79 7.84 7.92 7.97 8.03 7.61 3.31 3.38 4.92 5.16 5.03 5.24 5.35 6.29 7.43 7.47 4.94 3.08 2.64 2.13 1.81 1.60 0.87 0.02 0.00 -0.00 0.00 0.00 0.00 0.00 0.00 0.00 0.00 0.00 0.00 0.00 0.00 0.00 0.00 0.00 0.00 0.00 0.00 0.00 0.00 0.00 0.00 0.00
6.51 6.54 6.56 6.59 6.62 6.67 6.70 6.72 6.75 6.79 6.82 6.90 6.93 6.96 6.99 7.01 7.04 7.06 7.09 7.12 7.15 7.18 7.21 7.24 7.27 7.33 7.38 7.42 7.42 7.45 7.49 7.52 7.56 7.60 7.67 7.72 7.77 7.88 7.92 7.97 6.65 3.89 3.12 3.87 4.90 5.16 4.96 5.10 5.38 6.73 7.48 6.98 3.99 3.07 2.76 1.94 1.85 1.68 0.41 0.00 0.00 -0.00 0.00 0.00 0.00 0.00 0.00 0.00 0.00 0.00 0.00 0.00 0.00 0.00 0.00 0.00 0.00 0.00 0.00 0.00 0.00 0.00 0.00 0.00
6.50 6.52 6.54 6.56 6.58 6.62 6.64 6.67 6.69 6.72 6.78 6.81 6.86 6.89 6.92 6.95 6.98 7.01 7.03 7.07 7.10 7.13 7.12 7.15 7.21 7.24 7.29 7.33 7.36 7.40 7.44 7.48 7.52 7.56 7.64 7.70 7.76 7.88 7.92 7.97 4.02 3.67 3.15 4.10 4.80 5.12 4.96 5.11 6.05 7.52 7.52 4.39 3.81 3.02 2.73 2.00 1.92 1.63 0.16 0.00 0.00 -0.00 0.00 0.00 0.00 0.00 0.00 0.00 0.00 0.00 0.00 0.00 0.00 0.00 0.00 0.00 0.00 0.00 0.00 0.00 0.00 0.00 0.00 0.00
6.48 6.51 6.53 6.54 6.56 6.59 6.60 6.62 6.65 6.67 6.72 6.75 6.80 6.82 6.85 6.85 6.88 6.91 6.93 6.97 7.00 7.03 7.06 7.09 7.15 7.19 7.24 7.28 7.31 7.35 7.40 7.44 7.50 7.55 7.64 7.70 7.76 7.85 7.91 7.97 5.41 3.73 3.08 3.86 4.83 5.15 5.02 5.12 6.27 7.55 5.38 4.22 3.77 3.09 2.67 2.33 2.07 1.26 0.06 0.00 -0.00 0.00 0.00 0.00 0.00 0.00 0.00 0.00 0.00 0.00 0.00 0.00 0.00 0.00 0.00 0.00 0.00 0.00 0.00 0.00 0.00 0.00 0.00 0.00
6.48 6.50 6.52 6.53 6.55 6.57 6.59 6.60 6.62 6.63 6.66 6.69 6.73 6.75 6.78 6.81 6.83 6.86 6.88 6.91 6.95 6.98 7.01 7.07 7.11 7.14 7.20 7.24 7.28 7.33 7.38 7.43 7.48 7.54 7.63 7.69 7.75 7.84 7.90 7.92 5.56 3.91 2.94 3.77 4.91 5.16 5.12 5.19 5.61 7.58 4.56 4.18 3.67 3.05 2.59 2.19 1.96 0.67 0.03 0.00 0.00 0.00 0.00 0.00 0.00 0.00 0.00 0.00 0.00 0.00 0.00 0.00 0.00 0.00 0.00 0.00 0.00 0.00 0.00 0.00 0.00 0.00 0.00 0.00
6.47 6.49 6.51 6.52 6.54 6.56 6.57 6.59 6.60 6.62 6.63 6.67 6.70 6.73 6.75 6.78 6.80 6.82 6.85 6.87 6.91 6.94 6.97 7.04 7.08 7.11 7.16 7.22 7.27 7.32 7.37 7.42 7.48 7.53 7.62 7.68 7.78 7.82 7.88 5.42 4.41 3.63 3.36 4.13 5.03 5.21 5.19 5.24 5.64 7.57 4.41 4.13 3.38 2.92 2.51 1.99 1.51 0.09 0.00 0.00 -0.00 0.00 0.00 0.00 0.00 0.00 0.00 0.00 0.00 0.00 0.00 0.00 0.00 0.00 0.00 0.00 0.00 0.00 0.00 0.00 0.00 0.00 0.00 0.00
6.44 6.47 6.49 6.51 6.53 6.54 6.57 6.58 6.60 6.61 6.63 6.66 6.70 6.72 6.74 6.76 6.79 6.81 6.83 6.86 6.90 6.92 6.95 7.03 7.06 7.10 7.15 7.21 7.26 7.31 7.36 7.41 7.47 7.51 7.56 7.64 7.70 7.82 6.29 3.91 4.06 3.32 3.45 4.29 5.13 5.27 5.25 5.31 5.76 7.58 4.35 4.08 3.24 2.90 2.41 1.79 1.03 0.02 0.00 0.00 -0.00 0.00 0.00 0.00 0.00 0.00 0.00 0.00 0.00 0.00 0.00 0.00 0.00 0.00 0.00 0.00 0.00 0.00 0.00 0.00 0.00 0.00 0.00 0.00
6.44 6.45 6.47 6.50 6.52 6.54 6.56 6.58 6.60 6.61 6.64 6.66 6.68 6.72 6.74 6.76 6.78 6.81 6.83 6.85 6.89 6.92 6.95 6.98 7.06 7.10 7.13 7.20 7.25 7.29 7.34 7.39 7.44 7.49 7.54 7.63 7.68 7.80 7.58 5.03 3.68 3.26 3.46 4.72 5.25 5.38 5.34 5.44 6.14 7.58 4.32 4.09 3.16 2.84 2.34 1.88 0.46 0.01 0.00 0.00 -0.00 0.00 0.00 0.00 0.00 0.00 0.00 0.00 0.00 0.00 0.00 0.00 0.00 0.00 0.00 0.00 0.00 0.00 0.00 0.00 0.00 0.00 0.00 0.00
6.45 6.46 6.47 6.49 6.51 6.54 6.56 6.58 6.59 6.61 6.64 6.66 6.68 6.71 6.74 6.76 6.78 6.80 6.83 6.85 6.89 6.91 6.94 6.98 7.05 7.08 7.12 7.19 7.23 7.28 7.33 7.38 7.43 7.48 7.53 7.61 7.67 7.77 7.82 7.60 4.14 3.22 3.52 4.97 5.34 5.80 5.59 5.42 6.61 7.58 4.30 4.15 3.17 2.79 2.28 2.05 0.20 0.00 0.00 0.00 -0.00 0.00 0.00 0.00 0.00 0.00 0.00 0.00 0.00 0.00 0.00 0.00 0.00 0.00 0.00 0.00 0.00 0.00 0.00 0.00 0.00 0.00 0.00 0.00
