tsunami_inundation/2610.asc
ncols        89
nrows        96
xllcorner    425855.973699999973
yllcorner    5091051.504999999888
cellsize     55.000000000000
NODATA_value  -9999.00
[rows 0 to 36 of 96, columns 0 to 83 of 89]
-9999.00 6.64 6.68 6.80 6.78 6.87 6.91 6.93 6.95 6.95 6.97 6.98 7.00 7.02 7.05 7.07 7.09 7.13 7.15 7.18 7.20 7.25 7.28 7.32 7.36 7.39 7.43 7.46 7.51 7.54 7.58 7.61 7.63 7.66 7.69 7.75 7.79 7.83 7.87 7.90 7.86 2.17 0.72 1.18 1.17 0.37 0.05 0.03 0.97 3.24 5.20 5.62 5.71 5.82 5.92 6.02 6.07 6.03 5.95 3.58 3.70 3.66 3.08 2.01 0.06 0.00 0.00 0.00 0.00 0.00 0.00 0.00 0.00 0.00 0.00 0.00 0.00 0.00 0.00 0.00 0.00 0.00 0.00 0.00
-9999.00 6.58 6.63 6.71 6.75 6.78 6.83 6.88 6.88 6.90 6.94 6.96 6.97 6.99 7.02 7.04 7.08 7.11 7.13 7.15 7.18 7.23 7.26 7.30 7.34 7.38 7.42 7.46 7.56 7.59 7.62 7.65 7.67 7.69 7.72 7.78 7.82 7.86 7.89 7.93 7.90 2.58 0.47 0.87 1.16 0.95 0.44 0.95 3.34 4.85 5.32 5.41 5.53 5.66 5.77 5.88 6.03 6.00 5.90 3.55 3.76 3.73 3.41 2.24 0.13 0.00 0.00 0.00 0.00 0.00 0.00 0.00 0.00 0.00 0.00 0.00 0.00 0.00 0.00 0.00 0.00 0.00 0.00 0.00
-9999.00 6.55 6.65 6.69 6.73 6.76 6.80 6.84 6.87 6.89 6.92 6.94 6.95 6.97 7.01 7.05 7.07 7.09 7.11 7.13 7.16 7.20 7.24 7.28 7.32 7.36 7.40 7.44 7.48 7.59 7.64 7.68 7.73 7.76 7.79 7.81 7.85 7.88 7.92 7.95 7.93 1.34 0.51 0.71 0.99 1.04 1.15 2.94 4.50 5.01 5.06 5.20 5.37 5.52 5.66 5.91 5.96 5.95 5.63 3.89 3.64 3.81 3.56 2.22 1.33 0.00 0.00 0.00 0.00 0.00 0.00 0.00 0.00 0.00 0.00 0.00 0.00 0.00 0.00 0.00 0.00 0.00 0.00 0.00
-9999.00 6.54 6.64 6.68 6.72 6.76 6.79 6.84 6.87 6.89 6.91 6.93 6.95 6.97 7.01 7.03 7.07 7.09 7.11 7.13 7.15 7.19 7.23 7.26 7.30 7.34 7.37 7.41 7.53 7.58 7.63 7.69 7.74 7.80 7.84 7.86 7.88 7.90 7.93 7.96 7.99 5.46 0.89 0.74 0.81 0.90 1.13 3.74 4.79 4.79 4.81 5.01 5.21 5.41 5.58 5.89 5.93 5.93 5.69 4.30 3.68 3.75 3.47 2.09 0.91 0.00 0.00 0.00 0.00 0.00 0.00 0.00 0.00 0.00 0.00 0.00 0.00 0.00 0.00 0.00 0.00 0.00 0.00 0.00
-9999.00 6.53 6.63 6.67 6.71 6.75 6.78 6.83 6.85 6.87 6.90 6.92 6.94 6.95 6.97 7.03 7.05 7.07 7.10 7.12 7.15 7.19 7.22 7.26 7.29 7.33 7.36 7.40 7.44 7.56 7.62 7.68 7.74 7.80 7.86 7.90 7.93 7.94 7.95 7.98 8.01 7.01 1.27 0.91 0.86 0.67 2.32 4.17 4.76 4.69 4.68 4.86 5.05 5.20 5.12 5.06 5.47 5.52 5.54 4.64 3.55 3.92 3.10 1.79 0.60 0.00 0.00 0.00 0.00 0.00 0.00 0.00 0.00 0.00 0.00 0.00 0.00 0.00 0.00 0.00 0.00 0.00 0.00 0.00
-9999.00 6.52 6.61 6.66 6.69 6.73 6.76 6.79 6.82 6.84 6.86 6.88 6.91 6.93 6.96 7.02 7.04 7.06 7.09 7.11 7.14 7.17 7.22 7.26 7.29 7.33 7.37 7.41 7.51 7.55 7.60 7.66 7.72 7.79 7.85 7.91 7.97 7.99 8.00 8.01 8.03 7.03 1.70 1.19 1.10 0.78 2.70 4.50 4.72 4.69 4.76 4.82 4.84 4.84 4.56 4.41 4.05 3.69 4.56 4.32 4.11 4.01 3.57 2.46 0.42 0.00 0.00 0.00 0.00 0.00 0.00 0.00 0.00 0.00 0.00 0.00 0.00 0.00 0.00 0.00 0.00 0.00 0.00 0.00
-9999.00 6.52 6.57 6.61 6.65 6.69 6.72 6.75 6.79 6.82 6.84 6.87 6.89 6.92 6.94 7.00 7.03 7.05 7.07 7.10 7.13 7.16 7.21 7.25 7.29 7.33 7.37 7.41 7.49 7.55 7.60 7.65 7.70 7.77 7.83 7.90 7.98 8.03 8.05 8.06 8.05 3.41 2.13 1.69 1.55 1.35 1.93 3.97 4.69 4.79 4.91 4.91 4.93 5.05 5.11 4.75 4.49 4.02 3.35 3.57 3.69 3.77 3.61 3.09 1.67 0.11 0.01 0.00 0.00 0.00 0.00 0.00 0.00 0.00 0.00 0.00 0.00 0.00 0.00 0.00 0.00 0.00 0.00 0.00
-9999.00 6.48 6.53 6.58 6.62 6.66 6.70 6.73 6.77 6.80 6.82 6.85 6.88 6.90 6.93 6.99 7.02 7.04 7.06 7.09 7.12 7.15 7.20 7.23 7.27 7.31 7.36 7.40 7.49 7.55 7.59 7.64 7.69 7.74 7.81 7.88 7.94 8.03 8.07 8.11 8.11 8.10 2.98 2.06 1.86 1.72 2.12 3.86 4.68 4.87 5.00 5.10 5.19 5.28 5.45 5.16 4.93 4.60 2.28 2.55 3.72 3.77 3.70 3.58 3.54 2.45 0.49 0.01 0.00 0.00 0.00 0.00 0.00 0.00 0.00 0.00 0.00 0.00 0.00 0.00 0.00 0.00 0.00 0.00
-9999.00 6.45 6.50 6.55 6.60 6.64 6.68 6.71 6.76 6.78 6.81 6.83 6.86 6.89 6.91 6.98 7.00 7.03 7.05 7.08 7.11 7.14 7.18 7.22 7.25 7.29 7.33 7.42 7.46 7.53 7.58 7.63 7.69 7.74 7.79 7.85 7.88 7.96 8.01 8.05 8.11 5.87 3.77 2.79 2.25 2.08 2.67 4.05 4.73 4.97 5.11 5.40 5.55 5.61 5.66 5.56 5.24 4.90 2.22 1.50 2.28 3.73 3.71 3.61 3.51 3.58 0.99 0.00 0.00 0.00 0.00 0.00 0.00 0.00 0.00 0.00 0.00 0.00 0.00 0.00 0.00 0.00 0.00 0.00
-9999.00 6.38 6.48 6.53 6.58 6.62 6.66 6.69 6.74 6.76 6.79 6.81 6.84 6.87 6.89 6.96 6.98 7.00 7.03 7.05 7.08 7.11 7.15 7.20 7.23 7.27 7.31 7.35 7.44 7.52 7.57 7.62 7.68 7.73 7.79 7.83 7.87 7.93 7.96 7.99 8.01 6.84 4.50 3.50 2.84 2.73 3.71 4.53 4.90 5.20 5.35 5.56 5.78 5.91 5.99 5.89 5.74 4.10 2.24 2.23 2.18 2.29 1.90 1.75 3.25 3.50 0.24 0.00 0.00 0.00 0.00 0.00 0.00 0.00 0.00 0.00 0.00 0.00 0.00 0.00 0.00 0.00 0.00 0.00
-9999.00 6.34 6.46 6.51 6.56 6.60 6.64 6.67 6.71 6.74 6.76 6.78 6.80 6.83 6.86 6.92 6.95 6.98 7.01 7.04 7.07 7.10 7.13 7.18 7.22 7.26 7.30 7.34 7.43 7.48 7.55 7.61 7.66 7.72 7.78 7.83 7.87 7.91 7.93 7.94 7.94 7.71 7.47 6.09 3.66 4.20 4.71 4.64 5.21 5.53 5.73 5.81 6.00 6.11 6.41 6.41 5.40 3.47 2.87 3.09 2.85 2.55 2.04 1.47 2.84 3.40 1.49 0.00 0.00 0.00 0.00 0.00 0.00 0.00 0.00 0.00 0.00 0.00 0.00 0.00 0.00 0.00 0.00 0.00
-9999.00 6.32 6.44 6.49 6.53 6.57 6.61 6.64 6.67 6.71 6.73 6.76 6.79 6.81 6.87 6.91 6.93 6.96 6.99 7.02 7.05 7.08 7.12 7.17 7.21 7.25 7.29 7.37 7.42 7.46 7.54 7.59 7.64 7.70 7.76 7.81 7.85 7.89 7.91 7.91 7.89 7.63 7.41 7.06 6.30 5.48 5.40 5.15 5.43 6.54 6.49 6.66 6.68 6.64 6.73 6.75 5.31 3.41 2.86 3.34 3.11 2.97 2.48 1.91 2.53 3.30 0.03 0.00 0.00 0.00 0.00 0.00 0.00 0.00 0.00 0.00 0.00 0.00 0.00 0.00 0.00 0.00 0.00 0.00
6.30 6.37 6.42 6.47 6.52 6.56 6.59 6.63 6.65 6.69 6.72 6.75 6.77 6.83 6.85 6.89 6.92 6.95 6.98 7.01 7.04 7.07 7.11 7.16 7.20 7.24 7.28 7.36 7.40 7.45 7.52 7.57 7.63 7.68 7.73 7.77 7.82 7.85 7.89 7.89 7.78 7.60 7.37 7.04 6.28 6.06 5.99 5.60 5.26 6.39 6.65 6.80 6.96 6.91 7.33 6.99 4.71 3.49 3.14 3.42 3.20 2.89 2.48 1.99 2.04 3.20 0.00 0.00 0.00 0.00 0.00 0.00 0.00 0.00 0.00 0.00 0.00 0.00 0.00 0.00 0.00 0.00 0.00 0.00
6.28 6.35 6.41 6.46 6.50 6.54 6.58 6.61 6.64 6.68 6.71 6.73 6.76 6.79 6.84 6.87 6.91 6.94 6.97 7.00 7.03 7.06 7.10 7.15 7.19 7.22 7.26 7.35 7.38 7.43 7.50 7.55 7.60 7.65 7.70 7.74 7.79 7.82 7.86 7.84 7.77 7.60 7.37 7.03 6.62 6.52 6.47 6.12 5.42 6.08 6.72 6.78 7.19 7.40 7.56 6.41 4.45 3.45 3.92 3.56 3.39 2.92 2.50 2.14 1.76 3.05 0.00 0.00 0.00 0.00 0.00 0.00 0.00 0.00 0.00 0.00 0.00 0.00 0.00 0.00 0.00 0.00 0.00 0.00
6.27 6.34 6.39 6.44 6.49 6.53 6.56 6.60 6.63 6.67 6.69 6.72 6.74 6.80 6.83 6.86 6.90 6.93 6.96 6.99 7.02 7.05 7.08 7.11 7.17 7.21 7.24 7.33 7.37 7.41 7.48 7.53 7.58 7.63 7.68 7.72 7.76 7.79 7.82 7.80 7.74 7.64 7.37 7.03 6.89 6.82 6.78 6.61 5.78 6.01 6.81 6.83 7.32 7.47 7.68 5.82 4.11 3.49 3.99 3.62 3.31 2.99 3.01 2.22 1.43 2.10 0.13 0.00 0.00 0.00 0.00 0.00 0.00 0.00 0.00 0.00 0.00 0.00 0.00 0.00 0.00 0.00 0.00 0.00
6.25 6.30 6.38 6.43 6.47 6.51 6.55 6.58 6.61 6.65 6.68 6.70 6.73 6.79 6.81 6.83 6.88 6.91 6.93 6.96 7.00 7.03 7.06 7.10 7.15 7.19 7.23 7.31 7.35 7.40 7.44 7.51 7.56 7.61 7.66 7.70 7.74 7.76 7.79 7.79 7.72 7.62 7.40 7.20 7.18 7.03 6.91 6.90 6.36 6.21 6.79 6.87 7.06 7.40 7.52 5.80 3.18 3.52 3.96 3.72 3.19 3.01 2.65 1.99 1.22 0.09 0.00 0.00 0.00 0.00 0.00 0.00 0.00 0.00 0.00 0.00 0.00 0.00 0.00 0.00 0.00 0.00 0.00 0.00
6.23 6.28 6.36 6.41 6.46 6.50 6.53 6.56 6.59 6.61 6.65 6.68 6.71 6.76 6.79 6.82 6.86 6.89 6.92 6.95 6.98 7.01 7.04 7.08 7.13 7.17 7.21 7.29 7.33 7.38 7.42 7.49 7.54 7.59 7.63 7.68 7.71 7.74 7.77 7.78 7.71 7.61 7.47 7.37 7.38 7.18 7.06 7.03 6.86 6.83 6.87 6.93 6.92 7.24 6.76 5.53 3.07 3.94 4.11 3.79 3.60 3.07 2.66 1.95 1.23 0.03 0.00 0.00 0.00 0.00 0.00 0.00 0.00 0.00 0.00 0.00 0.00 0.00 0.00 0.00 0.00 0.00 0.00 0.00
6.21 6.26 6.33 6.38 6.42 6.46 6.50 6.54 6.57 6.60 6.64 6.66 6.69 6.72 6.77 6.80 6.84 6.87 6.90 6.93 6.96 6.99 7.03 7.06 7.11 7.15 7.23 7.27 7.31 7.35 7.40 7.47 7.51 7.56 7.61 7.65 7.69 7.73 7.75 7.77 7.71 7.65 7.58 7.53 7.52 7.26 7.11 7.09 7.06 7.02 7.03 7.01 6.96 7.05 6.18 4.94 3.20 4.09 3.95 3.87 3.55 2.79 2.31 1.51 2.02 1.02 0.00 0.00 0.00 0.00 0.00 0.00 0.00 0.00 0.00 0.00 0.00 0.00 0.00 0.00 0.00 0.00 0.00 0.00
6.15 6.23 6.31 6.36 6.40 6.44 6.48 6.51 6.54 6.57 6.62 6.64 6.67 6.72 6.75 6.78 6.81 6.85 6.88 6.91 6.94 6.97 7.00 7.04 7.09 7.13 7.16 7.24 7.28 7.32 7.37 7.44 7.49 7.52 7.57 7.62 7.66 7.69 7.72 7.73 7.71 7.67 7.63 7.61 7.56 7.41 6.68 6.88 7.08 7.10 7.06 7.03 6.99 7.01 6.46 4.40 3.09 3.84 3.44 3.75 3.08 2.28 1.58 1.76 2.42 0.37 0.00 0.00 0.00 0.00 0.00 0.00 0.00 0.00 0.00 0.00 0.00 0.00 0.00 0.00 0.00 0.00 0.00 0.00
6.13 6.19 6.24 6.31 6.36 6.40 6.46 6.49 6.52 6.55 6.59 6.62 6.65 6.70 6.73 6.76 6.79 6.83 6.85 6.88 6.91 6.95 6.98 7.01 7.05 7.14 7.16 7.20 7.24 7.28 7.33 7.40 7.45 7.50 7.55 7.59 7.63 7.66 7.69 7.71 7.71 7.69 7.67 7.65 7.60 7.18 3.63 5.57 6.93 7.09 7.06 7.03 6.99 6.99 7.02 3.87 3.13 3.69 3.25 3.30 2.54 2.46 2.59 2.59 0.93 0.03 0.00 0.00 0.00 0.00 0.00 0.00 0.00 0.00 0.00 0.00 0.00 0.00 0.00 0.00 0.00 0.00 0.00 0.00
6.10 6.16 6.22 6.29 6.34 6.38 6.43 6.47 6.50 6.53 6.53 6.60 6.62 6.68 6.71 6.73 6.76 6.80 6.83 6.86 6.88 6.91 6.94 6.98 7.01 7.06 7.13 7.17 7.21 7.26 7.30 7.35 7.42 7.47 7.52 7.56 7.59 7.62 7.65 7.70 7.71 7.71 7.73 7.71 6.68 3.69 3.11 5.47 6.50 7.04 7.05 7.03 6.99 6.97 7.00 3.28 3.09 3.44 3.01 2.85 2.63 2.25 2.55 2.73 0.59 0.00 0.00 0.00 0.00 0.00 0.00 0.00 0.00 0.00 0.00 0.00 0.00 0.00 0.00 0.00 0.00 0.00 0.00 0.00
6.07 6.13 6.19 6.27 6.31 6.35 6.39 6.41 6.45 6.48 6.51 6.58 6.60 6.65 6.68 6.70 6.73 6.77 6.80 6.83 6.86 6.89 6.92 6.95 6.98 7.07 7.11 7.14 7.18 7.23 7.27 7.32 7.39 7.43 7.48 7.52 7.56 7.59 7.65 7.69 7.71 7.74 7.76 7.78 5.10 2.96 2.75 5.11 5.70 5.97 6.42 7.03 7.04 7.01 6.22 2.39 2.22 2.61 2.56 2.72 2.40 1.78 2.25 2.50 1.18 0.00 0.00 0.00 0.00 0.00 0.00 0.00 0.00 0.00 0.00 0.00 0.00 0.00 0.00 0.00 0.00 0.00 0.00 0.00
6.01 6.07 6.13 6.21 6.26 6.31 6.35 6.38 6.42 6.45 6.48 6.52 6.55 6.61 6.66 6.68 6.68 6.71 6.78 6.81 6.84 6.87 6.90 6.93 6.96 7.04 7.08 7.11 7.15 7.19 7.23 7.28 7.35 7.39 7.44 7.48 7.52 7.57 7.64 7.69 7.72 7.75 7.77 7.78 3.04 2.49 3.35 5.11 5.12 5.00 5.44 7.08 7.09 7.07 5.38 2.08 1.75 1.69 2.09 2.49 1.97 1.52 1.80 2.39 0.65 0.00 0.00 0.00 0.00 0.00 0.00 0.00 0.00 0.00 0.00 0.00 0.00 0.00 0.00 0.00 0.00 0.00 0.00 0.00
5.99 6.04 6.10 6.17 6.22 6.27 6.31 6.35 6.38 6.42 6.45 6.49 6.55 6.58 6.61 6.63 6.66 6.68 6.72 6.78 6.78 6.84 6.87 6.90 6.93 7.01 7.04 7.08 7.11 7.15 7.19 7.24 7.31 7.35 7.40 7.45 7.50 7.55 7.58 7.68 7.70 7.73 7.77 5.31 2.60 2.68 3.93 5.17 5.17 5.08 5.67 6.92 7.14 7.09 4.66 2.14 1.81 1.60 2.11 2.22 1.67 1.39 1.77 0.75 0.00 0.00 0.00 0.00 0.00 0.00 0.00 0.00 0.00 0.00 0.00 0.00 0.00 0.00 0.00 0.00 0.00 0.00 0.00 0.00
5.96 6.02 6.08 6.13 6.19 6.23 6.27 6.31 6.34 6.38 6.41 6.46 6.52 6.55 6.57 6.60 6.63 6.65 6.69 6.72 6.74 6.77 6.80 6.83 6.86 6.87 6.95 7.04 7.08 7.11 7.15 7.18 7.25 7.31 7.36 7.41 7.46 7.51 7.59 7.64 7.68 7.71 7.76 4.88 2.74 3.65 4.87 5.12 5.14 5.11 5.82 7.21 7.16 7.14 3.85 2.20 1.86 1.84 2.38 2.05 1.62 1.46 0.36 0.00 0.00 0.00 0.00 0.00 0.00 0.00 0.00 0.00 0.00 0.00 0.00 0.00 0.00 0.00 0.00 0.00 0.00 0.00 0.00 0.00
5.94 6.00 6.06 6.11 6.17 6.21 6.25 6.28 6.31 6.35 6.38 6.41 6.48 6.51 6.54 6.56 6.59 6.62 6.64 6.66 6.69 6.72 6.74 6.78 6.84 6.89 6.93 6.99 7.00 7.04 7.10 7.15 7.20 7.28 7.33 7.38 7.43 7.47 7.51 7.61 7.65 7.69 7.61 4.09 3.19 4.36 4.94 5.19 5.20 5.06 5.79 7.20 7.17 7.15 3.16 2.26 1.93 2.36 2.37 1.95 1.29 1.10 0.00 0.00 0.00 0.00 0.00 0.00 0.00 0.00 0.00 0.00 0.00 0.00 0.00 0.00 0.00 0.00 0.00 0.00 0.00 0.00 0.00 0.00
5.92 5.98 6.03 6.08 6.15 6.20 6.23 6.27 6.30 6.33 6.35 6.38 6.44 6.47 6.49 6.52 6.54 6.57 6.61 6.63 6.66 6.69 6.72 6.75 6.78 6.86 6.90 6.94 6.98 7.01 7.06 7.10 7.17 7.21 7.26 7.31 7.39 7.44 7.53 7.59 7.64 7.68 7.35 3.64 3.58 4.79 4.85 5.15 5.16 5.07 5.93 7.18 7.18 5.91 2.54 2.07 1.90 2.32 2.13 1.38 0.73 0.33 0.00 0.00 0.00 0.00 0.00 0.00 0.00 0.00 0.00 0.00 0.00 0.00 0.00 0.00 0.00 0.00 0.00 0.00 0.00 0.00 0.00 0.00
5.91 5.96 6.01 6.06 6.13 6.16 6.20 6.24 6.27 6.31 6.34 6.40 6.43 6.45 6.48 6.50 6.53 6.55 6.57 6.61 6.64 6.67 6.69 6.72 6.79 6.84 6.88 6.91 6.95 6.99 7.03 7.07 7.11 7.17 7.23 7.28 7.32 7.37 7.51 7.51 7.61 7.66 6.52 3.19 3.80 4.93 4.87 5.11 5.14 5.68 7.18 7.19 6.63 3.23 2.57 2.18 1.86 1.94 1.91 1.30 0.39 0.13 0.00 0.00 0.00 0.00 0.00 0.00 0.00 0.00 0.00 0.00 0.00 0.00 0.00 0.00 0.00 0.00 0.00 0.00 0.00 0.00 0.00 0.00
5.88 5.94 5.99 6.04 6.11 6.15 6.19 6.22 6.25 6.28 6.32 6.39 6.41 6.44 6.46 6.49 6.51 6.53 6.56 6.59 6.62 6.65 6.68 6.70 6.73 6.80 6.85 6.88 6.92 6.95 6.99 7.03 7.07 7.14 7.19 7.22 7.26 7.32 7.42 7.48 7.58 7.18 2.93 3.12 4.65 4.95 4.83 5.03 5.13 6.07 7.21 7.21 4.67 2.86 2.50 2.07 1.85 1.91 1.75 1.33 0.27 0.10 0.00 0.00 0.00 0.00 0.00 0.00 0.00 0.00 0.00 0.00 0.00 0.00 0.00 0.00 0.00 0.00 0.00 0.00 0.00 0.00 0.00 0.00
5.85 5.92 5.98 6.03 6.08 6.14 6.17 6.21 6.24 6.27 6.30 6.37 6.39 6.42 6.44 6.46 6.49 6.51 6.54 6.57 6.60 6.62 6.65 6.68 6.70 6.76 6.81 6.84 6.86 6.89 6.93 6.98 7.02 7.06 7.13 7.18 7.23 7.35 7.39 7.45 6.14 3.42 2.71 3.52 4.60 4.91 4.71 4.86 5.15 6.49 7.22 6.72 3.70 2.85 2.59 1.89 1.96 2.08 1.64 1.44 0.27 0.05 0.00 0.00 0.00 0.00 0.00 0.00 0.00 0.00 0.00 0.00 0.00 0.00 0.00 0.00 0.00 0.00 0.00 0.00 0.00 0.00 0.00 0.00
5.85 5.90 5.95 6.01 6.06 6.12 6.16 6.19 6.22 6.25 6.31 6.33 6.37 6.39 6.42 6.44 6.46 6.49 6.51 6.55 6.57 6.59 6.60 6.63 6.68 6.71 6.76 6.79 6.83 6.86 6.90 6.94 6.98 7.03 7.10 7.15 7.20 7.30 7.33 7.38 3.45 3.15 2.73 3.74 4.51 4.85 4.72 4.88 5.82 7.27 7.26 4.12 3.55 2.79 2.56 1.98 2.17 2.17 1.58 1.28 0.14 0.03 0.00 0.00 0.00 0.00 0.00 0.00 0.00 0.00 0.00 0.00 0.00 0.00 0.00 0.00 0.00 0.00 0.00 0.00 0.00 0.00 0.00 0.00
5.85 5.90 5.95 5.99 6.03 6.09 6.13 6.17 6.20 6.23 6.29 6.32 6.35 6.38 6.40 6.41 6.43 6.45 6.48 6.51 6.53 6.56 6.58 6.60 6.66 6.68 6.73 6.76 6.80 6.83 6.87 6.91 6.95 6.99 7.07 7.11 7.15 7.21 7.26 7.31 4.77 3.21 2.67 3.53 4.56 4.90 4.79 4.90 6.05 7.30 5.12 3.99 3.55 2.91 2.53 2.46 2.40 2.27 1.43 0.88 0.07 0.00 0.00 0.00 0.00 0.00 0.00 0.00 0.00 0.00 0.00 0.00 0.00 0.00 0.00 0.00 0.00 0.00 0.00 0.00 0.00 0.00 0.00 0.00
5.86 5.90 5.95 5.99 6.03 6.08 6.11 6.15 6.18 6.21 6.25 6.28 6.32 6.34 6.37 6.39 6.41 6.43 6.46 6.48 6.51 6.54 6.56 6.61 6.63 6.66 6.70 6.73 6.76 6.80 6.83 6.87 6.92 6.96 7.02 7.05 7.08 7.14 7.20 7.24 4.93 3.40 2.57 3.49 4.66 4.92 4.89 4.97 5.39 7.35 4.33 3.96 3.47 2.89 2.50 2.32 2.45 2.23 1.68 0.07 0.02 0.00 0.00 0.00 0.00 0.00 0.00 0.00 0.00 0.00 0.00 0.00 0.00 0.00 0.00 0.00 0.00 0.00 0.00 0.00 0.00 0.00 0.00 0.00
5.84 5.89 5.94 5.97 6.01 6.06 6.09 6.12 6.15 6.18 6.21 6.26 6.29 6.32 6.34 6.36 6.39 6.41 6.43 6.46 6.49 6.51 6.54 6.58 6.61 6.63 6.66 6.70 6.73 6.77 6.80 6.84 6.87 6.91 6.96 6.99 7.06 7.10 7.17 4.74 3.82 3.16 3.04 3.89 4.81 4.98 4.96 5.01 5.42 7.35 4.19 3.92 3.19 2.78 2.42 2.01 2.17 2.14 1.12 0.03 0.03 0.00 0.00 0.00 0.00 0.00 0.00 0.00 0.00 0.00 0.00 0.00 0.00 0.00 0.00 0.00 0.00 0.00 0.00 0.00 0.00 0.00 0.00 0.00
5.76 5.82 5.88 5.94 5.98 6.02 6.08 6.11 6.14 6.16 6.19 6.24 6.27 6.30 6.32 6.34 6.36 6.39 6.41 6.43 6.47 6.49 6.52 6.57 6.59 6.62 6.64 6.68 6.70 6.73 6.76 6.79 6.82 6.83 6.86 6.92 6.97 7.08 5.58 3.25 3.49 2.92 3.16 4.06 4.91 5.05 5.02 5.09 5.55 7.35 4.14 3.87 3.07 2.77 2.33 1.85 2.32 1.79 0.34 0.02 0.00 0.00 0.00 0.00 0.00 0.00 0.00 0.00 0.00 0.00 0.00 0.00 0.00 0.00 0.00 0.00 0.00 0.00 0.00 0.00 0.00 0.00 0.00 0.00
5.70 5.76 5.82 5.88 5.93 5.98 6.04 6.08 6.11 6.14 6.20 6.22 6.25 6.28 6.30 6.32 6.34 6.37 6.39 6.41 6.45 6.48 6.50 6.53 6.57 6.60 6.60 6.63 6.65 6.67 6.70 6.72 6.75 6.79 6.83 6.90 6.96 7.08 6.89 4.38 3.12 2.92 3.21 4.51 5.05 5.17 5.12 5.23 5.93 7.35 4.12 3.89 3.00 2.73 2.30 2.07 2.06 1.24 0.06 0.00 -0.00 0.00 0.00 0.00 0.00 0.00 0.00 0.00 0.00 0.00 0.00 0.00 0.00 0.00 0.00 0.00 0.00 0.00 0.00 0.00 0.00 0.00 0.00 0.00
5.65 5.71 5.77 5.82 5.87 5.92 5.99 6.03 6.07 6.11 6.17 6.20 6.22 6.26 6.28 6.30 6.32 6.34 6.37 6.39 6.41 6.44 6.46 6.48 6.52 6.54 6.56 6.59 6.61 6.64 6.66 6.69 6.72 6.77 6.81 6.90 6.96 7.07 7.14 6.94 3.55 2.85 3.30 4.78 5.16 5.60 5.38 5.21 6.41 7.36 4.11 3.97 3.03 2.71 2.33 2.40 1.85 1.06 0.03 0.00 0.00 0.00 0.00 0.00 0.00 0.00 0.00 0.00 0.00 0.00 0.00 0.00 0.00 0.00 0.00 0.00 0.00 0.00 0.00 0.00 0.00 0.00 0.00 0.00
