tsunami_inundation/2610.asc
ncols        89
nrows        96
xllcorner    425855.973699999973
yllcorner    5091051.504999999888
cellsize     55.000000000000
NODATA_value  -9999.00
[rows 37 to 73 of 96, columns 0 to 83 of 89]
5.62 5.67 5.73 5.78 5.82 5.87 5.94 5.98 6.02 6.09 6.12 6.15 6.18 6.19 6.21 6.24 6.26 6.28 6.31 6.33 6.35 6.39 6.43 6.45 6.47 6.49 6.51 6.55 6.58 6.61 6.64 6.67 6.71 6.76 6.81 6.90 6.96 7.07 7.13 7.19 3.57 2.74 3.42 4.77 5.16 5.79 5.70 5.33 7.18 7.34 4.09 3.93 2.92 2.54 2.40 2.26 1.53 0.70 0.01 0.00 0.00 0.00 0.00 0.00 0.00 0.00 0.00 0.00 0.00 0.00 0.00 0.00 0.00 0.00 0.00 0.00 0.00 0.00 0.00 0.00 0.00 0.00 0.00 0.00
5.62 5.67 5.71 5.74 5.77 5.83 5.84 5.91 5.95 6.02 6.05 6.07 6.10 6.14 6.16 6.19 6.21 6.23 6.26 6.28 6.30 6.33 6.38 6.40 6.42 6.45 6.48 6.50 6.55 6.59 6.63 6.67 6.72 6.76 6.82 6.96 7.00 7.06 7.12 6.17 2.72 2.72 3.49 4.78 5.19 5.56 5.25 5.67 7.31 4.38 4.07 3.79 2.82 2.50 2.35 1.93 1.35 0.16 0.00 0.00 0.00 0.00 0.00 0.00 0.00 0.00 0.00 0.00 0.00 0.00 0.00 0.00 0.00 0.00 0.00 0.00 0.00 0.00 0.00 0.00 0.00 0.00 0.00 0.00
5.62 5.66 5.70 5.74 5.77 5.80 5.83 5.89 5.92 5.96 5.98 6.04 6.06 6.10 6.12 6.15 6.17 6.19 6.21 6.24 6.26 6.30 6.34 6.37 6.39 6.42 6.45 6.48 6.55 6.59 6.64 6.68 6.72 6.77 6.82 6.87 6.99 7.05 7.11 5.22 2.37 2.74 3.83 4.78 5.05 5.39 5.27 6.66 7.30 4.33 4.04 3.72 2.78 2.50 2.30 1.76 1.53 0.07 0.00 0.00 0.00 0.00 0.00 0.00 0.00 0.00 0.00 0.00 0.00 0.00 0.00 0.00 0.00 0.00 0.00 0.00 0.00 0.00 0.00 0.00 0.00 0.00 0.00 0.00
5.61 5.66 5.70 5.73 5.76 5.79 5.81 5.86 5.88 5.91 5.97 5.99 6.02 6.06 6.08 6.12 6.14 6.16 6.19 6.21 6.24 6.27 6.32 6.35 6.38 6.41 6.44 6.48 6.55 6.59 6.64 6.69 6.73 6.77 6.82 6.94 6.98 7.04 7.10 4.09 2.25 2.63 4.19 4.82 5.08 5.37 5.43 7.27 7.30 4.25 4.04 3.73 2.75 2.47 2.13 1.56 1.55 0.05 0.00 0.00 -0.00 0.00 0.00 0.00 0.00 0.00 0.00 0.00 0.00 0.00 0.00 0.00 0.00 0.00 0.00 0.00 0.00 0.00 0.00 0.00 0.00 0.00 0.00 0.00
5.61 5.64 5.68 5.71 5.75 5.77 5.80 5.84 5.87 5.89 5.95 5.97 6.00 6.02 6.06 6.10 6.11 6.14 6.17 6.19 6.22 6.26 6.29 6.34 6.38 6.41 6.45 6.49 6.55 6.60 6.64 6.69 6.73 6.77 6.82 6.87 6.99 7.05 7.09 3.89 2.15 2.41 3.85 4.86 5.15 5.19 5.99 7.27 7.29 4.07 3.91 3.58 2.68 2.37 1.84 1.55 1.45 0.02 0.00 0.00 -0.00 0.00 0.00 0.00 0.00 0.00 0.00 0.00 0.00 0.00 0.00 0.00 0.00 0.00 0.00 0.00 0.00 0.00 0.00 0.00 0.00 0.00 0.00 0.00
5.59 5.63 5.67 5.70 5.73 5.76 5.79 5.82 5.88 5.90 5.93 5.95 5.97 6.00 6.03 6.06 6.09 6.11 6.14 6.17 6.22 6.24 6.31 6.34 6.37 6.41 6.45 6.49 6.55 6.59 6.64 6.68 6.73 6.77 6.82 6.94 6.98 7.04 6.89 2.81 2.43 2.74 4.00 4.81 5.20 5.19 6.79 7.25 7.27 4.27 3.85 3.38 2.54 2.28 1.65 1.69 1.71 0.34 0.00 0.00 0.00 0.00 0.00 0.00 0.00 0.00 0.00 0.00 0.00 0.00 0.00 0.00 0.00 0.00 0.00 0.00 0.00 0.00 0.00 0.00 0.00 0.00 0.00 0.00
5.57 5.62 5.66 5.69 5.72 5.75 5.77 5.80 5.83 5.88 5.91 5.93 5.96 5.98 6.01 6.04 6.07 6.09 6.12 6.15 6.18 6.26 6.29 6.32 6.36 6.39 6.44 6.48 6.52 6.59 6.63 6.68 6.72 6.77 6.82 6.87 6.98 7.03 6.81 2.54 2.66 2.93 4.28 4.78 5.12 5.15 7.19 7.23 6.42 4.19 3.70 3.55 3.16 2.29 1.79 1.86 1.46 0.02 0.00 0.00 0.00 0.00 0.00 0.00 0.00 0.00 0.00 0.00 0.00 0.00 0.00 0.00 0.00 0.00 0.00 0.00 0.00 0.00 0.00 0.00 0.00 0.00 0.00 0.00
5.57 5.60 5.64 5.68 5.71 5.74 5.76 5.79 5.82 5.87 5.89 5.92 5.94 5.97 5.99 6.02 6.05 6.07 6.10 6.13 6.16 6.19 6.28 6.31 6.34 6.38 6.42 6.46 6.51 6.58 6.63 6.67 6.72 6.77 6.86 6.92 6.97 7.02 3.92 2.25 2.30 3.24 4.99 4.93 5.00 5.00 7.16 7.19 5.17 4.05 3.63 3.47 3.25 2.19 1.92 2.02 1.28 0.06 0.00 0.00 0.00 0.00 0.00 0.00 0.00 0.00 0.00 0.00 0.00 0.00 0.00 0.00 0.00 0.00 0.00 0.00 0.00 0.00 0.00 0.00 0.00 0.00 0.00 0.00
5.56 5.60 5.63 5.66 5.69 5.72 5.75 5.78 5.83 5.86 5.88 5.90 5.93 5.95 5.97 6.01 6.03 6.06 6.09 6.11 6.14 6.22 6.26 6.29 6.33 6.37 6.41 6.46 6.50 6.57 6.62 6.66 6.70 6.76 6.81 6.90 6.97 7.01 3.02 2.00 2.42 4.25 5.01 4.83 4.91 4.94 7.12 4.52 4.12 3.92 3.59 3.42 2.96 2.08 2.07 1.97 1.26 0.08 0.00 0.00 0.00 0.00 0.00 0.00 0.00 0.00 0.00 0.00 0.00 0.00 0.00 0.00 0.00 0.00 0.00 0.00 0.00 0.00 0.00 0.00 0.00 0.00 0.00 0.00
5.51 5.59 5.62 5.65 5.68 5.70 5.73 5.76 5.82 5.84 5.87 5.89 5.92 5.94 5.96 5.99 6.02 6.04 6.07 6.10 6.13 6.19 6.22 6.26 6.30 6.34 6.38 6.43 6.48 6.56 6.60 6.65 6.70 6.75 6.79 6.87 6.96 6.03 2.61 2.15 3.40 4.38 4.76 4.92 4.84 4.86 7.07 4.27 4.01 3.77 3.48 3.38 2.66 2.13 2.16 1.94 1.22 0.07 0.00 0.00 0.00 0.00 0.00 0.00 0.00 0.00 0.00 0.00 0.00 0.00 0.00 0.00 0.00 0.00 0.00 0.00 0.00 0.00 0.00 0.00 0.00 0.00 0.00 0.00
5.50 5.56 5.61 5.64 5.67 5.70 5.72 5.75 5.80 5.82 5.85 5.87 5.90 5.92 5.95 5.98 6.00 6.02 6.05 6.08 6.10 6.16 6.21 6.24 6.27 6.32 6.36 6.41 6.46 6.51 6.59 6.63 6.68 6.74 6.79 6.86 6.94 4.98 2.07 2.09 3.41 4.50 4.58 4.71 5.48 5.55 7.01 6.12 3.80 3.67 3.45 3.19 2.38 2.10 2.02 1.84 0.99 0.02 0.00 0.00 0.00 0.00 0.00 0.00 0.00 0.00 0.00 0.00 0.00 0.00 0.00 0.00 0.00 0.00 0.00 0.00 0.00 0.00 0.00 0.00 0.00 0.00 0.00 0.00
5.50 5.55 5.59 5.62 5.65 5.68 5.71 5.74 5.80 5.81 5.84 5.86 5.88 5.90 5.92 5.95 5.98 6.00 6.03 6.06 6.09 6.12 6.19 6.22 6.25 6.29 6.33 6.38 6.43 6.48 6.56 6.61 6.67 6.72 6.77 6.86 6.92 4.62 1.84 2.08 3.48 4.49 4.36 4.61 4.99 4.84 6.89 3.72 3.52 3.55 3.32 2.72 2.10 1.81 1.66 1.37 0.13 0.00 0.00 0.00 0.00 0.00 0.00 0.00 0.00 0.00 0.00 0.00 0.00 0.00 0.00 0.00 0.00 0.00 0.00 0.00 0.00 0.00 0.00 0.00 0.00 0.00 0.00 0.00
5.50 5.56 5.59 5.61 5.64 5.66 5.68 5.71 5.78 5.80 5.83 5.85 5.87 5.89 5.91 5.93 5.96 5.98 6.01 6.04 6.06 6.12 6.17 6.20 6.23 6.27 6.31 6.35 6.40 6.45 6.53 6.59 6.65 6.71 6.76 6.84 6.88 3.14 1.75 2.41 4.13 4.66 4.59 4.69 4.62 4.69 6.77 5.94 3.42 3.32 3.14 2.08 1.73 1.64 1.56 1.05 0.03 0.00 0.00 0.00 0.00 0.00 0.00 0.00 0.00 0.00 0.00 0.00 0.00 0.00 0.00 0.00 0.00 0.00 0.00 0.00 0.00 0.00 0.00 0.00 0.00 0.00 0.00 0.00
5.45 5.53 5.58 5.61 5.64 5.66 5.68 5.70 5.75 5.78 5.81 5.83 5.86 5.88 5.90 5.92 5.95 5.97 5.99 6.02 6.04 6.10 6.15 6.18 6.22 6.26 6.29 6.33 6.38 6.43 6.50 6.56 6.62 6.69 6.77 6.83 5.77 2.40 2.25 3.12 4.25 4.58 4.65 4.71 4.67 4.73 6.70 3.58 3.35 3.31 2.72 2.37 2.26 1.75 1.49 0.81 0.02 0.00 0.00 0.00 0.00 0.00 0.00 0.00 0.00 0.00 0.00 0.00 0.00 0.00 0.00 0.00 0.00 0.00 0.00 0.00 0.00 0.00 0.00 0.00 0.00 0.00 0.00 0.00
5.42 5.47 5.54 5.58 5.63 5.66 5.69 5.72 5.75 5.77 5.79 5.81 5.84 5.86 5.88 5.91 5.94 5.96 5.98 6.01 6.06 6.09 6.12 6.17 6.20 6.23 6.27 6.29 6.34 6.39 6.45 6.51 6.56 6.68 6.74 6.74 4.53 2.34 2.66 3.24 3.75 4.11 4.08 3.96 4.24 5.15 6.60 3.54 3.38 3.27 2.65 2.74 2.20 1.74 1.59 0.82 0.02 0.00 0.00 0.00 0.00 0.00 0.00 0.00 0.00 0.00 0.00 0.00 0.00 0.00 0.00 0.00 0.00 0.00 0.00 0.00 0.00 0.00 0.00 0.00 0.00 0.00 0.00 0.00
5.48 5.46 5.51 5.54 5.58 5.62 5.66 5.72 5.75 5.77 5.78 5.80 5.82 5.84 5.86 5.88 5.92 5.94 5.97 5.99 6.04 6.07 6.10 6.14 6.18 6.21 6.24 6.28 6.34 6.38 6.42 6.50 6.54 6.64 6.71 6.49 3.42 2.51 3.38 3.03 2.99 3.19 3.23 3.44 4.26 5.85 5.99 3.49 3.36 3.11 2.61 2.66 2.14 1.75 1.62 0.82 0.02 0.00 0.00 0.00 0.00 0.00 0.00 0.00 0.00 0.00 0.00 0.00 0.00 0.00 0.00 0.00 0.00 0.00 0.00 0.00 0.00 0.00 0.00 0.00 0.00 0.00 0.00 0.00
5.60 5.58 5.53 5.53 5.56 5.59 5.62 5.68 5.71 5.75 5.78 5.80 5.82 5.84 5.86 5.87 5.91 5.93 5.95 5.98 6.00 6.05 6.08 6.14 6.17 6.21 6.25 6.28 6.33 6.37 6.42 6.51 6.56 6.60 6.71 5.52 3.25 2.51 3.32 2.55 2.22 2.35 2.96 3.86 4.60 6.43 6.45 3.30 3.32 3.02 2.66 2.56 2.11 1.88 1.60 0.57 0.01 0.00 0.00 0.00 0.00 0.00 0.00 0.00 0.00 0.00 0.00 0.00 0.00 0.00 0.00 0.00 0.00 0.00 0.00 0.00 0.00 0.00 0.00 0.00 0.00 0.00 0.00 0.00
5.58 5.64 5.65 5.63 5.59 5.58 5.62 5.63 5.65 5.69 5.72 5.76 5.79 5.81 5.83 5.86 5.88 5.92 5.94 5.97 6.02 6.05 6.08 6.13 6.17 6.20 6.23 6.27 6.32 6.37 6.42 6.52 6.59 6.64 6.71 5.26 2.98 2.12 3.20 2.36 2.17 2.38 3.23 4.05 4.86 6.39 5.56 3.11 3.22 2.92 2.76 2.54 1.92 1.84 1.49 0.37 0.01 0.00 0.00 0.00 0.00 0.00 0.00 0.00 0.00 0.00 0.00 0.00 0.00 0.00 0.00 0.00 0.00 0.00 0.00 0.00 0.00 0.00 0.00 0.00 0.00 0.00 0.00 0.00
5.09 5.11 5.56 5.67 5.70 5.71 5.70 5.66 5.65 5.67 5.70 5.72 5.74 5.77 5.79 5.82 5.85 5.88 5.91 5.97 5.99 6.02 6.06 6.11 6.14 6.18 6.22 6.27 6.32 6.39 6.45 6.54 6.59 6.66 6.65 3.77 2.26 1.95 2.95 2.17 2.40 3.09 3.83 4.13 5.86 6.36 5.27 3.14 3.27 2.87 2.49 2.37 1.86 1.80 1.40 0.15 0.00 0.00 0.00 0.00 0.00 0.00 0.00 0.00 0.00 0.00 0.00 0.00 0.00 0.00 0.00 0.00 0.00 0.00 0.00 0.00 0.00 0.00 0.00 0.00 0.00 0.00 0.00 0.00
4.51 4.57 4.64 5.26 5.53 5.67 5.74 5.74 5.73 5.72 5.71 5.71 5.72 5.74 5.76 5.79 5.81 5.85 5.88 5.91 5.97 6.00 6.04 6.07 6.13 6.18 6.23 6.29 6.36 6.41 6.46 6.42 6.33 6.12 4.72 2.34 1.79 2.45 2.81 2.13 2.45 3.25 3.93 4.21 6.33 6.35 4.35 3.19 3.30 2.60 2.10 2.17 1.77 1.63 1.14 0.05 0.00 0.00 0.00 0.00 0.00 0.00 0.00 0.00 0.00 0.00 0.00 0.00 0.00 0.00 0.00 0.00 0.00 0.00 0.00 0.00 0.00 0.00 0.00 0.00 0.00 0.00 0.00 0.00
4.48 4.53 4.59 4.67 4.96 4.80 5.06 5.71 5.74 5.76 5.76 5.75 5.75 5.76 5.77 5.78 5.80 5.84 5.86 5.89 5.96 5.99 6.03 6.07 6.13 6.18 6.25 6.29 6.30 6.25 6.11 5.98 5.95 6.00 4.54 2.03 1.63 2.56 2.57 2.13 2.49 3.52 4.10 4.80 6.32 6.33 3.27 3.18 3.15 2.22 2.15 1.97 1.66 1.35 0.82 0.01 0.00 -0.00 -0.00 0.00 0.00 0.00 0.00 0.00 0.00 0.00 0.00 0.00 0.00 0.00 0.00 0.00 0.00 0.00 0.00 0.00 0.00 0.00 0.00 0.00 0.00 0.00 0.00 0.00
4.46 4.51 4.56 4.63 4.67 4.72 4.76 5.24 4.96 5.08 5.30 5.75 5.76 5.77 5.79 5.80 5.82 5.85 5.87 5.92 5.95 5.98 6.01 6.05 6.10 6.12 6.07 5.96 5.85 5.78 5.76 5.79 5.92 5.90 3.46 1.87 1.67 2.61 2.38 2.18 3.03 3.87 4.31 5.50 6.31 6.32 3.18 3.14 2.99 2.04 1.97 1.81 1.64 1.11 0.46 0.01 0.00 -0.00 0.00 0.00 0.00 0.00 0.00 0.00 0.00 0.00 0.00 0.00 0.00 0.00 0.00 0.00 0.00 0.00 0.00 0.00 0.00 0.00 0.00 0.00 0.00 0.00 0.00 0.00
4.44 4.49 4.54 4.60 4.64 4.68 4.74 4.78 4.82 4.85 4.91 4.95 5.00 5.44 5.55 5.20 5.71 5.75 5.81 5.86 5.88 5.89 5.90 5.88 5.78 5.68 5.61 5.60 5.63 5.67 5.71 5.77 5.86 5.88 2.95 1.96 1.94 2.55 2.41 2.40 3.78 4.24 4.54 5.43 6.30 6.31 3.06 3.03 2.72 1.68 1.65 1.69 1.49 1.56 0.44 0.01 0.00 0.00 0.00 0.00 0.00 0.00 0.00 0.00 0.00 0.00 0.00 0.00 0.00 0.00 0.00 0.00 0.00 0.00 0.00 0.00 0.00 0.00 0.00 0.00 0.00 0.00 0.00 0.00
4.42 4.47 4.51 4.55 4.61 4.64 4.72 4.75 4.78 4.82 4.87 4.90 4.93 4.97 5.01 5.05 5.27 5.12 5.18 5.47 5.48 5.48 5.48 5.47 5.46 5.47 5.50 5.55 5.60 5.65 5.70 5.77 5.85 5.29 2.28 1.95 2.11 2.73 2.37 3.30 4.22 4.42 4.65 5.90 6.27 4.03 3.26 3.17 2.61 1.72 1.64 1.70 1.51 1.71 0.43 0.01 0.00 0.00 0.00 0.00 0.00 0.00 0.00 0.00 0.00 0.00 0.00 0.00 0.00 0.00 0.00 0.00 0.00 0.00 0.00 0.00 0.00 0.00 0.00 0.00 0.00 0.00 0.00 0.00
4.41 4.46 4.50 4.54 4.59 4.63 4.70 4.73 4.76 4.80 4.84 4.87 4.90 4.93 4.97 5.00 5.04 5.08 5.16 5.20 5.23 5.30 5.33 5.36 5.39 5.44 5.48 5.54 5.60 5.65 5.70 5.76 5.84 4.27 2.04 1.85 2.51 2.61 2.52 3.75 4.02 4.10 4.63 5.89 6.26 4.39 3.27 2.99 2.28 1.93 1.71 1.70 1.85 1.49 0.20 0.00 0.00 0.00 0.00 0.00 0.00 0.00 0.00 0.00 0.00 0.00 0.00 0.00 0.00 0.00 0.00 0.00 0.00 0.00 0.00 0.00 0.00 0.00 0.00 0.00 0.00 0.00 0.00 0.00
4.40 4.44 4.48 4.52 4.58 4.61 4.68 4.71 4.74 4.78 4.81 4.85 4.88 4.92 4.95 4.98 5.02 5.06 5.11 5.18 5.21 5.25 5.28 5.32 5.36 5.43 5.46 5.51 5.56 5.63 5.68 5.80 5.25 2.41 1.93 1.79 2.61 2.48 2.90 3.88 3.95 4.13 4.08 4.84 6.25 5.38 3.07 2.81 2.38 2.01 1.91 1.52 2.05 1.78 0.45 0.03 0.00 0.00 0.00 0.00 0.00 0.00 0.00 0.00 0.00 0.00 0.00 0.00 0.00 0.00 0.00 0.00 0.00 0.00 0.00 0.00 0.00 0.00 0.00 0.00 0.00 0.00 0.00 0.00
4.39 4.43 4.47 4.51 4.56 4.59 4.66 4.69 4.73 4.76 4.79 4.84 4.87 4.90 4.93 4.97 5.00 5.03 5.12 5.16 5.19 5.23 5.27 5.31 5.34 5.41 5.44 5.49 5.55 5.62 5.66 5.79 3.79 2.07 1.95 1.80 2.42 2.60 3.25 4.08 4.04 4.61 4.13 5.74 6.24 5.77 3.03 2.68 2.20 2.15 1.91 1.17 1.93 1.80 0.29 0.00 0.00 0.00 0.00 0.00 0.00 0.00 0.00 0.00 0.00 0.00 0.00 0.00 0.00 0.00 0.00 0.00 0.00 0.00 0.00 0.00 0.00 0.00 0.00 0.00 0.00 0.00 0.00 0.00
4.37 4.42 4.46 4.50 4.55 4.58 4.65 4.68 4.71 4.74 4.77 4.82 4.85 4.88 4.91 4.95 4.98 5.02 5.05 5.14 5.18 5.22 5.26 5.29 5.33 5.39 5.43 5.48 5.54 5.59 5.65 5.77 3.31 1.84 1.88 1.96 1.92 2.63 3.51 4.17 4.56 5.12 5.08 5.81 6.22 5.82 2.80 2.36 2.33 2.20 1.75 2.09 2.28 2.09 0.72 0.00 0.00 0.00 0.00 0.00 0.00 0.00 0.00 0.00 0.00 0.00 0.00 0.00 0.00 0.00 0.00 0.00 0.00 0.00 0.00 0.00 0.00 0.00 0.00 0.00 0.00 0.00 0.00 0.00
4.36 4.41 4.45 4.48 4.52 4.60 4.63 4.67 4.70 4.73 4.76 4.81 4.84 4.87 4.90 4.94 4.97 5.00 5.09 5.13 5.17 5.21 5.24 5.28 5.32 5.36 5.42 5.48 5.53 5.58 5.64 5.76 2.32 1.84 1.70 1.81 1.83 3.34 3.94 4.23 4.07 5.08 4.84 4.93 6.19 4.96 2.52 2.75 2.81 2.50 2.99 2.92 2.53 2.40 0.47 0.00 0.00 0.00 0.00 0.00 0.00 0.00 0.00 0.00 0.00 0.00 0.00 0.00 0.00 0.00 0.00 0.00 0.00 0.00 0.00 0.00 0.00 0.00 0.00 0.00 0.00 0.00 0.00 0.00
4.34 4.39 4.43 4.47 4.56 4.59 4.62 4.66 4.69 4.72 4.75 4.80 4.83 4.86 4.89 4.93 4.96 5.00 5.08 5.12 5.16 5.19 5.23 5.27 5.31 5.35 5.41 5.47 5.52 5.58 5.64 5.76 2.88 1.83 1.92 1.86 2.30 3.68 4.00 3.97 4.04 4.00 4.02 4.35 3.53 2.93 2.97 2.94 3.11 2.90 3.12 2.92 2.48 2.38 0.13 0.00 0.00 0.00 0.00 0.00 0.00 0.00 0.00 0.00 0.00 0.00 0.00 0.00 0.00 0.00 0.00 0.00 0.00 0.00 0.00 0.00 0.00 0.00 0.00 0.00 0.00 0.00 0.00 0.00
4.33 4.37 4.42 4.46 4.49 4.58 4.61 4.65 4.68 4.71 4.74 4.77 4.82 4.85 4.89 4.92 4.96 4.99 5.07 5.11 5.15 5.19 5.22 5.26 5.29 5.33 5.41 5.47 5.52 5.57 5.63 5.76 2.66 1.76 1.94 1.93 2.68 3.72 3.95 3.95 3.88 3.94 3.94 4.68 2.79 3.29 3.19 2.78 2.51 2.54 2.87 2.89 2.46 2.20 0.81 0.00 0.00 0.00 0.00 0.00 0.00 0.00 0.00 0.00 0.00 0.00 0.00 0.00 0.00 0.00 0.00 0.00 0.00 0.00 0.00 0.00 0.00 0.00 0.00 0.00 0.00 0.00 0.00 0.00
4.32 4.36 4.40 4.44 4.54 4.57 4.60 4.64 4.67 4.70 4.73 4.77 4.82 4.85 4.88 4.92 4.95 5.02 5.05 5.10 5.14 5.18 5.21 5.25 5.28 5.33 5.41 5.47 5.52 5.57 5.69 5.76 2.56 1.55 1.86 2.06 3.01 3.66 3.87 3.85 3.84 3.84 3.98 4.83 3.14 3.22 3.05 2.60 2.42 2.26 1.78 1.75 1.96 1.97 0.07 0.00 0.00 0.00 0.00 0.00 0.00 0.00 0.00 0.00 0.00 0.00 0.00 0.00 0.00 0.00 0.00 0.00 0.00 0.00 0.00 0.00 0.00 0.00 0.00 0.00 0.00 0.00 0.00 0.00
4.30 4.35 4.39 4.43 4.47 4.56 4.59 4.63 4.67 4.70 4.73 4.76 4.81 4.84 4.88 4.92 4.95 5.02 5.05 5.10 5.14 5.17 5.21 5.24 5.28 5.32 5.41 5.47 5.52 5.57 5.69 5.75 2.40 1.29 1.65 2.28 2.96 3.41 3.72 3.75 3.72 3.85 4.21 4.29 2.99 3.09 2.93 2.51 2.26 2.13 1.61 0.98 0.52 0.03 0.00 0.00 0.00 0.00 0.00 0.00 0.00 0.00 0.00 0.00 0.00 0.00 0.00 0.00 0.00 0.00 0.00 0.00 0.00 0.00 0.00 0.00 0.00 0.00 0.00 0.00 0.00 0.00 0.00 0.00
4.30 4.34 4.38 4.42 4.49 4.54 4.58 4.62 4.65 4.69 4.72 4.75 4.80 4.84 4.88 4.91 4.95 4.98 5.05 5.10 5.14 5.17 5.21 5.24 5.27 5.33 5.38 5.47 5.52 5.56 5.69 5.73 2.34 1.20 1.64 2.23 2.90 2.99 3.48 3.62 3.66 3.85 4.47 2.57 2.82 2.85 2.74 2.49 1.74 1.44 1.15 0.73 0.05 0.00 0.00 0.00 0.00 0.00 0.00 0.00 0.00 0.00 0.00 0.00 0.00 0.00 0.00 0.00 0.00 0.00 0.00 0.00 0.00 0.00 0.00 0.00 0.00 0.00 0.00 0.00 0.00 0.00 0.00 0.00
4.29 4.33 4.36 4.40 4.48 4.53 4.56 4.61 4.65 4.68 4.72 4.75 4.80 4.84 4.87 4.91 4.95 4.98 5.05 5.10 5.14 5.17 5.21 5.24 5.27 5.33 5.38 5.46 5.51 5.56 5.62 5.49 2.07 1.42 1.88 2.28 2.89 2.84 3.09 3.40 3.52 4.02 4.73 2.22 2.46 2.57 2.46 2.21 1.86 1.73 0.90 0.10 0.00 0.00 0.00 0.00 0.00 0.00 0.00 0.00 0.00 0.00 0.00 0.00 0.00 0.00 0.00 0.00 0.00 0.00 0.00 0.00 0.00 0.00 0.00 0.00 0.00 0.00 0.00 0.00 0.00 0.00 0.00 0.00
4.28 4.32 4.35 4.43 4.47 4.52 4.56 4.60 4.64 4.67 4.71 4.75 4.78 4.83 4.87 4.91 4.95 5.02 5.05 5.11 5.14 5.17 5.21 5.23 5.27 5.33 5.39 5.46 5.51 5.56 5.62 3.58 1.46 1.46 1.93 2.01 2.49 2.71 3.10 3.38 3.53 4.15 4.87 3.00 2.39 2.31 2.11 2.00 1.93 2.40 1.28 0.87 0.20 0.00 0.00 0.00 0.00 0.00 0.00 0.00 0.00 0.00 0.00 0.00 0.00 0.00 0.00 0.00 0.00 0.00 0.00 0.00 0.00 0.00 0.00 0.00 0.00 0.00 0.00 0.00 0.00 0.00 0.00 0.00
4.28 4.31 4.35 4.42 4.46 4.51 4.55 4.59 4.63 4.67 4.70 4.74 4.78 4.83 4.87 4.91 4.98 5.02 5.05 5.09 5.14 5.17 5.21 5.24 5.28 5.34 5.40 5.46 5.52 5.57 5.61 2.67 1.26 1.44 1.93 1.87 2.14 2.70 3.21 3.63 3.81 4.11 4.70 2.50 4.08 3.07 2.09 1.90 1.66 2.15 1.43 1.13 0.61 0.00 0.00 0.00 0.00 0.00 0.00 0.00 0.00 0.00 0.00 0.00 0.00 0.00 0.00 0.00 0.00 0.00 0.00 0.00 0.00 0.00 0.00 0.00 0.00 0.00 0.00 0.00 0.00 0.00 0.00 0.00
