tsunami_inundation/2640.asc
ncols        89
nrows        96
xllcorner    425855.973699999973
yllcorner    5091051.504999999888
cellsize     55.000000000000
NODATA_value  -9999.00
[rows 37 to 73 of 96, columns 0 to 83 of 89]
4.89 4.95 5.04 5.10 5.16 5.22 5.31 5.37 5.42 5.52 5.56 5.60 5.63 5.67 5.70 5.74 5.77 5.80 5.83 5.86 5.89 5.93 5.99 6.01 6.04 6.07 6.09 6.13 6.16 6.19 6.22 6.25 6.28 6.32 6.36 6.42 6.45 6.50 6.54 6.58 2.97 2.33 3.09 4.44 4.86 5.50 5.43 5.07 6.93 7.08 3.87 3.73 2.75 2.42 2.32 2.22 1.65 1.72 1.19 0.13 0.07 0.00 0.00 0.00 0.00 0.00 0.00 0.00 0.00 0.00 0.00 0.00 0.00 0.00 0.00 0.00 0.00 0.00 0.00 0.00 0.00 0.00 0.00 0.00
4.86 4.91 5.01 5.02 5.08 5.19 5.21 5.33 5.39 5.48 5.52 5.56 5.59 5.64 5.68 5.71 5.74 5.77 5.79 5.82 5.85 5.89 5.95 5.98 6.01 6.04 6.07 6.09 6.14 6.17 6.20 6.23 6.26 6.29 6.32 6.40 6.42 6.46 6.51 5.56 2.15 2.35 3.19 4.47 4.92 5.30 5.01 5.44 7.07 4.16 3.86 3.60 2.67 2.39 2.28 1.89 1.61 1.68 0.91 0.00 0.06 0.00 0.00 0.00 0.00 0.00 0.00 0.00 0.00 0.00 0.00 0.00 0.00 0.00 0.00 0.00 0.00 0.00 0.00 0.00 0.00 0.00 0.00 0.00
4.85 4.91 4.96 5.01 5.07 5.13 5.18 5.30 5.35 5.41 5.45 5.53 5.56 5.61 5.65 5.68 5.71 5.74 5.76 5.79 5.82 5.86 5.91 5.95 5.98 6.01 6.04 6.07 6.11 6.14 6.17 6.20 6.23 6.25 6.28 6.31 6.40 6.46 6.51 4.63 1.89 2.43 3.57 4.51 4.80 5.15 5.04 6.43 7.06 4.11 3.85 3.55 2.64 2.40 2.24 1.73 1.74 1.44 0.23 0.04 0.02 0.00 0.00 0.00 0.00 0.00 0.00 0.00 0.00 0.00 0.00 0.00 0.00 0.00 0.00 0.00 0.00 0.00 0.00 0.00 0.00 0.00 0.00 0.00
4.83 4.89 4.95 5.01 5.07 5.12 5.18 5.26 5.30 5.35 5.43 5.46 5.50 5.56 5.59 5.65 5.68 5.71 5.73 5.76 5.79 5.82 5.88 5.91 5.95 5.98 6.01 6.04 6.09 6.12 6.14 6.15 6.17 6.19 6.22 6.33 6.39 6.46 6.52 3.52 1.84 2.37 3.96 4.59 4.86 5.15 5.22 7.05 7.07 4.05 3.86 3.57 2.62 2.37 2.07 1.55 1.85 1.19 0.10 0.07 0.00 0.00 0.00 0.00 0.00 0.00 0.00 0.00 0.00 0.00 0.00 0.00 0.00 0.00 0.00 0.00 0.00 0.00 0.00 0.00 0.00 0.00 0.00 0.00
4.80 4.86 4.92 4.99 5.05 5.11 5.17 5.25 5.30 5.34 5.41 5.45 5.48 5.51 5.56 5.62 5.62 5.65 5.71 5.70 5.76 5.80 5.82 5.88 5.90 5.94 5.97 6.00 6.04 6.06 6.08 6.11 6.14 6.17 6.21 6.25 6.40 6.48 6.54 3.35 1.82 2.22 3.66 4.66 4.95 4.98 5.79 7.05 7.07 3.88 3.74 3.43 2.55 2.28 1.79 1.58 1.74 1.18 1.11 0.18 0.00 0.00 0.00 0.00 0.00 0.00 0.00 0.00 0.00 0.00 0.00 0.00 0.00 0.00 0.00 0.00 0.00 0.00 0.00 0.00 0.00 0.00 0.00 0.00
4.74 4.81 4.88 4.94 5.01 5.07 5.14 5.22 5.31 5.35 5.39 5.41 5.44 5.47 5.52 5.55 5.58 5.60 5.63 5.66 5.72 5.71 5.81 5.84 5.87 5.89 5.92 5.94 5.99 6.02 6.05 6.08 6.12 6.16 6.21 6.35 6.40 6.48 6.34 2.33 2.19 2.60 3.84 4.63 5.01 5.00 6.60 7.05 7.06 4.09 3.69 3.23 2.44 2.21 1.62 1.83 2.25 2.45 1.20 0.03 0.00 -0.00 0.00 0.00 0.00 0.00 0.00 0.00 0.00 0.00 0.00 0.00 0.00 0.00 0.00 0.00 0.00 0.00 0.00 0.00 0.00 0.00 0.00 0.00
4.69 4.75 4.82 4.89 4.96 5.00 5.06 5.12 5.20 5.29 5.33 5.36 5.40 5.43 5.47 5.50 5.53 5.55 5.58 5.60 5.63 5.69 5.71 5.73 5.76 5.78 5.86 5.89 5.92 5.98 6.03 6.07 6.11 6.16 6.21 6.27 6.41 6.48 6.27 2.11 2.50 2.84 4.13 4.63 4.96 4.98 7.01 7.03 6.22 4.03 3.57 3.44 3.08 2.23 1.83 2.08 1.92 1.54 0.29 0.00 0.00 0.00 0.00 0.00 0.00 0.00 0.00 0.00 0.00 0.00 0.00 0.00 0.00 0.00 0.00 0.00 0.00 0.00 0.00 0.00 0.00 0.00 0.00 0.00
4.63 4.70 4.76 4.83 4.89 4.95 5.01 5.07 5.15 5.23 5.27 5.31 5.34 5.38 5.41 5.45 5.47 5.50 5.53 5.55 5.58 5.60 5.66 5.69 5.72 5.74 5.78 5.82 5.88 5.96 6.01 6.06 6.12 6.17 6.28 6.34 6.41 6.47 3.39 1.89 2.22 3.21 4.88 4.80 4.87 4.86 7.00 7.01 5.01 3.92 3.53 3.39 3.18 2.16 2.07 2.32 1.78 1.17 0.00 0.00 0.00 -0.00 0.00 0.00 0.00 0.00 0.00 0.00 0.00 0.00 0.00 0.00 0.00 0.00 0.00 0.00 0.00 0.00 0.00 0.00 0.00 0.00 0.00 0.00
4.62 4.68 4.75 4.81 4.86 4.92 4.98 5.04 5.15 5.19 5.23 5.27 5.30 5.33 5.36 5.41 5.43 5.46 5.48 5.51 5.53 5.60 5.62 5.65 5.69 5.72 5.76 5.81 5.86 5.94 6.00 6.06 6.12 6.18 6.23 6.34 6.42 6.47 2.51 1.73 2.40 4.22 4.95 4.73 4.80 4.82 6.97 4.37 4.00 3.81 3.52 3.37 2.92 2.10 2.30 2.35 1.92 1.35 0.02 0.00 0.00 0.00 0.00 0.00 0.00 0.00 0.00 0.00 0.00 0.00 0.00 0.00 0.00 0.00 0.00 0.00 0.00 0.00 0.00 0.00 0.00 0.00 0.00 0.00
4.59 4.68 4.74 4.80 4.85 4.91 4.97 5.02 5.13 5.17 5.20 5.24 5.27 5.30 5.33 5.37 5.40 5.43 5.45 5.48 5.50 5.56 5.60 5.63 5.67 5.71 5.76 5.80 5.85 5.94 5.99 6.05 6.11 6.18 6.23 6.34 6.42 5.52 2.12 1.96 3.36 4.36 4.74 4.86 4.76 4.75 6.94 4.15 3.91 3.69 3.44 3.35 2.66 2.22 2.44 2.43 2.01 1.32 0.01 0.00 0.00 0.00 0.00 0.00 0.00 0.00 0.00 0.00 0.00 0.00 0.00 0.00 0.00 0.00 0.00 0.00 0.00 0.00 0.00 0.00 0.00 0.00 0.00 0.00
4.59 4.68 4.74 4.80 4.85 4.91 4.96 5.01 5.12 5.15 5.19 5.22 5.25 5.28 5.31 5.35 5.38 5.40 5.43 5.46 5.48 5.54 5.59 5.62 5.66 5.70 5.75 5.79 5.84 5.90 5.98 6.04 6.10 6.17 6.23 6.34 6.43 4.48 1.67 1.92 3.36 4.48 4.58 4.72 5.43 5.47 6.91 6.01 3.72 3.61 3.43 3.21 2.45 2.26 2.36 2.42 1.95 1.14 0.01 0.00 0.00 0.00 0.00 0.00 0.00 0.00 0.00 0.00 0.00 0.00 0.00 0.00 0.00 0.00 0.00 0.00 0.00 0.00 0.00 0.00 0.00 0.00 0.00 0.00
4.59 4.68 4.73 4.79 4.85 4.90 4.96 5.01 5.11 5.15 5.18 5.21 5.25 5.27 5.30 5.34 5.37 5.40 5.42 5.45 5.48 5.50 5.58 5.61 5.65 5.69 5.73 5.78 5.83 5.88 5.97 6.02 6.09 6.16 6.22 6.34 6.43 4.15 1.50 1.94 3.41 4.46 4.35 4.62 4.98 4.80 6.82 3.71 3.54 3.54 3.35 2.80 2.23 2.01 2.12 2.10 1.58 0.46 0.00 0.00 0.00 0.00 0.00 0.00 0.00 0.00 0.00 0.00 0.00 0.00 0.00 0.00 0.00 0.00 0.00 0.00 0.00 0.00 0.00 0.00 0.00 0.00 0.00 0.00
4.59 4.67 4.73 4.78 4.84 4.90 4.95 5.00 5.10 5.14 5.17 5.21 5.24 5.27 5.29 5.32 5.36 5.39 5.41 5.44 5.47 5.52 5.57 5.60 5.63 5.67 5.72 5.77 5.82 5.88 5.96 6.02 6.08 6.15 6.21 6.34 6.40 2.71 1.49 2.31 4.03 4.58 4.52 4.62 4.58 4.66 6.74 5.92 3.45 3.39 3.21 2.21 1.90 1.86 2.05 1.93 1.33 0.10 0.00 0.00 0.00 0.00 0.00 0.00 0.00 0.00 0.00 0.00 0.00 0.00 0.00 0.00 0.00 0.00 0.00 0.00 0.00 0.00 0.00 0.00 0.00 0.00 0.00 0.00
4.58 4.67 4.72 4.78 4.84 4.89 4.94 4.99 5.09 5.13 5.16 5.19 5.23 5.26 5.28 5.31 5.35 5.38 5.40 5.43 5.45 5.50 5.55 5.59 5.62 5.66 5.71 5.75 5.82 5.87 5.95 6.01 6.07 6.13 6.25 6.32 5.30 2.03 2.11 3.03 4.13 4.45 4.53 4.62 4.59 4.68 6.68 3.61 3.42 3.40 2.83 2.48 2.38 1.89 1.95 1.70 1.09 0.04 0.00 0.00 0.00 0.00 0.00 0.00 0.00 0.00 0.00 0.00 0.00 0.00 0.00 0.00 0.00 0.00 0.00 0.00 0.00 0.00 0.00 0.00 0.00 0.00 0.00 0.00
4.57 4.63 4.72 4.78 4.83 4.89 4.93 5.02 5.07 5.11 5.14 5.18 5.21 5.24 5.27 5.30 5.34 5.36 5.39 5.41 5.46 5.49 5.52 5.57 5.61 5.65 5.69 5.73 5.79 5.85 5.93 6.00 6.06 6.18 6.24 6.25 4.07 2.05 2.51 3.14 3.67 4.07 4.09 3.98 4.26 5.16 6.62 3.60 3.46 3.36 2.74 2.81 2.27 1.86 1.93 1.71 1.02 0.04 0.00 0.00 0.00 0.00 0.00 0.00 0.00 0.00 0.00 0.00 0.00 0.00 0.00 0.00 0.00 0.00 0.00 0.00 0.00 0.00 0.00 0.00 0.00 0.00 0.00 0.00
4.57 4.62 4.71 4.77 4.83 4.88 4.93 5.01 5.06 5.10 5.13 5.16 5.19 5.23 5.25 5.28 5.32 5.35 5.37 5.40 5.44 5.46 5.49 5.54 5.58 5.62 5.66 5.71 5.77 5.83 5.89 5.98 6.04 6.17 6.23 6.01 2.97 2.22 3.21 3.00 3.11 3.34 3.36 3.54 4.34 5.91 6.05 3.57 3.43 3.17 2.66 2.70 2.18 1.86 1.91 1.77 1.11 0.04 0.00 0.00 0.00 0.00 0.00 0.00 0.00 0.00 0.00 0.00 0.00 0.00 0.00 0.00 0.00 0.00 0.00 0.00 0.00 0.00 0.00 0.00 0.00 0.00 0.00 0.00
4.56 4.62 4.70 4.76 4.82 4.87 4.92 5.01 5.04 5.09 5.12 5.15 5.18 5.21 5.23 5.26 5.30 5.33 5.35 5.37 5.40 5.44 5.47 5.51 5.55 5.60 5.63 5.68 5.75 5.81 5.87 5.96 6.02 6.08 6.21 5.02 2.79 2.25 3.27 2.66 2.39 2.55 3.13 3.99 4.70 6.50 6.53 3.36 3.35 3.04 2.65 2.53 2.11 2.01 1.89 1.44 0.76 0.02 0.00 0.00 0.00 0.00 0.00 0.00 0.00 0.00 0.00 0.00 0.00 0.00 0.00 0.00 0.00 0.00 0.00 0.00 0.00 0.00 0.00 0.00 0.00 0.00 0.00 0.00
4.55 4.61 4.70 4.76 4.81 4.87 4.96 4.99 5.02 5.07 5.10 5.13 5.16 5.19 5.22 5.25 5.27 5.31 5.34 5.36 5.40 5.43 5.45 5.49 5.53 5.57 5.60 5.64 5.71 5.78 5.84 5.94 6.00 6.06 6.19 4.74 2.57 2.02 3.28 2.47 2.31 2.55 3.41 4.20 4.97 6.44 5.60 3.09 3.17 2.85 2.68 2.47 1.93 1.98 1.82 1.42 0.70 0.02 0.00 0.00 0.00 0.00 0.00 0.00 0.00 0.00 0.00 0.00 0.00 0.00 0.00 0.00 0.00 0.00 0.00 0.00 0.00 0.00 0.00 0.00 0.00 0.00 0.00 0.00
4.53 4.58 4.67 4.74 4.80 4.86 4.91 4.99 5.02 5.06 5.09 5.12 5.14 5.17 5.20 5.23 5.25 5.29 5.32 5.36 5.39 5.41 5.44 5.47 5.50 5.54 5.57 5.62 5.68 5.74 5.81 5.91 5.98 6.10 6.16 3.44 2.25 1.98 3.01 2.22 2.37 3.02 3.75 4.10 5.85 6.36 5.25 3.06 3.16 2.76 2.39 2.30 1.88 1.96 1.75 1.25 0.23 0.01 0.00 0.00 0.00 0.00 0.00 0.00 0.00 0.00 0.00 0.00 0.00 0.00 0.00 0.00 0.00 0.00 0.00 0.00 0.00 0.00 0.00 0.00 0.00 0.00 0.00 0.00
4.51 4.57 4.62 4.71 4.77 4.83 4.93 4.98 5.01 5.06 5.08 5.11 5.13 5.16 5.18 5.21 5.23 5.27 5.29 5.31 5.36 5.39 5.41 5.44 5.48 5.52 5.55 5.60 5.65 5.70 5.75 5.84 5.91 6.05 4.72 2.40 1.87 2.50 2.81 2.02 2.28 3.08 3.78 4.09 6.23 6.26 4.26 3.06 3.16 2.47 2.00 2.09 1.80 1.77 1.45 1.07 0.18 0.00 0.00 0.00 0.00 0.00 0.00 0.00 0.00 0.00 0.00 0.00 0.00 0.00 0.00 0.00 0.00 0.00 0.00 0.00 0.00 0.00 0.00 0.00 0.00 0.00 0.00 0.00
4.50 4.56 4.62 4.71 4.76 4.81 4.90 4.95 4.99 5.04 5.07 5.10 5.13 5.15 5.17 5.19 5.22 5.25 5.27 5.29 5.34 5.36 5.39 5.42 5.45 5.47 5.51 5.56 5.62 5.67 5.71 5.77 5.94 6.02 4.58 2.12 1.67 2.47 2.36 1.92 2.30 3.33 3.92 4.64 6.17 6.19 3.12 3.03 3.00 2.09 2.06 1.90 1.64 1.45 1.37 1.11 0.17 0.00 -0.00 0.00 0.00 0.00 0.00 0.00 0.00 0.00 0.00 0.00 0.00 0.00 0.00 0.00 0.00 0.00 0.00 0.00 0.00 0.00 0.00 0.00 0.00 0.00 0.00 0.00
4.46 4.53 4.60 4.70 4.76 4.81 4.86 4.93 4.96 4.99 5.03 5.08 5.11 5.13 5.16 5.18 5.20 5.23 5.24 5.28 5.31 5.33 5.35 5.38 5.42 5.45 5.49 5.55 5.61 5.66 5.71 5.76 5.93 5.92 3.53 1.90 1.41 2.29 2.11 1.97 2.84 3.68 4.14 5.33 6.14 6.15 3.02 2.98 2.84 1.91 1.87 1.74 1.63 1.13 1.74 1.14 0.05 0.00 0.00 0.00 0.00 0.00 0.00 0.00 0.00 0.00 0.00 0.00 0.00 0.00 0.00 0.00 0.00 0.00 0.00 0.00 0.00 0.00 0.00 0.00 0.00 0.00 0.00 0.00
4.43 4.49 4.56 4.66 4.73 4.79 4.87 4.91 4.95 4.98 5.02 5.05 5.07 5.10 5.12 5.14 5.17 5.19 5.22 5.26 5.28 5.31 5.33 5.36 5.41 5.44 5.49 5.54 5.59 5.64 5.70 5.77 5.87 5.90 3.00 1.61 1.53 2.19 2.12 2.20 3.60 4.05 4.36 5.25 6.12 6.13 2.90 2.88 2.57 1.57 1.56 1.63 1.47 2.07 1.85 0.90 0.11 0.00 0.00 0.00 0.00 0.00 0.00 0.00 0.00 0.00 0.00 0.00 0.00 0.00 0.00 0.00 0.00 0.00 0.00 0.00 0.00 0.00 0.00 0.00 0.00 0.00 0.00 0.00
4.52 4.54 4.56 4.60 4.67 4.73 4.83 4.87 4.91 4.95 5.00 5.03 5.05 5.08 5.10 5.12 5.16 5.16 5.18 5.25 5.27 5.29 5.32 5.35 5.39 5.42 5.46 5.51 5.57 5.63 5.70 5.78 5.88 5.24 1.88 1.46 1.71 2.39 2.11 3.10 4.03 4.23 4.48 5.73 6.10 3.86 3.11 3.02 2.48 1.61 1.56 1.64 1.59 2.19 1.68 0.70 0.03 0.00 0.00 0.00 0.00 0.00 0.00 0.00 0.00 0.00 0.00 0.00 0.00 0.00 0.00 0.00 0.00 0.00 0.00 0.00 0.00 0.00 0.00 0.00 0.00 0.00 0.00 0.00
4.57 4.61 4.64 4.67 4.70 4.73 4.80 4.84 4.88 4.92 4.96 4.99 5.02 5.05 5.07 5.09 5.11 5.13 5.17 5.19 5.22 5.27 5.30 5.33 5.36 5.40 5.43 5.50 5.57 5.64 5.71 5.77 5.78 3.75 1.46 1.38 2.14 2.29 2.29 3.55 3.83 3.92 4.46 5.72 6.08 4.21 3.11 2.85 2.15 1.83 1.63 1.65 2.09 1.95 1.33 0.62 0.12 0.00 0.00 0.00 0.00 0.00 0.00 0.00 0.00 0.00 0.00 0.00 0.00 0.00 0.00 0.00 0.00 0.00 0.00 0.00 0.00 0.00 0.00 0.00 0.00 0.00 0.00 0.00
4.44 4.58 4.66 4.71 4.77 4.80 4.84 4.86 4.88 4.91 4.93 4.97 4.99 5.02 5.04 5.06 5.08 5.10 5.12 5.16 5.19 5.21 5.23 5.27 5.31 5.40 5.43 5.47 5.38 5.58 5.49 5.19 4.57 1.72 1.41 1.35 2.25 2.19 2.68 3.68 3.76 3.95 3.91 4.67 6.08 5.20 2.92 2.68 2.26 1.91 1.84 1.46 2.39 2.16 1.74 1.50 0.31 0.00 0.00 0.00 0.00 0.00 0.00 0.00 0.00 0.00 0.00 0.00 0.00 0.00 0.00 0.00 0.00 0.00 0.00 0.00 0.00 0.00 0.00 0.00 0.00 0.00 0.00 0.00
3.94 4.17 4.41 4.61 4.76 4.81 4.88 4.91 4.93 4.94 4.96 4.98 4.99 5.01 5.03 5.05 5.07 5.08 5.13 5.15 5.17 5.20 5.22 5.25 5.28 5.32 5.27 5.06 4.94 5.18 4.96 5.09 3.06 1.41 1.44 1.38 2.07 2.34 3.03 3.88 3.84 4.43 3.95 5.57 6.06 5.59 2.88 2.55 2.09 2.07 1.85 1.23 2.35 2.35 1.96 1.25 0.00 0.00 0.00 0.00 0.00 0.00 0.00 0.00 0.00 0.00 0.00 0.00 0.00 0.00 0.00 0.00 0.00 0.00 0.00 0.00 0.00 0.00 0.00 0.00 0.00 0.00 0.00 0.00
3.73 3.83 3.96 4.13 4.41 4.60 4.84 4.89 4.93 4.92 4.96 4.99 5.01 5.02 5.04 5.05 5.07 5.08 5.10 5.15 5.16 5.18 5.19 5.19 5.15 5.00 4.86 4.82 4.85 4.90 4.95 5.04 2.55 1.28 1.38 1.54 1.61 2.38 3.29 3.96 4.37 4.94 4.91 5.64 6.05 5.65 2.66 2.25 2.24 2.14 1.76 2.30 2.67 2.82 1.91 0.00 0.00 0.00 0.00 0.00 0.00 0.00 0.00 0.00 0.00 0.00 0.00 0.00 0.00 0.00 0.00 0.00 0.00 0.00 0.00 0.00 0.00 0.00 0.00 0.00 0.00 0.00 0.00 0.00
3.68 3.76 3.83 3.88 3.95 4.15 4.24 4.35 4.46 4.56 4.67 4.81 4.88 4.93 4.96 4.99 5.01 5.03 5.04 5.03 5.01 4.98 4.93 4.87 4.81 4.77 4.75 4.79 4.84 4.89 4.94 5.02 1.57 1.32 1.23 1.41 1.56 3.11 3.72 4.03 3.88 4.89 4.67 4.76 6.03 4.79 2.42 2.66 2.76 2.49 3.07 3.10 2.98 3.06 1.36 0.00 0.00 0.00 0.00 0.00 0.00 0.00 0.00 0.00 0.00 0.00 0.00 0.00 0.00 0.00 0.00 0.00 0.00 0.00 0.00 0.00 0.00 0.00 0.00 0.00 0.00 0.00 0.00 0.00
3.66 3.73 3.79 3.85 4.01 4.06 4.11 4.17 4.23 4.28 4.34 4.43 4.49 4.55 4.59 4.63 4.66 4.67 4.68 4.67 4.67 4.67 4.68 4.68 4.68 4.69 4.74 4.79 4.83 4.88 4.92 5.00 2.08 1.32 1.47 1.50 2.05 3.44 3.78 3.77 3.86 3.83 3.87 4.20 3.39 2.80 2.87 2.87 3.07 2.90 3.21 3.11 2.98 2.97 1.10 0.00 0.00 0.00 0.00 0.00 0.00 0.00 0.00 0.00 0.00 0.00 0.00 0.00 0.00 0.00 0.00 0.00 0.00 0.00 0.00 0.00 0.00 0.00 0.00 0.00 0.00 0.00 0.00 0.00
3.66 3.73 3.79 3.85 3.90 4.04 4.09 4.14 4.18 4.22 4.26 4.29 4.35 4.38 4.41 4.44 4.46 4.48 4.52 4.55 4.57 4.59 4.62 4.64 4.66 4.68 4.74 4.78 4.82 4.86 4.91 4.98 1.84 1.25 1.52 1.60 2.44 3.48 3.72 3.75 3.71 3.78 3.79 4.53 2.68 3.19 3.10 2.72 2.50 2.57 2.97 3.10 2.98 2.84 1.47 0.00 0.00 0.00 0.00 0.00 0.00 0.00 0.00 0.00 0.00 0.00 0.00 0.00 0.00 0.00 0.00 0.00 0.00 0.00 0.00 0.00 0.00 0.00 0.00 0.00 0.00 0.00 0.00 0.00
3.66 3.73 3.79 3.85 3.98 4.03 4.07 4.13 4.17 4.21 4.24 4.27 4.32 4.35 4.38 4.41 4.43 4.46 4.49 4.52 4.55 4.58 4.61 4.63 4.64 4.67 4.74 4.78 4.81 4.85 4.93 4.98 1.74 1.04 1.47 1.76 2.76 3.42 3.65 3.66 3.66 3.68 3.84 4.69 3.02 3.13 2.98 2.56 2.42 2.29 1.85 2.01 2.62 2.69 1.38 0.00 0.00 0.00 0.00 0.00 0.00 0.00 0.00 0.00 0.00 0.00 0.00 0.00 0.00 0.00 0.00 0.00 0.00 0.00 0.00 0.00 0.00 0.00 0.00 0.00 0.00 0.00 0.00 0.00
3.67 3.73 3.79 3.85 3.91 4.02 4.07 4.12 4.17 4.20 4.23 4.27 4.31 4.35 4.37 4.40 4.42 4.46 4.48 4.52 4.55 4.57 4.60 4.62 4.64 4.67 4.74 4.77 4.81 4.84 4.93 4.98 1.59 0.79 1.28 2.00 2.70 3.17 3.51 3.56 3.55 3.71 4.08 4.15 2.90 3.02 2.87 2.48 2.26 2.16 1.68 1.09 1.72 1.54 0.13 0.00 0.00 0.00 0.00 0.00 0.00 0.00 0.00 0.00 0.00 0.00 0.00 0.00 0.00 0.00 0.00 0.00 0.00 0.00 0.00 0.00 0.00 0.00 0.00 0.00 0.00 0.00 0.00 0.00
3.66 3.73 3.79 3.85 3.96 4.02 4.07 4.11 4.16 4.19 4.23 4.26 4.31 4.34 4.37 4.40 4.42 4.44 4.49 4.52 4.55 4.57 4.60 4.61 4.63 4.67 4.72 4.78 4.81 4.84 4.93 4.95 1.52 0.72 1.30 1.96 2.65 2.76 3.27 3.43 3.49 3.72 4.34 2.48 2.76 2.82 2.72 2.48 1.77 1.51 1.25 0.84 0.80 0.48 0.00 0.00 0.00 0.00 0.00 0.00 0.00 0.00 0.00 0.00 0.00 0.00 0.00 0.00 0.00 0.00 0.00 0.00 0.00 0.00 0.00 0.00 0.00 0.00 0.00 0.00 0.00 0.00 0.00 0.00
3.66 3.73 3.79 3.85 3.97 4.03 4.07 4.11 4.15 4.19 4.22 4.26 4.30 4.34 4.37 4.40 4.42 4.45 4.49 4.52 4.55 4.57 4.60 4.61 4.63 4.67 4.72 4.78 4.81 4.85 4.89 4.72 1.28 0.97 1.52 2.01 2.65 2.63 2.91 3.23 3.37 3.89 4.61 2.16 2.45 2.58 2.48 2.25 2.03 1.93 1.08 0.83 0.57 0.01 0.00 0.00 0.00 0.00 0.00 0.00 0.00 0.00 0.00 0.00 0.00 0.00 0.00 0.00 0.00 0.00 0.00 0.00 0.00 0.00 0.00 0.00 0.00 0.00 0.00 0.00 0.00 0.00 0.00 0.00
3.67 3.73 3.79 3.91 3.97 4.03 4.07 4.11 4.14 4.18 4.22 4.25 4.29 4.33 4.36 4.39 4.42 4.47 4.49 4.53 4.56 4.58 4.60 4.61 4.63 4.68 4.73 4.79 4.82 4.85 4.89 2.80 0.86 1.01 1.55 1.73 2.26 2.52 2.93 3.22 3.39 4.03 4.76 2.91 2.47 2.40 2.22 2.13 2.24 2.78 2.00 1.97 1.86 0.40 0.00 0.00 0.00 0.00 0.00 0.00 0.00 0.00 0.00 0.00 0.00 0.00 0.00 0.00 0.00 0.00 0.00 0.00 0.00 0.00 0.00 0.00 0.00 0.00 0.00 0.00 0.00 0.00 0.00 0.00
3.67 3.73 3.79 3.91 3.96 4.03 4.07 4.11 4.14 4.17 4.21 4.25 4.28 4.33 4.36 4.39 4.45 4.47 4.50 4.53 4.56 4.59 4.61 4.62 4.65 4.70 4.75 4.80 4.84 4.87 4.88 1.87 0.74 1.01 1.55 1.57 1.92 2.51 3.05 3.47 3.67 3.99 4.59 2.45 4.20 3.22 2.27 2.10 2.00 2.69 2.45 2.25 2.30 0.87 0.02 0.00 0.00 0.00 0.00 0.00 0.00 0.00 0.00 0.00 0.00 0.00 0.00 0.00 0.00 0.00 0.00 0.00 0.00 0.00 0.00 0.00 0.00 0.00 0.00 0.00 0.00 0.00 0.00 0.00
