tsunami_inundation/2640.asc
ncols        89
nrows        96
xllcorner    425855.973699999973
yllcorner    5091051.504999999888
cellsize     55.000000000000
NODATA_value  -9999.00
[rows 0 to 36 of 96, columns 0 to 83 of 89]
-9999.00 5.39 5.43 5.53 5.58 5.64 5.73 5.79 5.85 5.91 5.97 6.02 6.07 6.12 6.19 6.24 6.28 6.35 6.39 6.42 6.45 6.50 6.53 6.56 6.58 6.61 6.63 6.66 6.70 6.73 6.79 6.82 6.85 6.88 6.92 6.98 7.02 7.04 7.04 7.02 6.91 1.11 0.32 1.05 1.01 0.27 0.06 0.02 1.09 3.42 5.39 5.83 5.93 6.03 6.13 6.19 6.28 6.30 6.27 4.03 4.33 4.35 3.84 3.05 1.62 0.00 0.00 0.00 0.00 0.00 0.00 0.00 0.00 0.00 0.00 0.00 0.00 0.00 0.00 0.00 0.00 0.00 0.00 0.00
-9999.00 5.38 5.43 5.52 5.57 5.63 5.72 5.78 5.84 5.90 5.97 6.02 6.07 6.12 6.19 6.23 6.31 6.35 6.38 6.42 6.45 6.49 6.52 6.55 6.57 6.60 6.63 6.65 6.73 6.76 6.79 6.82 6.84 6.87 6.91 6.97 7.01 7.04 7.06 7.08 7.03 1.64 0.26 0.74 1.02 0.85 0.36 1.20 3.61 5.10 5.57 5.67 5.78 5.89 6.00 6.07 6.21 6.26 6.24 4.07 4.38 4.45 4.20 3.17 1.43 0.00 0.00 0.00 0.00 0.00 0.00 0.00 0.00 0.00 0.00 0.00 0.00 0.00 0.00 0.00 0.00 0.00 0.00 0.00
-9999.00 5.37 5.47 5.52 5.57 5.62 5.68 5.77 5.84 5.90 5.96 6.02 6.06 6.11 6.18 6.27 6.31 6.34 6.38 6.41 6.45 6.49 6.52 6.55 6.57 6.59 6.62 6.65 6.68 6.76 6.79 6.82 6.85 6.88 6.91 6.95 7.00 7.04 7.07 7.11 7.10 0.51 0.21 0.50 0.84 0.93 1.35 3.28 4.86 5.37 5.38 5.50 5.63 5.77 5.88 6.05 6.12 6.22 6.02 4.41 4.30 4.56 4.36 3.12 2.20 0.00 0.00 0.00 0.00 0.00 0.00 0.00 0.00 0.00 0.00 0.00 0.00 0.00 0.00 0.00 0.00 0.00 0.00 0.00
-9999.00 5.36 5.46 5.51 5.56 5.61 5.67 5.76 5.83 5.89 5.95 6.00 6.05 6.10 6.18 6.22 6.30 6.34 6.37 6.41 6.44 6.49 6.52 6.55 6.57 6.60 6.62 6.65 6.72 6.75 6.78 6.81 6.85 6.89 6.92 6.96 7.00 7.03 7.07 7.12 7.17 4.66 0.37 0.43 0.62 0.73 1.56 4.16 5.27 5.27 5.19 5.32 5.46 5.61 5.73 5.93 6.04 6.23 6.13 4.85 4.32 4.51 4.26 2.93 1.91 0.05 0.00 0.00 0.00 0.00 0.00 0.00 0.00 0.00 0.00 0.00 0.00 0.00 0.00 0.00 0.00 0.00 0.00 0.00
-9999.00 5.35 5.45 5.50 5.56 5.61 5.67 5.76 5.82 5.89 5.95 6.00 6.05 6.10 6.14 6.24 6.28 6.32 6.36 6.40 6.43 6.48 6.51 6.54 6.57 6.59 6.62 6.65 6.68 6.75 6.78 6.81 6.85 6.89 6.93 6.97 7.01 7.04 7.08 7.12 7.18 6.21 0.56 0.51 0.58 0.36 2.90 4.71 5.34 5.27 5.14 5.20 5.34 5.48 5.65 5.77 5.95 6.04 6.05 5.17 4.24 4.64 3.86 2.64 1.46 0.02 0.00 0.00 0.00 0.00 0.00 0.00 0.00 0.00 0.00 0.00 0.00 0.00 0.00 0.00 0.00 0.00 0.00 0.00
-9999.00 5.34 5.45 5.50 5.55 5.61 5.67 5.76 5.82 5.88 5.94 5.99 6.04 6.09 6.14 6.24 6.28 6.32 6.35 6.39 6.42 6.45 6.51 6.53 6.56 6.58 6.61 6.65 6.72 6.75 6.78 6.81 6.85 6.89 6.93 6.97 7.03 7.06 7.09 7.13 7.18 6.21 1.00 0.74 0.74 0.46 3.38 5.15 5.44 5.42 5.39 5.28 5.28 5.33 5.18 5.04 4.98 5.79 5.57 5.06 4.89 4.75 4.32 3.26 1.05 0.02 0.00 0.00 0.00 0.00 0.00 0.00 0.00 0.00 0.00 0.00 0.00 0.00 0.00 0.00 0.00 0.00 0.00 0.00
-9999.00 5.39 5.44 5.49 5.55 5.60 5.66 5.72 5.81 5.88 5.93 5.99 6.04 6.09 6.13 6.24 6.27 6.31 6.35 6.38 6.42 6.45 6.49 6.52 6.55 6.58 6.61 6.64 6.71 6.75 6.78 6.81 6.85 6.89 6.93 6.98 7.04 7.08 7.11 7.14 7.18 2.66 1.51 1.24 1.16 1.04 2.93 4.87 5.53 5.52 5.48 5.37 5.34 5.39 5.41 4.94 4.53 4.31 4.72 4.51 4.51 4.53 4.38 3.82 2.32 0.42 0.35 0.02 0.00 0.00 0.00 0.00 0.00 0.00 0.00 0.00 0.00 0.00 0.00 0.00 0.00 0.00 0.00 0.00
-9999.00 5.38 5.43 5.49 5.55 5.60 5.66 5.72 5.81 5.87 5.93 5.98 6.03 6.08 6.13 6.23 6.27 6.30 6.34 6.38 6.41 6.44 6.49 6.52 6.54 6.57 6.60 6.63 6.69 6.74 6.77 6.81 6.85 6.89 6.93 6.98 7.02 7.09 7.13 7.16 7.18 7.19 2.31 1.63 1.50 1.50 3.26 4.80 5.50 5.50 5.48 5.48 5.49 5.50 5.52 5.23 4.98 4.60 2.90 3.43 4.47 4.48 4.42 4.26 4.14 2.98 1.03 0.41 0.00 0.00 0.00 0.00 0.00 0.00 0.00 0.00 0.00 0.00 0.00 0.00 0.00 0.00 0.00 0.00
-9999.00 5.37 5.42 5.48 5.54 5.59 5.65 5.71 5.80 5.86 5.92 5.98 6.03 6.08 6.12 6.22 6.26 6.29 6.33 6.37 6.40 6.43 6.48 6.51 6.53 6.56 6.59 6.65 6.68 6.73 6.77 6.81 6.85 6.89 6.94 6.98 7.02 7.08 7.12 7.15 7.18 5.00 3.05 2.23 1.86 2.05 3.79 4.98 5.46 5.46 5.47 5.63 5.70 5.73 5.74 5.59 5.28 4.95 2.29 1.84 2.88 4.38 4.36 4.28 4.13 4.14 1.46 0.08 0.00 0.00 0.00 0.00 0.00 0.00 0.00 0.00 0.00 0.00 0.00 0.00 0.00 0.00 0.00 0.00
-9999.00 5.30 5.41 5.47 5.53 5.59 5.64 5.70 5.79 5.85 5.91 5.97 6.02 6.07 6.11 6.21 6.25 6.28 6.31 6.35 6.39 6.42 6.45 6.49 6.52 6.55 6.58 6.61 6.67 6.73 6.77 6.81 6.85 6.89 6.94 6.98 7.02 7.08 7.11 7.13 7.14 5.96 3.71 2.85 2.34 2.83 4.67 5.43 5.44 5.47 5.51 5.67 5.83 5.93 5.98 5.90 5.74 4.08 2.26 2.29 2.37 2.71 2.38 2.44 3.96 4.04 1.31 0.13 0.00 0.00 0.00 0.00 0.00 0.00 0.00 0.00 0.00 0.00 0.00 0.00 0.00 0.00 0.00 0.00
-9999.00 5.26 5.40 5.46 5.52 5.58 5.63 5.69 5.78 5.84 5.90 5.95 6.00 6.05 6.10 6.19 6.23 6.26 6.30 6.34 6.37 6.41 6.44 6.48 6.51 6.54 6.57 6.60 6.67 6.71 6.76 6.81 6.85 6.89 6.94 6.98 7.02 7.08 7.10 7.12 7.12 6.93 6.73 5.41 3.09 4.29 5.63 5.50 5.52 5.58 5.67 5.75 5.93 6.05 6.35 6.37 5.35 3.41 2.86 3.11 2.92 2.69 2.29 2.03 3.54 4.02 2.15 0.34 0.01 0.00 0.00 0.00 0.00 0.00 0.00 0.00 0.00 0.00 0.00 0.00 0.00 0.00 0.00 0.00
-9999.00 5.25 5.39 5.45 5.50 5.56 5.62 5.68 5.74 5.83 5.88 5.94 5.99 6.04 6.13 6.18 6.22 6.25 6.29 6.32 6.36 6.40 6.43 6.48 6.51 6.54 6.56 6.63 6.67 6.70 6.76 6.80 6.84 6.89 6.93 6.98 7.02 7.06 7.10 7.12 7.11 6.92 6.76 6.50 5.95 5.37 5.84 6.06 5.98 5.98 6.14 6.43 6.46 6.52 6.62 6.67 5.23 3.32 2.82 3.34 3.17 3.08 2.64 2.29 3.25 3.98 1.54 0.32 0.00 0.00 0.00 0.00 0.00 0.00 0.00 0.00 0.00 0.00 0.00 0.00 0.00 0.00 0.00 0.00
5.24 5.32 5.37 5.43 5.49 5.55 5.61 5.67 5.73 5.82 5.87 5.93 5.98 6.07 6.11 6.17 6.21 6.24 6.28 6.31 6.35 6.39 6.42 6.47 6.50 6.53 6.56 6.63 6.66 6.70 6.76 6.80 6.84 6.88 6.93 6.97 7.01 7.04 7.09 7.10 7.05 6.94 6.79 6.58 6.00 5.79 5.90 6.22 6.25 6.08 6.10 6.47 6.69 6.74 7.11 6.86 4.54 3.37 3.08 3.42 3.24 2.98 2.61 2.27 2.85 3.92 0.11 0.00 0.00 0.00 0.00 0.00 0.00 0.00 0.00 0.00 0.00 0.00 0.00 0.00 0.00 0.00 0.00 0.00
5.23 5.31 5.36 5.42 5.48 5.54 5.60 5.66 5.72 5.81 5.87 5.92 5.97 6.02 6.11 6.15 6.20 6.23 6.27 6.30 6.34 6.37 6.41 6.46 6.49 6.52 6.55 6.62 6.65 6.69 6.74 6.78 6.83 6.87 6.92 6.96 7.00 7.04 7.07 7.09 7.07 6.98 6.86 6.64 6.34 6.13 6.11 6.16 6.36 6.46 6.30 6.40 6.84 7.06 7.25 6.13 4.23 3.32 3.83 3.54 3.42 2.99 2.60 2.36 2.64 3.83 0.13 0.00 0.00 0.00 0.00 0.00 0.00 0.00 0.00 0.00 0.00 0.00 0.00 0.00 0.00 0.00 0.00 0.00
5.22 5.30 5.35 5.41 5.47 5.53 5.59 5.65 5.71 5.80 5.86 5.92 5.97 6.06 6.10 6.14 6.19 6.23 6.26 6.29 6.33 6.36 6.39 6.42 6.47 6.50 6.54 6.60 6.64 6.68 6.74 6.78 6.82 6.87 6.91 6.96 7.00 7.04 7.07 7.09 7.09 7.06 6.90 6.67 6.53 6.39 6.35 6.30 6.21 6.54 6.62 6.56 6.90 7.04 7.28 5.47 3.86 3.34 3.89 3.59 3.33 3.05 3.07 2.30 2.23 3.61 1.46 0.00 0.00 0.00 0.00 0.00 0.00 0.00 0.00 0.00 0.00 0.00 0.00 0.00 0.00 0.00 0.00 0.00
5.20 5.26 5.34 5.40 5.46 5.52 5.58 5.64 5.70 5.80 5.85 5.91 5.96 6.05 6.09 6.12 6.18 6.21 6.24 6.27 6.31 6.34 6.37 6.41 6.46 6.49 6.52 6.59 6.63 6.67 6.71 6.77 6.81 6.86 6.91 6.95 7.00 7.03 7.07 7.10 7.12 7.09 6.96 6.82 6.76 6.60 6.52 6.54 6.34 6.46 6.70 6.73 6.78 6.88 6.99 5.36 2.90 3.39 3.86 3.68 3.20 3.04 2.70 2.04 2.29 1.45 0.02 0.00 0.00 0.00 0.00 0.00 0.00 0.00 0.00 0.00 0.00 0.00 0.00 0.00 0.00 0.00 0.00 0.00
5.19 5.25 5.33 5.39 5.45 5.51 5.57 5.63 5.69 5.75 5.83 5.89 5.94 6.03 6.07 6.11 6.16 6.19 6.23 6.26 6.29 6.32 6.36 6.39 6.44 6.47 6.50 6.57 6.61 6.65 6.69 6.76 6.80 6.85 6.90 6.95 6.99 7.03 7.06 7.11 7.15 7.13 7.05 6.96 6.93 6.75 6.70 6.69 6.66 6.69 6.81 6.88 6.86 6.79 6.29 5.16 2.88 3.81 4.03 3.75 3.59 3.09 2.70 1.99 2.57 1.22 0.05 0.00 0.00 0.00 0.00 0.00 0.00 0.00 0.00 0.00 0.00 0.00 0.00 0.00 0.00 0.00 0.00 0.00
5.18 5.23 5.31 5.37 5.43 5.49 5.55 5.61 5.67 5.73 5.82 5.87 5.92 5.97 6.05 6.09 6.14 6.18 6.21 6.24 6.28 6.31 6.34 6.37 6.42 6.46 6.52 6.56 6.60 6.64 6.68 6.75 6.79 6.84 6.89 6.94 6.98 7.02 7.06 7.12 7.18 7.18 7.16 7.11 7.07 6.85 6.75 6.76 6.78 6.80 6.86 6.88 6.83 6.82 5.87 4.63 3.04 3.98 3.89 3.84 3.55 2.82 2.34 1.64 3.19 2.11 0.02 0.00 0.00 0.00 0.00 0.00 0.00 0.00 0.00 0.00 0.00 0.00 0.00 0.00 0.00 0.00 0.00 0.00
5.16 5.22 5.31 5.36 5.42 5.48 5.54 5.60 5.66 5.72 5.81 5.86 5.91 6.00 6.04 6.08 6.11 6.16 6.19 6.23 6.26 6.29 6.33 6.36 6.41 6.44 6.48 6.55 6.59 6.63 6.67 6.73 6.78 6.82 6.87 6.92 6.97 7.01 7.06 7.16 7.19 7.20 7.20 7.18 7.13 6.99 6.35 6.56 6.80 6.84 6.87 6.87 6.86 6.83 6.25 4.19 2.99 3.78 3.42 3.74 3.07 2.31 1.82 2.59 3.27 1.40 0.01 0.00 0.00 0.00 0.00 0.00 0.00 0.00 0.00 0.00 0.00 0.00 0.00 0.00 0.00 0.00 0.00 0.00
5.15 5.21 5.27 5.36 5.42 5.48 5.54 5.60 5.66 5.72 5.80 5.85 5.90 5.99 6.03 6.06 6.10 6.15 6.18 6.21 6.25 6.28 6.32 6.35 6.38 6.46 6.49 6.53 6.57 6.61 6.65 6.71 6.76 6.80 6.86 6.91 6.96 7.00 7.05 7.12 7.20 7.22 7.23 7.22 7.17 6.79 3.33 5.26 6.65 6.83 6.86 6.87 6.85 6.83 6.84 3.71 3.07 3.66 3.25 3.30 2.53 2.93 3.27 3.33 1.72 0.64 0.00 0.00 0.00 0.00 0.00 0.00 0.00 0.00 0.00 0.00 0.00 0.00 0.00 0.00 0.00 0.00 0.00 0.00
5.15 5.21 5.27 5.36 5.42 5.48 5.54 5.60 5.66 5.71 5.77 5.85 5.89 5.98 6.02 6.05 6.09 6.14 6.17 6.21 6.24 6.27 6.30 6.34 6.37 6.42 6.48 6.52 6.56 6.59 6.63 6.67 6.74 6.79 6.84 6.89 6.94 6.99 7.04 7.16 7.20 7.23 7.27 7.26 6.26 3.34 2.82 5.18 6.21 6.79 6.85 6.86 6.86 6.83 6.84 3.17 3.06 3.43 3.03 2.87 2.65 3.03 3.22 3.33 1.36 0.01 0.00 0.00 0.00 0.00 0.00 0.00 0.00 0.00 0.00 0.00 0.00 0.00 0.00 0.00 0.00 0.00 0.00 0.00
5.16 5.22 5.28 5.36 5.42 5.48 5.54 5.60 5.66 5.71 5.77 5.84 5.93 5.97 6.01 6.05 6.08 6.13 6.17 6.20 6.23 6.26 6.30 6.33 6.36 6.44 6.47 6.51 6.54 6.58 6.62 6.66 6.72 6.77 6.82 6.87 6.92 6.97 7.07 7.15 7.20 7.25 7.27 7.31 4.66 2.65 2.48 4.82 5.43 5.74 6.22 6.88 6.89 6.87 6.09 2.31 2.20 2.63 2.62 2.79 2.44 2.57 3.13 3.29 2.02 0.01 0.00 0.00 0.00 0.00 0.00 0.00 0.00 0.00 0.00 0.00 0.00 0.00 0.00 0.00 0.00 0.00 0.00 0.00
5.17 5.23 5.29 5.37 5.43 5.49 5.55 5.61 5.66 5.72 5.77 5.84 5.89 5.97 6.01 6.04 6.07 6.11 6.16 6.19 6.23 6.26 6.29 6.32 6.35 6.43 6.46 6.49 6.53 6.56 6.60 6.64 6.70 6.75 6.80 6.85 6.91 6.96 7.06 7.14 7.20 7.24 7.27 7.29 2.60 2.23 3.11 4.85 4.86 4.76 5.23 6.91 6.93 6.92 5.26 2.04 1.79 1.75 2.23 2.59 2.07 2.84 3.05 3.23 1.66 0.01 0.00 0.00 0.00 0.00 0.00 0.00 0.00 0.00 0.00 0.00 0.00 0.00 0.00 0.00 0.00 0.00 0.00 0.00
5.17 5.23 5.29 5.38 5.43 5.49 5.55 5.61 5.66 5.72 5.77 5.84 5.93 5.97 6.00 6.04 6.07 6.10 6.15 6.19 6.21 6.25 6.28 6.31 6.34 6.41 6.45 6.48 6.51 6.55 6.58 6.62 6.68 6.73 6.78 6.84 6.90 6.95 7.00 7.12 7.15 7.20 7.26 4.81 2.22 2.46 3.71 4.92 4.93 4.83 5.43 6.70 6.97 6.95 4.55 2.11 1.84 1.70 2.29 2.35 1.79 3.05 3.05 1.96 0.92 0.00 0.00 0.00 0.00 0.00 0.00 0.00 0.00 0.00 0.00 0.00 0.00 0.00 0.00 0.00 0.00 0.00 0.00 0.00
5.16 5.22 5.28 5.34 5.43 5.49 5.55 5.61 5.66 5.71 5.76 5.84 5.92 5.96 6.00 6.03 6.07 6.10 6.14 6.17 6.20 6.23 6.25 6.28 6.31 6.33 6.40 6.46 6.49 6.52 6.56 6.58 6.65 6.70 6.75 6.81 6.87 6.92 7.02 7.08 7.13 7.18 7.23 4.38 2.43 3.43 4.64 4.88 4.89 4.86 5.58 6.99 7.00 7.00 3.75 2.16 1.89 1.98 2.53 2.20 2.05 2.94 2.17 0.59 0.06 0.00 0.00 0.00 0.00 0.00 0.00 0.00 0.00 0.00 0.00 0.00 0.00 0.00 0.00 0.00 0.00 0.00 0.00 0.00
5.15 5.21 5.27 5.33 5.42 5.48 5.54 5.59 5.65 5.70 5.76 5.80 5.91 5.95 5.99 6.02 6.06 6.09 6.13 6.16 6.18 6.21 6.23 6.26 6.32 6.36 6.39 6.43 6.44 6.47 6.52 6.56 6.60 6.68 6.73 6.79 6.84 6.89 6.94 7.05 7.10 7.16 7.08 3.61 2.91 4.13 4.71 4.96 4.97 4.83 5.58 6.99 7.02 7.03 3.07 2.21 1.93 2.51 2.52 2.07 1.81 2.63 1.36 0.01 0.00 0.00 0.00 0.00 0.00 0.00 0.00 0.00 0.00 0.00 0.00 0.00 0.00 0.00 0.00 0.00 0.00 0.00 0.00 0.00
5.13 5.19 5.25 5.31 5.40 5.46 5.52 5.58 5.63 5.69 5.74 5.79 5.89 5.93 5.97 6.00 6.04 6.07 6.11 6.14 6.17 6.19 6.22 6.25 6.27 6.34 6.37 6.40 6.43 6.46 6.49 6.52 6.58 6.62 6.67 6.72 6.81 6.86 6.96 7.03 7.09 7.15 6.83 3.20 3.31 4.55 4.63 4.94 4.96 4.88 5.76 7.01 7.05 5.79 2.47 1.99 1.85 2.43 2.24 1.51 1.43 1.91 0.51 0.00 0.00 0.00 0.00 0.00 0.00 0.00 0.00 0.00 0.00 0.00 0.00 0.00 0.00 0.00 0.00 0.00 0.00 0.00 0.00 0.00
5.12 5.18 5.24 5.30 5.39 5.45 5.50 5.56 5.61 5.67 5.72 5.83 5.87 5.91 5.95 5.99 6.02 6.06 6.09 6.13 6.16 6.18 6.21 6.24 6.29 6.33 6.36 6.39 6.41 6.44 6.46 6.49 6.52 6.58 6.63 6.69 6.75 6.81 6.94 6.98 7.08 7.14 6.03 2.82 3.53 4.67 4.65 4.92 4.97 5.53 7.05 7.07 6.53 3.11 2.46 2.07 1.79 2.01 2.01 1.45 0.95 1.56 0.13 0.00 0.00 0.00 0.00 0.00 0.00 0.00 0.00 0.00 0.00 0.00 0.00 0.00 0.00 0.00 0.00 0.00 0.00 0.00 0.00 0.00
5.11 5.17 5.23 5.29 5.38 5.44 5.50 5.56 5.61 5.66 5.71 5.82 5.86 5.90 5.94 5.97 6.01 6.04 6.07 6.11 6.14 6.17 6.20 6.22 6.25 6.30 6.34 6.37 6.39 6.41 6.44 6.46 6.49 6.55 6.61 6.66 6.72 6.77 6.87 6.93 7.07 6.67 2.56 2.81 4.39 4.69 4.62 4.84 4.97 5.92 7.07 7.09 4.56 2.72 2.36 1.94 1.78 1.97 1.86 1.53 0.84 1.44 0.03 0.00 0.00 0.00 0.00 0.00 0.00 0.00 0.00 0.00 0.00 0.00 0.00 0.00 0.00 0.00 0.00 0.00 0.00 0.00 0.00 0.00
5.10 5.16 5.22 5.29 5.35 5.44 5.50 5.55 5.60 5.66 5.71 5.81 5.85 5.89 5.92 5.96 5.99 6.03 6.06 6.10 6.13 6.15 6.18 6.21 6.23 6.29 6.32 6.35 6.35 6.38 6.40 6.42 6.46 6.50 6.58 6.64 6.69 6.80 6.84 6.90 5.62 2.98 2.41 3.27 4.36 4.67 4.49 4.65 4.98 6.32 7.07 6.57 3.55 2.68 2.41 1.75 1.91 2.12 1.76 1.67 1.04 1.54 0.04 0.00 0.00 0.00 0.00 0.00 0.00 0.00 0.00 0.00 0.00 0.00 0.00 0.00 0.00 0.00 0.00 0.00 0.00 0.00 0.00 0.00
5.07 5.14 5.20 5.27 5.33 5.43 5.49 5.54 5.60 5.65 5.74 5.78 5.84 5.88 5.91 5.94 5.98 6.01 6.04 6.08 6.11 6.13 6.14 6.17 6.21 6.24 6.28 6.30 6.33 6.35 6.38 6.41 6.44 6.48 6.56 6.61 6.66 6.77 6.81 6.88 2.99 2.77 2.45 3.51 4.27 4.60 4.48 4.64 5.58 7.04 7.06 3.88 3.34 2.59 2.36 1.85 2.14 2.19 1.68 1.58 1.22 1.54 0.05 0.00 0.00 0.00 0.00 0.00 0.00 0.00 0.00 0.00 0.00 0.00 0.00 0.00 0.00 0.00 0.00 0.00 0.00 0.00 0.00 0.00
5.05 5.11 5.18 5.24 5.31 5.40 5.46 5.52 5.58 5.63 5.73 5.77 5.82 5.86 5.89 5.91 5.95 5.97 6.00 6.04 6.06 6.09 6.11 6.13 6.18 6.21 6.25 6.28 6.31 6.33 6.36 6.39 6.43 6.47 6.54 6.59 6.63 6.72 6.79 6.85 4.32 2.84 2.39 3.29 4.30 4.63 4.52 4.63 5.79 7.03 4.84 3.72 3.29 2.68 2.32 2.36 2.39 2.44 1.53 1.60 1.41 1.55 0.14 0.00 0.00 0.00 0.00 0.00 0.00 0.00 0.00 0.00 0.00 0.00 0.00 0.00 0.00 0.00 0.00 0.00 0.00 0.00 0.00 0.00
5.04 5.10 5.16 5.22 5.28 5.37 5.44 5.49 5.55 5.60 5.68 5.73 5.79 5.82 5.86 5.89 5.92 5.95 5.98 6.00 6.04 6.06 6.08 6.13 6.16 6.19 6.23 6.26 6.29 6.32 6.35 6.38 6.42 6.45 6.51 6.56 6.61 6.69 6.76 6.80 4.50 3.02 2.27 3.20 4.36 4.61 4.58 4.66 5.10 7.04 4.02 3.67 3.20 2.65 2.30 2.27 2.63 2.60 2.01 1.16 0.77 0.53 0.01 0.00 0.00 0.00 0.00 0.00 0.00 0.00 0.00 0.00 0.00 0.00 0.00 0.00 0.00 0.00 0.00 0.00 0.00 0.00 0.00 0.00
5.02 5.08 5.14 5.19 5.25 5.35 5.41 5.46 5.52 5.57 5.62 5.70 5.76 5.80 5.83 5.86 5.89 5.92 5.95 5.98 6.01 6.04 6.06 6.11 6.14 6.17 6.20 6.24 6.27 6.30 6.33 6.36 6.39 6.43 6.49 6.54 6.63 6.67 6.74 4.31 3.38 2.73 2.67 3.53 4.46 4.65 4.64 4.70 5.11 7.04 3.89 3.63 2.93 2.55 2.24 1.91 2.49 2.67 1.83 1.02 0.34 0.00 0.00 0.00 0.00 0.00 0.00 0.00 0.00 0.00 0.00 0.00 0.00 0.00 0.00 0.00 0.00 0.00 0.00 0.00 0.00 0.00 0.00 0.00
4.99 5.05 5.11 5.17 5.23 5.29 5.38 5.44 5.50 5.55 5.60 5.68 5.74 5.77 5.81 5.84 5.87 5.90 5.93 5.96 6.00 6.02 6.05 6.10 6.12 6.15 6.18 6.22 6.25 6.27 6.30 6.33 6.37 6.39 6.43 6.50 6.54 6.65 5.13 2.77 2.99 2.47 2.77 3.70 4.56 4.71 4.70 4.78 5.24 7.05 3.85 3.60 2.83 2.56 2.18 1.79 2.60 2.37 1.49 1.05 0.40 0.00 0.00 0.00 0.00 0.00 0.00 0.00 0.00 0.00 0.00 0.00 0.00 0.00 0.00 0.00 0.00 0.00 0.00 0.00 0.00 0.00 0.00 0.00
4.97 5.02 5.08 5.14 5.20 5.26 5.36 5.42 5.47 5.53 5.61 5.66 5.69 5.75 5.79 5.82 5.85 5.88 5.91 5.94 5.98 6.01 6.03 6.06 6.11 6.13 6.14 6.18 6.21 6.23 6.26 6.29 6.33 6.37 6.41 6.48 6.52 6.61 6.37 3.81 2.55 2.47 2.84 4.15 4.71 4.85 4.82 4.94 5.64 7.06 3.85 3.63 2.78 2.55 2.18 2.07 2.27 1.69 1.22 0.50 0.33 0.00 0.00 0.00 0.00 0.00 0.00 0.00 0.00 0.00 0.00 0.00 0.00 0.00 0.00 0.00 0.00 0.00 0.00 0.00 0.00 0.00 0.00 0.00
4.95 5.00 5.06 5.12 5.18 5.24 5.33 5.39 5.45 5.50 5.58 5.62 5.66 5.72 5.76 5.79 5.82 5.85 5.88 5.91 5.94 5.96 5.99 6.02 6.07 6.09 6.12 6.16 6.18 6.21 6.24 6.27 6.30 6.34 6.39 6.46 6.50 6.54 6.58 6.35 2.94 2.38 2.95 4.44 4.84 5.30 5.09 4.94 6.14 7.08 3.86 3.73 2.83 2.55 2.24 2.39 2.02 1.74 1.39 0.23 0.16 0.00 0.00 0.00 0.00 0.00 0.00 0.00 0.00 0.00 0.00 0.00 0.00 0.00 0.00 0.00 0.00 0.00 0.00 0.00 0.00 0.00 0.00 0.00
