tsunami_inundation/2670.asc
ncols        89
nrows        96
xllcorner    425855.973699999973
yllcorner    5091051.504999999888
cellsize     55.000000000000
NODATA_value  -9999.00
[rows 0 to 36 of 96, columns 0 to 83 of 89]
-9999.00 4.27 4.33 4.46 4.52 4.59 4.69 4.75 4.82 4.88 4.94 5.00 5.06 5.13 5.23 5.30 5.36 5.48 5.54 5.59 5.64 5.71 5.74 5.78 5.81 5.85 5.88 5.90 5.94 5.96 5.98 5.98 5.99 6.00 6.02 6.05 6.07 6.09 6.11 6.12 6.05 0.38 0.27 0.94 0.86 0.17 0.05 0.02 1.66 3.80 5.64 6.01 6.07 6.16 6.25 6.32 6.41 6.43 6.42 4.27 4.73 4.85 4.46 3.84 2.24 0.12 0.00 0.00 0.00 0.00 0.00 0.00 0.00 0.00 0.00 0.00 0.00 0.00 0.00 0.00 0.00 0.00 0.00 0.00
-9999.00 4.27 4.33 4.46 4.52 4.58 4.68 4.75 4.82 4.88 4.94 5.00 5.06 5.13 5.23 5.29 5.42 5.48 5.53 5.58 5.63 5.70 5.74 5.77 5.81 5.84 5.87 5.90 5.95 5.97 5.98 5.99 5.99 6.00 6.02 6.05 6.08 6.10 6.11 6.12 6.07 0.66 0.20 0.62 0.89 0.75 0.23 1.85 4.06 5.46 5.77 5.81 5.88 5.99 6.09 6.18 6.32 6.39 6.39 4.31 4.78 4.94 4.79 3.90 2.00 0.06 0.00 0.00 0.00 0.00 0.00 0.00 0.00 0.00 0.00 0.00 0.00 0.00 0.00 0.00 0.00 0.00 0.00 0.00
-9999.00 4.27 4.40 4.46 4.52 4.58 4.65 4.75 4.81 4.88 4.94 5.00 5.06 5.12 5.22 5.35 5.41 5.47 5.53 5.58 5.62 5.69 5.73 5.76 5.80 5.83 5.87 5.89 5.92 5.97 5.98 5.99 6.00 6.01 6.03 6.05 6.08 6.10 6.11 6.13 6.09 0.22 0.10 0.38 0.70 0.77 1.93 3.80 5.29 5.73 5.58 5.60 5.69 5.82 5.94 6.13 6.22 6.35 6.17 4.63 4.68 5.05 4.93 3.83 2.86 0.05 0.00 0.00 0.00 0.00 0.00 0.00 0.00 0.00 0.00 0.00 0.00 0.00 0.00 0.00 0.00 0.00 0.00 0.00
-9999.00 4.27 4.40 4.46 4.52 4.59 4.65 4.75 4.81 4.88 4.94 5.00 5.06 5.13 5.22 5.29 5.41 5.47 5.52 5.57 5.62 5.68 5.72 5.76 5.79 5.83 5.86 5.89 5.95 5.97 5.98 5.99 6.00 6.02 6.04 6.07 6.10 6.11 6.13 6.14 6.15 3.56 0.19 0.26 0.44 0.49 2.36 4.68 5.67 5.60 5.34 5.39 5.51 5.67 5.80 5.99 6.10 6.32 6.25 5.07 4.71 5.00 4.82 3.63 2.62 0.98 0.06 0.00 0.00 0.00 0.00 0.00 0.00 0.00 0.00 0.00 0.00 0.00 0.00 0.00 0.00 0.00 0.00 0.00
-9999.00 4.27 4.40 4.47 4.53 4.59 4.65 4.75 4.82 4.88 4.94 5.00 5.06 5.13 5.19 5.35 5.41 5.47 5.52 5.57 5.62 5.68 5.72 5.75 5.79 5.82 5.86 5.89 5.91 5.97 5.98 5.99 6.01 6.03 6.06 6.08 6.11 6.13 6.14 6.16 6.17 5.13 0.26 0.27 0.38 0.39 3.66 5.22 5.72 5.55 5.31 5.33 5.43 5.58 5.82 5.89 5.97 6.09 6.17 5.44 4.70 5.17 4.47 3.32 2.14 0.89 0.04 0.00 0.00 0.00 0.00 0.00 0.00 0.00 0.00 0.00 0.00 0.00 0.00 0.00 0.00 0.00 0.00 0.00
-9999.00 4.27 4.41 4.47 4.53 4.59 4.65 4.75 4.82 4.88 4.94 5.01 5.07 5.13 5.20 5.36 5.41 5.47 5.52 5.57 5.61 5.65 5.71 5.75 5.78 5.81 5.84 5.88 5.94 5.97 5.98 6.00 6.02 6.04 6.07 6.09 6.13 6.15 6.16 6.18 6.19 5.16 0.43 0.41 0.48 0.68 4.00 5.56 5.73 5.63 5.57 5.46 5.45 5.51 5.56 5.74 5.78 5.62 5.68 5.45 5.35 5.32 4.95 3.96 1.81 0.15 0.14 0.02 0.00 0.00 0.00 0.00 0.00 0.00 0.00 0.00 0.00 0.00 0.00 0.00 0.00 0.00 0.00 0.00
-9999.00 4.34 4.41 4.47 4.53 4.59 4.65 4.72 4.81 4.88 4.94 5.01 5.07 5.13 5.20 5.36 5.41 5.47 5.52 5.57 5.61 5.65 5.70 5.74 5.77 5.80 5.83 5.87 5.93 5.96 5.98 6.00 6.03 6.05 6.08 6.11 6.14 6.16 6.18 6.20 6.21 1.62 0.70 0.74 0.79 1.53 3.31 5.09 5.70 5.67 5.63 5.54 5.53 5.57 5.59 5.33 5.43 5.53 5.08 4.98 5.01 5.13 4.99 4.51 2.99 0.96 1.00 0.64 0.00 0.00 0.00 0.00 0.00 0.00 0.00 0.00 0.00 0.00 0.00 0.00 0.00 0.00 0.00 0.00
-9999.00 4.34 4.41 4.47 4.53 4.59 4.65 4.71 4.81 4.88 4.94 5.01 5.07 5.13 5.20 5.36 5.41 5.47 5.52 5.57 5.61 5.65 5.70 5.73 5.76 5.80 5.83 5.86 5.92 5.96 5.98 6.01 6.04 6.07 6.09 6.12 6.14 6.19 6.22 6.24 6.26 6.27 1.50 1.02 1.06 2.03 3.47 4.98 5.67 5.66 5.64 5.63 5.63 5.64 5.60 5.29 5.08 5.06 3.65 4.00 5.06 5.07 5.05 4.96 4.82 3.61 1.55 1.27 0.02 0.00 0.00 0.00 0.00 0.00 0.00 0.00 0.00 0.00 0.00 0.00 0.00 0.00 0.00 0.00
-9999.00 4.34 4.41 4.47 4.53 4.59 4.65 4.71 4.81 4.87 4.94 5.00 5.07 5.13 5.20 5.36 5.41 5.47 5.52 5.56 5.61 5.65 5.70 5.73 5.76 5.80 5.83 5.89 5.92 5.96 5.99 6.01 6.04 6.08 6.11 6.13 6.18 6.22 6.25 6.28 6.28 4.15 2.27 1.57 1.58 2.65 3.96 5.16 5.63 5.62 5.63 5.73 5.77 5.78 5.78 5.56 5.21 4.98 2.72 2.58 3.62 5.08 5.06 4.96 4.83 4.81 2.01 1.13 0.09 0.00 0.00 0.00 0.00 0.00 0.00 0.00 0.00 0.00 0.00 0.00 0.00 0.00 0.00 0.00
-9999.00 4.28 4.41 4.47 4.53 4.59 4.65 4.71 4.81 4.87 4.94 5.00 5.07 5.13 5.20 5.35 5.41 5.46 5.51 5.56 5.61 5.65 5.68 5.73 5.77 5.80 5.83 5.86 5.92 5.96 5.99 6.02 6.05 6.09 6.12 6.16 6.19 6.24 6.27 6.30 6.31 5.15 2.96 2.21 2.41 3.42 4.86 5.61 5.61 5.63 5.66 5.77 5.86 5.92 5.93 5.83 5.66 3.99 2.28 2.64 3.05 3.56 3.19 3.20 4.59 4.64 1.95 1.22 0.17 0.01 0.00 0.00 0.00 0.00 0.00 0.00 0.00 0.00 0.00 0.00 0.00 0.00 0.00 0.00
-9999.00 4.25 4.41 4.47 4.53 4.59 4.65 4.71 4.81 4.87 4.94 5.00 5.07 5.13 5.20 5.35 5.41 5.46 5.51 5.56 5.60 5.64 5.68 5.73 5.77 5.80 5.83 5.86 5.92 5.95 6.00 6.03 6.06 6.10 6.13 6.17 6.21 6.26 6.29 6.33 6.35 6.23 6.07 4.88 3.36 4.73 5.60 5.61 5.65 5.70 5.77 5.82 5.93 6.00 6.21 6.22 5.23 3.28 2.79 3.10 3.02 2.94 2.72 2.58 4.08 4.53 2.70 1.39 0.29 0.01 0.00 0.00 0.00 0.00 0.00 0.00 0.00 0.00 0.00 0.00 0.00 0.00 0.00 0.00
-9999.00 4.25 4.41 4.47 4.53 4.59 4.65 4.71 4.78 4.87 4.94 5.00 5.07 5.13 5.26 5.35 5.41 5.46 5.51 5.56 5.60 5.64 5.68 5.73 5.77 5.80 5.83 5.89 5.92 5.95 6.00 6.03 6.06 6.10 6.14 6.18 6.22 6.26 6.32 6.36 6.38 6.28 6.15 6.00 5.90 5.73 5.75 5.75 5.79 5.88 6.05 6.26 6.25 6.33 6.42 6.46 5.03 3.16 2.70 3.27 3.14 3.12 2.82 2.64 3.65 4.40 2.60 1.59 0.45 0.01 0.00 0.00 0.00 0.00 0.00 0.00 0.00 0.00 0.00 0.00 0.00 0.00 0.00 0.00
4.26 4.35 4.41 4.47 4.54 4.60 4.66 4.72 4.78 4.88 4.94 5.01 5.07 5.20 5.26 5.35 5.41 5.46 5.51 5.55 5.60 5.64 5.68 5.73 5.76 5.80 5.83 5.89 5.92 5.95 6.00 6.03 6.07 6.11 6.15 6.20 6.25 6.30 6.37 6.41 6.39 6.30 6.18 6.05 5.97 5.97 5.94 5.85 5.81 5.85 5.98 6.25 6.40 6.47 6.71 6.56 4.24 3.16 2.93 3.31 3.18 2.96 2.67 2.47 3.22 4.29 1.56 1.11 0.04 0.00 0.00 0.00 0.00 0.00 0.00 0.00 0.00 0.00 0.00 0.00 0.00 0.00 0.00 0.00
4.26 4.35 4.42 4.48 4.54 4.60 4.66 4.73 4.79 4.88 4.95 5.01 5.07 5.14 5.27 5.33 5.41 5.46 5.51 5.56 5.60 5.64 5.67 5.73 5.76 5.79 5.83 5.89 5.92 5.95 5.99 6.03 6.06 6.11 6.16 6.21 6.27 6.32 6.39 6.44 6.42 6.33 6.21 6.07 6.05 6.17 6.16 6.01 5.90 5.95 6.05 6.20 6.51 6.61 6.78 5.71 3.89 3.08 3.62 3.41 3.30 2.93 2.61 2.52 2.99 4.19 1.43 0.21 0.00 0.00 0.00 0.00 0.00 0.00 0.00 0.00 0.00 0.00 0.00 0.00 0.00 0.00 0.00 0.00
4.27 4.36 4.43 4.49 4.55 4.61 4.67 4.74 4.80 4.89 4.95 5.02 5.08 5.21 5.27 5.33 5.42 5.47 5.51 5.56 5.60 5.64 5.67 5.71 5.75 5.79 5.82 5.88 5.91 5.94 5.99 6.03 6.07 6.11 6.17 6.22 6.28 6.34 6.41 6.46 6.44 6.40 6.26 6.09 6.10 6.33 6.39 6.33 6.07 6.08 6.24 6.29 6.51 6.56 6.74 4.99 3.48 3.08 3.67 3.43 3.19 2.95 3.03 2.41 2.79 4.04 1.94 0.10 0.00 -0.00 0.00 0.00 0.00 0.00 0.00 0.00 0.00 0.00 0.00 0.00 0.00 0.00 0.00 0.00
4.28 4.34 4.44 4.50 4.56 4.63 4.69 4.75 4.81 4.90 4.96 5.02 5.09 5.22 5.28 5.34 5.43 5.47 5.52 5.56 5.60 5.64 5.67 5.70 5.75 5.78 5.81 5.88 5.91 5.94 5.97 6.03 6.07 6.12 6.18 6.24 6.30 6.36 6.43 6.46 6.47 6.44 6.34 6.23 6.23 6.33 6.44 6.54 6.39 6.28 6.36 6.43 6.53 6.53 6.48 4.87 2.53 3.16 3.64 3.49 3.07 2.95 2.65 2.14 2.86 1.96 1.14 0.03 0.00 -0.00 0.00 0.00 0.00 0.00 0.00 0.00 0.00 0.00 0.00 0.00 0.00 0.00 0.00 0.00
4.28 4.35 4.44 4.51 4.57 4.63 4.69 4.76 4.82 4.88 4.97 5.03 5.09 5.22 5.28 5.34 5.43 5.48 5.52 5.56 5.60 5.64 5.67 5.70 5.75 5.78 5.81 5.87 5.90 5.94 5.97 6.03 6.08 6.13 6.19 6.25 6.31 6.37 6.42 6.48 6.50 6.48 6.43 6.37 6.36 6.33 6.37 6.52 6.54 6.55 6.58 6.60 6.61 6.56 5.93 4.73 2.59 3.58 3.83 3.58 3.47 3.01 2.67 2.14 3.15 1.80 1.27 0.02 0.00 -0.00 -0.00 0.00 0.00 0.00 0.00 0.00 0.00 0.00 0.00 0.00 0.00 0.00 0.00 0.00
4.28 4.35 4.45 4.51 4.58 4.64 4.70 4.76 4.82 4.89 4.98 5.03 5.10 5.16 5.29 5.35 5.43 5.48 5.52 5.56 5.60 5.64 5.67 5.70 5.75 5.78 5.84 5.87 5.90 5.94 5.97 6.03 6.08 6.13 6.19 6.25 6.32 6.38 6.43 6.49 6.55 6.55 6.54 6.51 6.49 6.37 6.36 6.46 6.53 6.57 6.60 6.61 6.60 6.59 5.58 4.32 2.84 3.76 3.71 3.67 3.44 2.74 2.36 2.11 3.77 2.68 1.03 0.00 0.00 -0.00 0.00 0.00 0.00 0.00 0.00 0.00 0.00 0.00 0.00 0.00 0.00 0.00 0.00 0.00
4.27 4.34 4.44 4.51 4.57 4.64 4.70 4.76 4.82 4.88 4.97 5.03 5.10 5.22 5.29 5.35 5.40 5.48 5.53 5.57 5.60 5.64 5.67 5.70 5.75 5.78 5.81 5.87 5.90 5.94 5.97 6.03 6.08 6.14 6.20 6.26 6.32 6.38 6.44 6.55 6.58 6.59 6.59 6.58 6.55 6.46 5.96 6.23 6.51 6.55 6.58 6.59 6.60 6.59 5.99 3.91 2.80 3.57 3.25 3.61 2.99 2.29 2.25 3.22 3.87 1.92 0.64 0.00 -0.00 0.00 0.00 0.00 0.00 0.00 0.00 0.00 0.00 0.00 0.00 0.00 0.00 0.00 0.00 0.00
4.26 4.33 4.40 4.50 4.57 4.63 4.70 4.76 4.82 4.88 4.97 5.03 5.09 5.22 5.28 5.34 5.40 5.48 5.53 5.57 5.61 5.64 5.67 5.70 5.73 5.81 5.84 5.87 5.91 5.94 5.97 6.03 6.08 6.14 6.20 6.26 6.33 6.39 6.45 6.53 6.60 6.62 6.63 6.63 6.60 6.25 2.95 4.93 6.34 6.55 6.58 6.60 6.60 6.58 6.59 3.46 2.88 3.47 3.09 3.18 2.49 3.51 3.87 3.90 2.29 1.20 0.05 0.00 0.00 -0.00 -0.00 0.00 0.00 0.00 0.00 0.00 0.00 0.00 0.00 0.00 0.00 0.00 0.00 0.00
4.26 4.33 4.40 4.50 4.57 4.63 4.70 4.76 4.82 4.88 4.94 5.03 5.09 5.22 5.28 5.34 5.40 5.48 5.53 5.57 5.61 5.64 5.68 5.71 5.74 5.78 5.84 5.87 5.91 5.94 5.97 6.01 6.08 6.14 6.20 6.26 6.33 6.40 6.46 6.58 6.62 6.64 6.68 6.67 5.68 2.82 2.47 4.85 5.91 6.51 6.58 6.60 6.60 6.58 6.58 2.94 2.87 3.25 2.89 2.80 2.65 3.76 3.83 3.89 1.90 0.28 0.00 0.00 0.00 0.00 0.00 0.00 0.00 0.00 0.00 0.00 0.00 0.00 0.00 0.00 0.00 0.00 0.00 0.00
4.26 4.34 4.41 4.51 4.57 4.64 4.70 4.76 4.82 4.88 4.94 5.03 5.16 5.22 5.28 5.34 5.40 5.48 5.52 5.56 5.60 5.64 5.67 5.71 5.74 5.81 5.84 5.87 5.91 5.94 5.97 6.01 6.08 6.14 6.20 6.27 6.33 6.40 6.51 6.59 6.63 6.67 6.68 6.72 4.08 2.19 2.13 4.50 5.13 5.46 5.95 6.62 6.63 6.63 5.85 2.08 2.01 2.48 2.53 2.74 2.46 3.40 3.78 3.87 2.56 0.21 0.00 0.00 -0.00 0.00 0.00 0.00 0.00 0.00 0.00 0.00 0.00 0.00 0.00 0.00 0.00 0.00 0.00 0.00
4.26 4.34 4.41 4.51 4.58 4.64 4.70 4.77 4.82 4.88 4.94 5.03 5.09 5.22 5.28 5.34 5.39 5.44 5.52 5.56 5.60 5.63 5.67 5.70 5.73 5.81 5.84 5.87 5.91 5.94 5.97 6.01 6.08 6.14 6.20 6.27 6.33 6.39 6.51 6.58 6.63 6.67 6.70 6.71 2.08 1.82 2.77 4.52 4.55 4.47 4.96 6.64 6.66 6.67 5.02 1.85 1.63 1.63 2.17 2.56 2.12 3.51 3.71 3.79 2.21 0.15 0.00 0.00 0.00 0.00 0.00 0.00 0.00 0.00 0.00 0.00 0.00 0.00 0.00 0.00 0.00 0.00 0.00 0.00
4.26 4.33 4.40 4.51 4.57 4.64 4.70 4.76 4.82 4.88 4.94 5.03 5.15 5.22 5.27 5.33 5.38 5.43 5.50 5.55 5.57 5.62 5.66 5.69 5.72 5.80 5.84 5.87 5.90 5.94 5.97 6.01 6.09 6.14 6.20 6.26 6.32 6.38 6.44 6.57 6.61 6.66 6.71 4.26 1.76 2.08 3.34 4.58 4.61 4.54 5.14 6.41 6.69 6.70 4.30 1.93 1.71 1.62 2.25 2.35 2.12 3.64 3.65 2.57 1.60 0.03 0.00 0.00 0.00 0.00 0.00 0.00 0.00 0.00 0.00 0.00 0.00 0.00 0.00 0.00 0.00 0.00 0.00 0.00
4.25 4.32 4.40 4.47 4.57 4.63 4.69 4.76 4.81 4.87 4.93 5.03 5.15 5.21 5.27 5.33 5.38 5.43 5.49 5.53 5.57 5.60 5.64 5.67 5.70 5.74 5.83 5.87 5.90 5.94 5.97 6.01 6.08 6.13 6.19 6.24 6.30 6.36 6.47 6.54 6.59 6.64 6.70 3.85 2.02 3.06 4.27 4.54 4.57 4.56 5.29 6.71 6.72 6.73 3.52 1.98 1.76 1.93 2.50 2.23 2.64 3.54 2.79 1.42 1.05 0.00 0.00 0.00 0.00 0.00 0.00 0.00 0.00 0.00 0.00 0.00 0.00 0.00 0.00 0.00 0.00 0.00 0.00 0.00
4.24 4.32 4.39 4.46 4.56 4.62 4.69 4.75 4.81 4.87 4.93 4.99 5.15 5.21 5.27 5.32 5.37 5.42 5.48 5.52 5.56 5.60 5.63 5.66 5.73 5.79 5.82 5.86 5.90 5.93 5.97 6.01 6.05 6.13 6.18 6.23 6.29 6.34 6.40 6.52 6.58 6.63 6.55 3.11 2.54 3.76 4.35 4.62 4.65 4.54 5.29 6.72 6.74 6.74 2.85 2.02 1.82 2.46 2.49 2.09 2.53 3.30 2.30 0.81 0.00 0.00 0.00 0.00 0.00 0.00 0.00 0.00 0.00 0.00 0.00 0.00 0.00 0.00 0.00 0.00 0.00 0.00 0.00 0.00
4.24 4.31 4.38 4.45 4.55 4.61 4.68 4.74 4.80 4.86 4.92 4.99 5.14 5.20 5.26 5.32 5.37 5.42 5.48 5.52 5.56 5.60 5.63 5.67 5.70 5.78 5.82 5.86 5.89 5.93 5.97 6.01 6.05 6.11 6.15 6.20 6.27 6.32 6.43 6.51 6.56 6.62 6.31 2.73 2.95 4.18 4.28 4.60 4.65 4.59 5.47 6.74 6.76 5.51 2.26 1.83 1.76 2.40 2.22 1.45 2.70 2.92 2.24 0.43 0.00 0.00 0.00 0.00 0.00 0.00 0.00 0.00 0.00 0.00 0.00 0.00 0.00 0.00 0.00 0.00 0.00 0.00 0.00 0.00
4.23 4.30 4.37 4.44 4.54 4.60 4.66 4.72 4.78 4.84 4.91 5.07 5.13 5.19 5.25 5.31 5.36 5.41 5.46 5.52 5.56 5.60 5.63 5.67 5.73 5.78 5.82 5.85 5.89 5.92 5.96 6.00 6.04 6.10 6.14 6.19 6.24 6.29 6.41 6.45 6.55 6.61 5.50 2.40 3.18 4.31 4.30 4.59 4.66 5.24 6.77 6.79 6.25 2.84 2.27 1.94 1.72 1.99 2.01 1.42 2.72 2.85 1.87 0.25 0.00 0.00 0.00 0.00 0.00 0.00 0.00 0.00 0.00 0.00 0.00 0.00 0.00 0.00 0.00 0.00 0.00 0.00 0.00 0.00
4.22 4.29 4.36 4.43 4.52 4.59 4.65 4.71 4.77 4.83 4.90 5.06 5.12 5.18 5.24 5.30 5.36 5.41 5.45 5.52 5.56 5.59 5.63 5.66 5.70 5.76 5.81 5.85 5.88 5.92 5.95 5.99 6.03 6.09 6.13 6.18 6.22 6.27 6.36 6.41 6.53 6.13 2.11 2.44 4.05 4.36 4.30 4.53 4.68 5.63 6.78 6.81 4.29 2.49 2.20 1.83 1.71 1.94 1.84 1.58 2.61 2.73 1.38 0.00 0.00 0.00 0.00 0.00 0.00 0.00 0.00 0.00 0.00 0.00 0.00 0.00 0.00 0.00 0.00 0.00 0.00 0.00 0.00 0.00
4.22 4.29 4.35 4.42 4.49 4.58 4.64 4.70 4.76 4.82 4.89 5.05 5.11 5.17 5.23 5.29 5.34 5.39 5.44 5.51 5.55 5.59 5.62 5.66 5.69 5.76 5.81 5.84 5.87 5.90 5.93 5.97 6.01 6.05 6.12 6.17 6.21 6.28 6.32 6.38 5.09 2.46 1.99 2.93 4.03 4.35 4.20 4.38 4.70 6.05 6.80 6.30 3.31 2.49 2.27 1.65 1.84 2.08 1.73 1.79 2.53 2.62 1.06 0.00 0.00 0.00 0.00 0.00 0.00 0.00 0.00 0.00 0.00 0.00 0.00 0.00 0.00 0.00 0.00 0.00 0.00 0.00 0.00 0.00
4.22 4.28 4.35 4.42 4.48 4.57 4.63 4.69 4.75 4.82 4.94 5.01 5.10 5.16 5.22 5.27 5.33 5.38 5.42 5.49 5.53 5.57 5.60 5.64 5.71 5.74 5.79 5.82 5.85 5.89 5.92 5.96 6.00 6.04 6.10 6.15 6.18 6.26 6.30 6.36 2.48 2.30 2.05 3.16 3.94 4.29 4.20 4.39 5.35 6.81 6.80 3.68 3.14 2.42 2.23 1.76 2.07 2.14 1.66 1.75 2.34 2.42 1.30 0.07 0.00 0.00 0.00 0.00 0.00 0.00 0.00 0.00 0.00 0.00 0.00 0.00 0.00 0.00 0.00 0.00 0.00 0.00 0.00 0.00
4.21 4.27 4.34 4.41 4.47 4.56 4.63 4.69 4.75 4.81 4.94 5.00 5.09 5.15 5.21 5.26 5.31 5.35 5.40 5.46 5.50 5.54 5.58 5.62 5.69 5.72 5.77 5.81 5.84 5.87 5.91 5.94 5.98 6.02 6.08 6.12 6.16 6.22 6.29 6.35 3.83 2.38 1.99 2.94 3.98 4.33 4.25 4.39 5.57 6.81 4.64 3.54 3.12 2.51 2.19 2.28 2.34 2.43 1.54 1.88 2.20 2.16 1.25 0.00 0.00 0.00 0.00 0.00 0.00 0.00 0.00 0.00 0.00 0.00 0.00 0.00 0.00 0.00 0.00 0.00 0.00 0.00 0.00 0.00
4.20 4.26 4.33 4.39 4.45 4.55 4.61 4.67 4.73 4.80 4.92 4.98 5.08 5.14 5.19 5.25 5.29 5.34 5.38 5.42 5.48 5.52 5.55 5.63 5.66 5.70 5.76 5.79 5.83 5.86 5.89 5.93 5.97 6.00 6.05 6.09 6.13 6.21 6.28 6.32 4.02 2.56 1.90 2.89 4.06 4.34 4.34 4.44 4.89 6.83 3.83 3.48 3.01 2.46 2.13 2.20 2.60 2.58 2.02 1.13 1.83 1.72 1.05 0.00 0.00 0.00 0.00 0.00 0.00 0.00 0.00 0.00 0.00 0.00 0.00 0.00 0.00 0.00 0.00 0.00 0.00 0.00 0.00 0.00
4.18 4.25 4.31 4.37 4.43 4.52 4.58 4.65 4.71 4.77 4.84 4.97 5.06 5.12 5.18 5.23 5.28 5.32 5.37 5.40 5.46 5.50 5.53 5.60 5.64 5.68 5.72 5.77 5.81 5.84 5.88 5.91 5.94 5.97 6.02 6.06 6.16 6.20 6.27 3.82 2.92 2.35 2.37 3.26 4.20 4.40 4.40 4.47 4.90 6.81 3.68 3.42 2.72 2.35 2.06 1.80 2.45 2.65 1.79 0.98 1.73 1.03 0.44 0.00 0.00 0.00 0.00 0.00 0.00 0.00 0.00 0.00 0.00 0.00 0.00 0.00 0.00 0.00 0.00 0.00 0.00 0.00 0.00 0.00
4.17 4.24 4.30 4.36 4.42 4.48 4.57 4.63 4.69 4.76 4.82 4.95 5.04 5.11 5.16 5.21 5.26 5.31 5.35 5.39 5.44 5.48 5.51 5.58 5.62 5.66 5.70 5.75 5.79 5.82 5.85 5.88 5.91 5.94 5.97 6.04 6.08 6.18 4.65 2.31 2.57 2.14 2.51 3.45 4.31 4.47 4.46 4.54 5.01 6.80 3.61 3.36 2.60 2.35 2.00 1.70 2.56 2.34 1.47 1.13 1.70 0.69 0.00 0.00 0.00 0.00 0.00 0.00 0.00 0.00 0.00 0.00 0.00 0.00 0.00 0.00 0.00 0.00 0.00 0.00 0.00 0.00 0.00 0.00
4.17 4.23 4.29 4.35 4.41 4.47 4.56 4.63 4.69 4.75 4.87 4.94 5.00 5.09 5.15 5.20 5.25 5.29 5.33 5.37 5.43 5.47 5.50 5.53 5.60 5.64 5.66 5.71 5.74 5.78 5.81 5.85 5.88 5.92 5.96 6.02 6.06 6.16 5.94 3.39 2.16 2.17 2.58 3.90 4.45 4.58 4.55 4.67 5.38 6.79 3.58 3.38 2.54 2.34 2.00 1.97 2.23 1.68 1.25 1.23 1.73 0.23 0.00 0.00 0.00 0.00 0.00 0.00 0.00 0.00 0.00 0.00 0.00 0.00 0.00 0.00 0.00 0.00 0.00 0.00 0.00 0.00 0.00 0.00
4.16 4.22 4.28 4.34 4.40 4.46 4.56 4.62 4.68 4.74 4.87 4.93 4.99 5.08 5.13 5.18 5.23 5.27 5.32 5.36 5.40 5.44 5.47 5.51 5.56 5.59 5.62 5.67 5.71 5.75 5.79 5.83 5.87 5.91 5.95 6.01 6.04 6.13 6.19 5.97 2.58 2.07 2.68 4.15 4.54 5.01 4.79 4.65 5.84 6.78 3.58 3.46 2.59 2.34 2.07 2.27 1.99 1.84 1.60 1.22 1.48 0.03 0.00 0.00 0.00 0.00 0.00 0.00 0.00 0.00 0.00 0.00 0.00 0.00 0.00 0.00 0.00 0.00 0.00 0.00 0.00 0.00 0.00 0.00
