tsunami_inundation/2670.asc
ncols        89
nrows        96
xllcorner    425855.973699999973
yllcorner    5091051.504999999888
cellsize     55.000000000000
NODATA_value  -9999.00
[rows 37 to 73 of 96, columns 0 to 83 of 89]
4.12 4.18 4.27 4.33 4.39 4.45 4.55 4.61 4.67 4.80 4.86 4.92 4.98 5.06 5.11 5.16 5.20 5.25 5.29 5.32 5.36 5.41 5.48 5.51 5.53 5.56 5.59 5.64 5.68 5.72 5.77 5.81 5.86 5.90 5.93 5.99 6.02 6.11 6.18 6.23 2.62 2.01 2.78 4.12 4.54 5.18 5.11 4.76 6.62 6.77 3.58 3.45 2.51 2.22 2.16 2.10 1.62 1.92 1.42 1.06 1.10 0.03 0.00 0.00 0.00 0.00 0.00 0.00 0.00 0.00 0.00 0.00 0.00 0.00 0.00 0.00 0.00 0.00 0.00 0.00 0.00 0.00 0.00 0.00
4.08 4.14 4.24 4.26 4.32 4.43 4.45 4.58 4.65 4.77 4.84 4.90 4.96 5.04 5.10 5.14 5.18 5.22 5.26 5.30 5.33 5.38 5.44 5.48 5.51 5.53 5.56 5.59 5.66 5.70 5.75 5.80 5.84 5.88 5.91 6.00 6.04 6.10 6.16 5.20 1.80 1.99 2.85 4.14 4.59 4.97 4.69 5.12 6.75 3.86 3.57 3.33 2.44 2.20 2.13 1.76 1.66 1.90 1.23 0.57 0.87 0.03 0.00 0.00 0.00 0.00 0.00 0.00 0.00 0.00 0.00 0.00 0.00 0.00 0.00 0.00 0.00 0.00 0.00 0.00 0.00 0.00 0.00 0.00
4.06 4.12 4.18 4.24 4.30 4.37 4.43 4.55 4.62 4.72 4.78 4.87 4.93 5.02 5.07 5.12 5.16 5.20 5.23 5.27 5.30 5.35 5.41 5.45 5.48 5.51 5.54 5.57 5.63 5.68 5.73 5.77 5.81 5.85 5.89 5.93 6.03 6.09 6.14 4.26 1.48 2.06 3.24 4.18 4.48 4.83 4.73 6.12 6.75 3.82 3.57 3.29 2.42 2.21 2.09 1.62 1.73 1.56 0.84 1.18 1.19 0.07 0.00 0.00 0.00 0.00 0.00 0.00 0.00 0.00 0.00 0.00 0.00 0.00 0.00 0.00 0.00 0.00 0.00 0.00 0.00 0.00 0.00 0.00
4.04 4.10 4.17 4.23 4.29 4.35 4.42 4.51 4.58 4.64 4.77 4.83 4.89 4.97 5.02 5.09 5.13 5.17 5.21 5.24 5.27 5.32 5.39 5.42 5.46 5.49 5.52 5.55 5.61 5.65 5.69 5.72 5.76 5.80 5.85 5.96 6.01 6.08 6.12 3.07 1.42 2.02 3.65 4.28 4.55 4.85 4.92 6.74 6.76 3.78 3.59 3.32 2.41 2.20 1.94 1.45 1.84 1.24 1.35 1.31 1.15 0.00 0.00 0.00 0.00 0.00 0.00 0.00 0.00 0.00 0.00 0.00 0.00 0.00 0.00 0.00 0.00 0.00 0.00 0.00 0.00 0.00 0.00 0.00
4.02 4.08 4.15 4.21 4.27 4.33 4.40 4.50 4.56 4.63 4.76 4.82 4.88 4.93 5.01 5.07 5.09 5.13 5.19 5.19 5.25 5.30 5.34 5.40 5.42 5.45 5.48 5.50 5.56 5.60 5.64 5.69 5.73 5.78 5.83 5.88 5.99 6.05 6.08 2.85 1.42 1.89 3.36 4.36 4.65 4.69 5.50 6.75 6.77 3.61 3.49 3.20 2.36 2.12 1.67 1.49 1.80 2.33 2.44 1.62 0.37 0.00 0.00 0.00 0.00 0.00 0.00 0.00 0.00 0.00 0.00 0.00 0.00 0.00 0.00 0.00 0.00 0.00 0.00 0.00 0.00 0.00 0.00 0.00
4.00 4.07 4.13 4.19 4.25 4.31 4.37 4.47 4.60 4.67 4.73 4.79 4.85 4.90 4.98 5.02 5.06 5.09 5.13 5.16 5.22 5.23 5.33 5.36 5.39 5.42 5.44 5.47 5.53 5.57 5.61 5.66 5.70 5.75 5.80 5.91 5.95 6.01 5.85 1.83 1.83 2.29 3.54 4.35 4.73 4.72 6.31 6.76 6.77 3.83 3.46 3.03 2.26 2.06 1.52 1.83 2.84 3.24 1.96 0.46 0.01 0.02 0.00 0.00 0.00 0.00 0.00 0.00 0.00 0.00 0.00 0.00 0.00 0.00 0.00 0.00 0.00 0.00 0.00 0.00 0.00 0.00 0.00 0.00
3.99 4.05 4.11 4.18 4.23 4.28 4.34 4.40 4.50 4.63 4.69 4.76 4.82 4.87 4.95 4.99 5.03 5.07 5.10 5.13 5.17 5.25 5.28 5.30 5.33 5.36 5.42 5.45 5.48 5.54 5.59 5.63 5.67 5.71 5.76 5.80 5.91 5.98 5.77 1.64 2.15 2.55 3.86 4.35 4.68 4.71 6.73 6.75 5.94 3.79 3.37 3.26 2.93 2.11 1.77 2.13 2.18 2.61 1.78 0.59 0.01 0.00 0.00 0.00 0.00 0.00 0.00 0.00 0.00 0.00 0.00 0.00 0.00 0.00 0.00 0.00 0.00 0.00 0.00 0.00 0.00 0.00 0.00 0.00
3.95 4.02 4.08 4.14 4.20 4.26 4.32 4.38 4.47 4.60 4.67 4.73 4.79 4.85 4.90 4.96 5.00 5.04 5.07 5.10 5.14 5.17 5.25 5.27 5.30 5.33 5.36 5.39 5.45 5.52 5.56 5.56 5.64 5.67 5.75 5.81 5.89 5.96 2.88 1.48 1.93 2.94 4.62 4.55 4.62 4.60 6.74 6.75 4.75 3.69 3.34 3.22 3.03 2.06 2.09 2.39 1.95 1.53 0.84 0.02 0.00 0.00 0.00 0.00 0.00 0.00 0.00 0.00 0.00 0.00 0.00 0.00 0.00 0.00 0.00 0.00 0.00 0.00 0.00 0.00 0.00 0.00 0.00 0.00
3.93 3.99 4.05 4.11 4.17 4.23 4.29 4.35 4.51 4.57 4.64 4.70 4.76 4.82 4.87 4.93 4.97 5.01 5.04 5.07 5.11 5.18 5.21 5.24 5.27 5.30 5.33 5.37 5.40 5.44 5.47 5.49 5.52 5.63 5.66 5.75 5.88 5.96 2.02 1.44 2.16 3.99 4.71 4.49 4.56 4.58 6.73 4.14 3.77 3.60 3.33 3.21 2.79 2.02 2.37 2.47 2.14 1.74 0.71 0.02 0.00 0.00 0.00 0.00 0.00 0.00 0.00 0.00 0.00 0.00 0.00 0.00 0.00 0.00 0.00 0.00 0.00 0.00 0.00 0.00 0.00 0.00 0.00 0.00
3.88 3.97 4.03 4.09 4.15 4.21 4.27 4.33 4.48 4.55 4.61 4.67 4.73 4.79 4.84 4.90 4.94 4.98 5.01 5.04 5.08 5.14 5.18 5.20 5.23 5.26 5.29 5.32 5.34 5.39 5.42 5.45 5.48 5.53 5.59 5.72 5.88 5.01 1.68 1.80 3.17 4.16 4.52 4.65 4.54 4.53 6.72 3.93 3.69 3.49 3.26 3.20 2.55 2.17 2.55 2.60 2.29 1.77 0.63 0.01 0.00 0.00 0.00 0.00 0.00 0.00 0.00 0.00 0.00 0.00 0.00 0.00 0.00 0.00 0.00 0.00 0.00 0.00 0.00 0.00 0.00 0.00 0.00 0.00
3.87 3.97 4.03 4.08 4.14 4.20 4.25 4.31 4.46 4.53 4.59 4.65 4.71 4.76 4.81 4.88 4.90 4.94 4.98 5.01 5.04 5.11 5.15 5.18 5.20 5.22 5.24 5.26 5.29 5.33 5.38 5.42 5.47 5.52 5.58 5.73 5.87 3.96 1.32 1.80 3.20 4.30 4.39 4.53 5.24 5.26 6.70 5.79 3.52 3.42 3.25 3.07 2.36 2.25 2.50 2.65 2.27 1.66 0.48 0.03 0.00 0.00 0.00 0.00 0.00 0.00 0.00 0.00 0.00 0.00 0.00 0.00 0.00 0.00 0.00 0.00 0.00 0.00 0.00 0.00 0.00 0.00 0.00 0.00
3.86 3.95 4.01 4.07 4.13 4.19 4.25 4.30 4.45 4.51 4.57 4.63 4.69 4.73 4.78 4.84 4.88 4.91 4.95 4.98 5.01 5.04 5.11 5.14 5.15 5.16 5.19 5.21 5.24 5.29 5.35 5.40 5.46 5.52 5.58 5.73 5.85 3.61 1.20 1.83 3.29 4.29 4.18 4.44 4.80 4.63 6.65 3.55 3.38 3.37 3.19 2.68 2.15 2.04 2.33 2.40 2.03 1.57 0.27 0.08 0.00 0.00 0.00 0.00 0.00 0.00 0.00 0.00 0.00 0.00 0.00 0.00 0.00 0.00 0.00 0.00 0.00 0.00 0.00 0.00 0.00 0.00 0.00 0.00
3.82 3.92 3.99 4.03 4.09 4.15 4.21 4.27 4.42 4.48 4.55 4.61 4.66 4.71 4.75 4.79 4.85 4.88 4.91 4.94 4.97 5.03 5.06 5.08 5.10 5.12 5.14 5.16 5.21 5.26 5.33 5.39 5.46 5.52 5.58 5.74 5.81 2.18 1.25 2.20 3.93 4.45 4.37 4.48 4.44 4.52 6.59 5.77 3.32 3.26 3.07 2.11 1.86 1.92 2.31 2.28 1.90 1.52 0.54 0.00 0.00 0.00 0.00 0.00 0.00 0.00 0.00 0.00 0.00 0.00 0.00 0.00 0.00 0.00 0.00 0.00 0.00 0.00 0.00 0.00 0.00 0.00 0.00 0.00
3.74 3.85 3.92 3.98 4.04 4.11 4.17 4.23 4.38 4.45 4.51 4.57 4.62 4.67 4.71 4.75 4.81 4.83 4.86 4.89 4.92 4.97 5.01 5.04 5.06 5.08 5.10 5.13 5.19 5.25 5.32 5.39 5.45 5.52 5.65 5.75 4.72 1.60 1.88 2.88 4.02 4.36 4.42 4.50 4.47 4.56 6.55 3.50 3.31 3.29 2.73 2.44 2.39 1.97 2.24 2.15 1.77 1.36 0.10 0.00 -0.00 0.00 0.00 0.00 0.00 0.00 0.00 0.00 0.00 0.00 0.00 0.00 0.00 0.00 0.00 0.00 0.00 0.00 0.00 0.00 0.00 0.00 0.00 0.00
3.70 3.77 3.87 3.93 4.00 4.06 4.12 4.24 4.33 4.39 4.46 4.52 4.57 4.62 4.66 4.70 4.75 4.78 4.81 4.84 4.90 4.93 4.96 5.00 5.02 5.05 5.09 5.11 5.17 5.23 5.30 5.37 5.44 5.57 5.66 5.69 3.53 1.69 2.27 2.96 3.53 3.97 4.01 3.90 4.17 5.06 6.52 3.51 3.37 3.28 2.69 2.81 2.30 1.96 2.19 2.13 1.64 1.08 0.05 0.00 0.00 0.00 0.00 0.00 0.00 0.00 0.00 0.00 0.00 0.00 0.00 0.00 0.00 0.00 0.00 0.00 0.00 0.00 0.00 0.00 0.00 0.00 0.00 0.00
3.67 3.74 3.83 3.90 3.96 4.02 4.08 4.20 4.29 4.35 4.41 4.47 4.52 4.57 4.61 4.65 4.71 4.74 4.77 4.80 4.84 4.88 4.91 4.97 5.00 5.04 5.07 5.10 5.16 5.21 5.26 5.36 5.42 5.56 5.66 5.46 2.45 1.91 2.94 2.79 2.97 3.22 3.28 3.48 4.28 5.83 5.97 3.50 3.37 3.13 2.64 2.69 2.22 1.98 2.13 2.15 1.64 0.99 0.07 0.00 0.00 0.00 0.00 0.00 0.00 0.00 0.00 0.00 0.00 0.00 0.00 0.00 0.00 0.00 0.00 0.00 0.00 0.00 0.00 0.00 0.00 0.00 0.00 0.00
3.64 3.71 3.81 3.87 3.93 3.99 4.05 4.17 4.23 4.32 4.38 4.44 4.49 4.54 4.57 4.61 4.66 4.69 4.73 4.76 4.79 4.86 4.90 4.95 4.99 5.03 5.05 5.08 5.14 5.19 5.24 5.34 5.41 5.48 5.64 4.47 2.31 1.96 3.01 2.44 2.21 2.39 3.00 3.90 4.63 6.44 6.46 3.32 3.32 3.02 2.66 2.57 2.16 2.10 2.03 1.71 1.36 0.78 0.03 0.00 0.00 0.00 0.00 0.00 0.00 0.00 0.00 0.00 0.00 0.00 0.00 0.00 0.00 0.00 0.00 0.00 0.00 0.00 0.00 0.00 0.00 0.00 0.00 0.00
3.64 3.70 3.80 3.86 3.92 3.98 4.09 4.15 4.21 4.30 4.36 4.41 4.46 4.51 4.55 4.59 4.63 4.68 4.71 4.75 4.81 4.85 4.88 4.93 4.97 5.01 5.03 5.06 5.12 5.18 5.23 5.32 5.39 5.46 5.62 4.20 2.10 1.72 3.05 2.27 2.12 2.36 3.24 4.06 4.86 6.38 5.54 3.08 3.18 2.88 2.72 2.51 1.97 2.05 1.92 1.61 1.34 0.80 0.03 0.00 0.00 0.00 0.00 0.00 0.00 0.00 0.00 0.00 0.00 0.00 0.00 0.00 0.00 0.00 0.00 0.00 0.00 0.00 0.00 0.00 0.00 0.00 0.00 0.00
3.64 3.70 3.79 3.85 3.91 3.97 4.03 4.14 4.20 4.29 4.35 4.41 4.46 4.51 4.55 4.58 4.62 4.67 4.70 4.77 4.80 4.84 4.87 4.91 4.95 4.99 5.01 5.05 5.11 5.16 5.21 5.31 5.37 5.51 5.59 2.90 1.81 1.72 2.79 2.08 2.35 3.02 3.76 4.09 5.81 6.33 5.24 3.08 3.20 2.81 2.42 2.32 1.90 2.00 1.81 1.37 0.87 0.62 0.02 0.00 0.00 0.00 0.00 0.00 0.00 0.00 0.00 0.00 0.00 0.00 0.00 0.00 0.00 0.00 0.00 0.00 0.00 0.00 0.00 0.00 0.00 0.00 0.00 0.00
3.64 3.70 3.76 3.85 3.91 3.97 4.09 4.14 4.20 4.29 4.35 4.41 4.46 4.50 4.54 4.58 4.61 4.66 4.69 4.72 4.79 4.82 4.85 4.88 4.92 4.96 4.99 5.03 5.09 5.14 5.19 5.28 5.34 5.49 4.15 1.88 1.44 2.19 2.61 2.02 2.41 3.18 3.84 4.12 6.25 6.28 4.28 3.09 3.19 2.49 2.00 2.07 1.78 1.78 1.50 1.17 1.02 0.26 0.00 0.00 0.00 0.00 0.00 0.00 0.00 0.00 0.00 0.00 0.00 0.00 0.00 0.00 0.00 0.00 0.00 0.00 0.00 0.00 0.00 0.00 0.00 0.00 0.00 0.00
3.64 3.70 3.76 3.85 3.90 3.96 4.08 4.14 4.20 4.29 4.35 4.40 4.45 4.49 4.53 4.57 4.60 4.65 4.68 4.71 4.77 4.80 4.83 4.86 4.89 4.92 4.95 5.00 5.05 5.10 5.15 5.22 5.38 5.47 4.02 1.57 1.27 2.27 2.33 1.98 2.43 3.48 4.02 4.70 6.21 6.22 3.14 3.04 3.00 2.08 2.02 1.85 1.59 1.44 1.48 1.48 1.08 0.71 0.15 0.00 0.00 0.00 0.00 0.00 0.00 0.00 0.00 0.00 0.00 0.00 0.00 0.00 0.00 0.00 0.00 0.00 0.00 0.00 0.00 0.00 0.00 0.00 0.00 0.00
3.65 3.71 3.76 3.85 3.91 3.96 4.02 4.14 4.19 4.25 4.34 4.40 4.45 4.49 4.53 4.56 4.59 4.64 4.66 4.72 4.74 4.77 4.80 4.83 4.86 4.89 4.92 4.97 5.02 5.07 5.11 5.19 5.36 5.35 2.94 1.42 1.32 2.30 2.12 2.00 2.91 3.80 4.23 5.39 6.17 6.17 3.02 2.96 2.80 1.84 1.79 1.67 1.56 1.19 2.05 1.56 1.15 0.90 0.00 0.00 0.00 0.00 0.00 0.00 0.00 0.00 0.00 0.00 0.00 0.00 0.00 0.00 0.00 0.00 0.00 0.00 0.00 0.00 0.00 0.00 0.00 0.00 0.00 0.00
3.66 3.71 3.77 3.85 3.91 3.96 4.08 4.14 4.20 4.25 4.34 4.38 4.43 4.48 4.51 4.54 4.58 4.61 4.65 4.70 4.73 4.75 4.77 4.80 4.83 4.85 4.88 4.93 4.99 5.03 5.08 5.16 5.26 5.32 2.41 1.52 1.60 2.24 2.12 2.14 3.52 4.02 4.37 5.26 6.11 6.11 2.84 2.80 2.48 1.46 1.46 1.54 1.39 2.31 2.20 1.51 1.42 0.38 0.00 0.00 0.00 0.00 0.00 0.00 0.00 0.00 0.00 0.00 0.00 0.00 0.00 0.00 0.00 0.00 0.00 0.00 0.00 0.00 0.00 0.00 0.00 0.00 0.00 0.00
3.68 3.73 3.79 3.84 3.92 3.97 4.08 4.13 4.19 4.25 4.33 4.38 4.43 4.47 4.50 4.54 4.57 4.59 4.63 4.69 4.71 4.74 4.76 4.78 4.80 4.81 4.83 4.88 4.94 4.99 5.04 5.12 5.22 4.70 1.73 1.55 1.80 2.40 2.01 2.92 3.84 4.07 4.32 5.61 6.00 3.75 2.97 2.89 2.35 1.50 1.46 1.56 1.65 2.45 2.11 1.66 1.72 0.24 0.00 0.00 0.00 0.00 0.00 0.00 0.00 0.00 0.00 0.00 0.00 0.00 0.00 0.00 0.00 0.00 0.00 0.00 0.00 0.00 0.00 0.00 0.00 0.00 0.00 0.00
3.67 3.74 3.80 3.86 3.94 3.98 4.08 4.14 4.19 4.25 4.33 4.38 4.42 4.46 4.49 4.53 4.55 4.58 4.64 4.66 4.69 4.72 4.74 4.76 4.78 4.79 4.80 4.84 4.89 4.93 4.98 5.06 5.17 3.64 1.54 1.44 2.00 2.04 2.01 3.29 3.59 3.71 4.26 5.56 5.93 4.05 2.96 2.71 2.02 1.72 1.53 1.56 2.28 2.35 2.16 2.20 1.97 0.62 0.00 0.00 0.00 0.00 0.00 0.00 0.00 0.00 0.00 0.00 0.00 0.00 0.00 0.00 0.00 0.00 0.00 0.00 0.00 0.00 0.00 0.00 0.00 0.00 0.00 0.00
3.66 3.73 3.80 3.86 3.94 3.99 4.10 4.15 4.20 4.26 4.31 4.38 4.42 4.45 4.49 4.52 4.54 4.57 4.60 4.65 4.67 4.69 4.71 4.72 4.74 4.79 4.77 4.78 4.82 4.86 4.90 5.05 4.54 1.82 1.42 1.16 1.99 1.91 2.40 3.42 3.52 3.72 3.71 4.47 5.90 5.02 2.76 2.53 2.14 1.80 1.75 1.46 2.69 2.61 2.69 2.47 1.56 0.34 0.00 0.00 0.00 0.00 0.00 0.00 0.00 0.00 0.00 0.00 0.00 0.00 0.00 0.00 0.00 0.00 0.00 0.00 0.00 0.00 0.00 0.00 0.00 0.00 0.00 0.00
3.66 3.72 3.79 3.85 3.93 3.99 4.10 4.15 4.21 4.26 4.31 4.38 4.42 4.46 4.49 4.51 4.54 4.56 4.61 4.63 4.65 4.67 4.69 4.71 4.72 4.75 4.76 4.78 4.81 4.84 4.85 5.00 3.12 1.48 1.18 1.13 1.80 2.06 2.75 3.63 3.61 4.21 3.74 5.37 5.87 5.41 2.72 2.42 1.97 1.97 1.76 1.38 2.69 2.82 2.75 2.12 0.31 0.00 0.00 0.00 0.00 0.00 0.00 0.00 0.00 0.00 0.00 0.00 0.00 0.00 0.00 0.00 0.00 0.00 0.00 0.00 0.00 0.00 0.00 0.00 0.00 0.00 0.00 0.00
3.67 3.73 3.79 3.85 3.93 3.99 4.10 4.15 4.21 4.26 4.30 4.37 4.41 4.45 4.48 4.50 4.53 4.55 4.57 4.62 4.64 4.66 4.68 4.69 4.71 4.74 4.75 4.78 4.79 4.82 4.85 4.93 2.33 0.87 1.06 1.29 1.35 2.11 3.02 3.70 4.14 4.72 4.70 5.44 5.85 5.47 2.52 2.13 2.13 2.06 1.76 2.56 3.01 3.22 2.43 0.28 0.00 0.00 0.00 0.00 0.00 0.00 0.00 0.00 0.00 0.00 0.00 0.00 0.00 0.00 0.00 0.00 0.00 0.00 0.00 0.00 0.00 0.00 0.00 0.00 0.00 0.00 0.00 0.00
3.68 3.74 3.80 3.86 3.91 4.05 4.10 4.16 4.21 4.26 4.30 4.36 4.40 4.44 4.47 4.49 4.52 4.54 4.60 4.61 4.63 4.65 4.67 4.68 4.69 4.71 4.74 4.76 4.78 4.81 4.85 4.86 0.93 0.98 0.96 1.14 1.30 2.84 3.46 3.77 3.65 4.67 4.46 4.57 5.83 4.61 2.29 2.55 2.67 2.44 3.12 3.30 3.31 3.41 1.72 0.00 0.00 0.00 0.00 0.00 0.00 0.00 0.00 0.00 0.00 0.00 0.00 0.00 0.00 0.00 0.00 0.00 0.00 0.00 0.00 0.00 0.00 0.00 0.00 0.00 0.00 0.00 0.00 0.00
3.65 3.72 3.78 3.84 3.99 4.05 4.11 4.17 4.22 4.27 4.31 4.36 4.40 4.43 4.46 4.49 4.51 4.54 4.59 4.61 4.63 4.65 4.66 4.67 4.68 4.69 4.72 4.75 4.78 4.81 4.83 4.44 1.29 1.00 1.22 1.24 1.79 3.18 3.52 3.52 3.64 3.62 3.67 4.01 3.22 2.64 2.73 2.76 2.98 2.87 3.28 3.31 3.30 3.31 1.34 0.00 0.00 0.00 0.00 0.00 0.00 0.00 0.00 0.00 0.00 0.00 0.00 0.00 0.00 0.00 0.00 0.00 0.00 0.00 0.00 0.00 0.00 0.00 0.00 0.00 0.00 0.00 0.00 0.00
3.64 3.70 3.76 3.82 3.88 4.02 4.09 4.15 4.22 4.26 4.30 4.34 4.39 4.42 4.46 4.48 4.51 4.53 4.58 4.60 4.61 4.63 4.65 4.65 4.66 4.67 4.71 4.74 4.74 4.62 4.33 4.18 1.07 0.96 1.28 1.34 2.18 3.23 3.48 3.51 3.49 3.57 3.60 4.35 2.53 3.05 2.97 2.62 2.43 2.54 3.05 3.31 3.30 3.20 1.87 0.00 0.00 0.00 0.00 0.00 0.00 0.00 0.00 0.00 0.00 0.00 0.00 0.00 0.00 0.00 0.00 0.00 0.00 0.00 0.00 0.00 0.00 0.00 0.00 0.00 0.00 0.00 0.00 0.00
3.66 3.70 3.75 3.81 3.95 4.00 4.06 4.13 4.20 4.25 4.29 4.32 4.38 4.41 4.44 4.47 4.49 4.51 4.54 4.57 4.58 4.60 4.62 4.63 4.64 4.67 4.68 4.62 4.40 4.21 4.16 4.19 0.95 0.79 1.25 1.51 2.50 3.17 3.41 3.43 3.45 3.48 3.65 4.51 2.85 3.01 2.87 2.48 2.36 2.25 1.90 2.30 2.99 3.07 1.89 0.00 0.00 0.00 0.00 0.00 0.00 0.00 0.00 0.00 0.00 0.00 0.00 0.00 0.00 0.00 0.00 0.00 0.00 0.00 0.00 0.00 0.00 0.00 0.00 0.00 0.00 0.00 0.00 0.00
3.73 3.77 3.81 3.85 3.89 4.00 4.06 4.13 4.19 4.24 4.28 4.31 4.36 4.39 4.41 4.44 4.46 4.49 4.51 4.54 4.56 4.58 4.60 4.61 4.63 4.62 4.39 4.23 4.16 4.14 4.16 4.19 0.77 0.57 1.07 1.75 2.45 2.93 3.28 3.34 3.34 3.51 3.90 3.98 2.78 2.92 2.78 2.42 2.22 2.14 1.69 1.22 2.34 2.15 1.22 0.00 0.00 0.00 0.00 0.00 0.00 0.00 0.00 0.00 0.00 0.00 0.00 0.00 0.00 0.00 0.00 0.00 0.00 0.00 0.00 0.00 0.00 0.00 0.00 0.00 0.00 0.00 0.00 0.00
3.73 3.79 3.84 3.89 3.99 4.06 4.10 4.17 4.22 4.26 4.30 4.33 4.37 4.39 4.41 4.43 4.46 4.48 4.51 4.54 4.56 4.57 4.58 4.57 4.46 4.27 4.17 4.14 4.14 4.14 4.16 4.16 0.67 0.54 1.08 1.71 2.40 2.53 3.05 3.22 3.30 3.53 4.16 2.35 2.68 2.76 2.68 2.46 1.78 1.54 1.27 0.85 2.23 2.35 0.54 0.00 0.00 0.00 0.00 0.00 0.00 0.00 0.00 0.00 0.00 0.00 0.00 0.00 0.00 0.00 0.00 0.00 0.00 0.00 0.00 0.00 0.00 0.00 0.00 0.00 0.00 0.00 0.00 0.00
3.48 3.42 3.57 3.72 3.95 4.06 4.11 4.17 4.22 4.26 4.30 4.33 4.37 4.39 4.41 4.43 4.46 4.48 4.52 4.53 4.52 4.49 4.40 4.27 4.13 4.11 4.12 4.14 4.14 4.14 4.14 3.93 0.53 0.79 1.29 1.76 2.40 2.40 2.70 3.04 3.18 3.72 4.44 2.07 2.41 2.56 2.49 2.28 2.17 2.12 1.46 1.67 2.53 2.29 0.50 0.00 0.00 0.00 0.00 0.00 0.00 0.00 0.00 0.00 0.00 0.00 0.00 0.00 0.00 0.00 0.00 0.00 0.00 0.00 0.00 0.00 0.00 0.00 0.00 0.00 0.00 0.00 0.00 0.00
3.05 3.13 3.22 3.44 3.56 3.73 3.84 3.96 4.07 4.16 4.23 4.28 4.32 4.36 4.38 4.39 4.41 4.40 4.37 4.29 4.23 4.17 4.13 4.07 4.06 4.09 4.13 4.15 4.15 4.14 4.14 1.98 0.57 0.82 1.31 1.48 2.03 2.31 2.73 3.03 3.22 3.87 4.60 2.77 2.47 2.42 2.26 2.21 2.47 3.15 2.74 2.77 2.67 1.61 0.35 0.00 0.00 0.00 0.00 0.00 0.00 0.00 0.00 0.00 0.00 0.00 0.00 0.00 0.00 0.00 0.00 0.00 0.00 0.00 0.00 0.00 0.00 0.00 0.00 0.00 0.00 0.00 0.00 0.00
3.02 3.08 3.15 3.29 3.36 3.47 3.55 3.64 3.72 3.80 3.87 3.94 3.99 4.05 4.07 4.09 4.09 4.08 4.06 4.06 4.05 4.05 4.06 4.05 4.06 4.11 4.15 4.16 4.16 4.16 4.15 1.08 0.50 0.79 1.30 1.33 1.70 2.31 2.87 3.30 3.51 3.83 4.45 2.34 4.22 3.26 2.35 2.20 2.24 3.11 3.07 3.01 2.93 1.68 0.66 0.02 0.00 0.00 0.00 0.00 0.00 0.00 0.00 0.00 0.00 0.00 0.00 0.00 0.00 0.00 0.00 0.00 0.00 0.00 0.00 0.00 0.00 0.00 0.00 0.00 0.00 0.00 0.00 0.00
