tsunami_inundation/2700.asc
ncols        89
nrows        96
xllcorner    425855.973699999973
yllcorner    5091051.504999999888
cellsize     55.000000000000
NODATA_value  -9999.00
[rows 37 to 73 of 96, columns 0 to 83 of 89]
3.29 3.36 3.43 3.49 3.56 3.63 3.74 3.81 3.88 4.01 4.07 4.14 4.20 4.30 4.36 4.43 4.49 4.56 4.62 4.68 4.74 4.82 4.92 4.97 5.01 5.05 5.09 5.15 5.20 5.24 5.28 5.32 5.36 5.42 5.46 5.54 5.59 5.70 5.77 5.81 2.17 1.73 2.54 3.88 4.30 4.93 4.86 4.52 6.37 6.52 3.33 3.21 2.28 2.01 1.97 1.94 1.53 1.84 1.35 1.87 2.13 1.01 0.03 0.00 0.00 0.00 0.00 0.00 0.00 0.00 0.00 0.00 0.00 0.00 0.00 0.00 0.00 0.00 0.00 0.00 0.00 0.00 0.00 0.00
3.28 3.34 3.42 3.47 3.53 3.62 3.67 3.79 3.86 3.99 4.06 4.12 4.18 4.28 4.35 4.42 4.48 4.55 4.61 4.67 4.73 4.81 4.91 4.95 5.00 5.04 5.07 5.11 5.18 5.22 5.27 5.31 5.35 5.39 5.43 5.56 5.62 5.69 5.76 4.78 1.36 1.78 2.65 3.92 4.36 4.73 4.44 4.87 6.49 3.60 3.31 3.07 2.20 1.97 1.93 1.61 1.57 1.81 1.13 2.05 2.19 1.46 0.32 0.00 0.00 0.00 0.00 0.00 0.00 0.00 0.00 0.00 0.00 0.00 0.00 0.00 0.00 0.00 0.00 0.00 0.00 0.00 0.00 0.00
3.26 3.33 3.39 3.45 3.52 3.59 3.65 3.78 3.85 3.96 4.02 4.10 4.17 4.27 4.34 4.40 4.47 4.54 4.60 4.66 4.72 4.79 4.89 4.94 4.98 5.02 5.06 5.10 5.16 5.21 5.25 5.29 5.32 5.36 5.41 5.46 5.61 5.68 5.73 3.83 1.17 1.88 3.03 3.95 4.22 4.57 4.46 5.85 6.47 3.55 3.30 3.02 2.18 2.00 1.89 1.48 1.63 1.51 0.83 2.07 2.13 1.51 0.00 0.00 0.00 0.00 0.00 0.00 0.00 0.00 0.00 0.00 0.00 0.00 0.00 0.00 0.00 0.00 0.00 0.00 0.00 0.00 0.00 0.00
3.25 3.31 3.38 3.44 3.50 3.57 3.64 3.74 3.81 3.88 4.01 4.07 4.13 4.22 4.30 4.39 4.45 4.52 4.58 4.64 4.70 4.78 4.87 4.92 4.96 5.00 5.04 5.08 5.14 5.18 5.22 5.24 5.28 5.32 5.37 5.50 5.58 5.66 5.70 2.65 1.18 1.82 3.39 4.00 4.25 4.55 4.63 6.45 6.46 3.49 3.31 3.05 2.17 1.98 1.77 1.31 1.78 1.43 1.67 1.89 1.98 0.45 0.00 0.00 0.00 0.00 0.00 0.00 0.00 0.00 0.00 0.00 0.00 0.00 0.00 0.00 0.00 0.00 0.00 0.00 0.00 0.00 0.00 0.00
3.23 3.30 3.36 3.43 3.49 3.55 3.62 3.72 3.79 3.86 3.99 4.05 4.12 4.18 4.29 4.37 4.42 4.49 4.57 4.61 4.68 4.76 4.81 4.90 4.93 4.97 5.01 5.05 5.10 5.14 5.18 5.22 5.26 5.30 5.36 5.41 5.55 5.64 5.68 2.45 1.17 1.65 3.07 4.04 4.33 4.37 5.19 6.44 6.46 3.32 3.21 2.93 2.13 1.92 1.51 1.35 2.07 2.79 2.82 1.98 1.03 0.13 0.00 0.00 0.00 0.00 0.00 0.00 0.00 0.00 0.00 0.00 0.00 0.00 0.00 0.00 0.00 0.00 0.00 0.00 0.00 0.00 0.00 0.00
3.23 3.29 3.35 3.42 3.48 3.54 3.60 3.70 3.84 3.91 3.97 4.03 4.10 4.16 4.27 4.33 4.40 4.46 4.53 4.59 4.66 4.69 4.82 4.87 4.91 4.94 4.98 5.02 5.07 5.11 5.15 5.20 5.24 5.29 5.34 5.46 5.53 5.60 5.46 1.46 1.59 2.01 3.23 4.00 4.39 4.39 5.99 6.44 6.45 3.53 3.18 2.77 2.04 1.88 1.38 1.83 3.23 3.59 2.31 1.03 0.22 0.46 0.00 0.00 0.00 0.00 0.00 0.00 0.00 0.00 0.00 0.00 0.00 0.00 0.00 0.00 0.00 0.00 0.00 0.00 0.00 0.00 0.00 0.00
3.21 3.28 3.35 3.41 3.47 3.52 3.59 3.65 3.75 3.88 3.95 4.01 4.08 4.14 4.25 4.31 4.38 4.44 4.50 4.56 4.61 4.72 4.76 4.80 4.83 4.87 4.95 4.98 5.02 5.09 5.14 5.18 5.23 5.27 5.33 5.37 5.50 5.57 5.36 1.28 1.90 2.26 3.53 4.01 4.35 4.39 6.42 6.44 5.63 3.50 3.11 3.03 2.72 1.95 1.67 2.13 2.51 3.01 2.21 1.44 0.80 0.03 0.00 0.00 0.00 0.00 0.00 0.00 0.00 0.00 0.00 0.00 0.00 0.00 0.00 0.00 0.00 0.00 0.00 0.00 0.00 0.00 0.00 0.00
3.19 3.26 3.32 3.38 3.44 3.50 3.57 3.63 3.72 3.86 3.92 3.99 4.05 4.12 4.19 4.29 4.35 4.42 4.47 4.53 4.58 4.63 4.72 4.76 4.80 4.84 4.88 4.93 5.00 5.07 5.12 5.13 5.20 5.25 5.34 5.40 5.47 5.53 2.43 1.11 1.66 2.65 4.30 4.22 4.29 4.29 6.43 6.44 4.45 3.42 3.09 2.99 2.83 1.92 2.02 2.38 2.05 1.83 1.41 0.97 0.07 0.01 0.00 0.00 0.00 0.00 0.00 0.00 0.00 0.00 0.00 0.00 0.00 0.00 0.00 0.00 0.00 0.00 0.00 0.00 0.00 0.00 0.00 0.00
3.16 3.23 3.30 3.36 3.42 3.48 3.54 3.60 3.76 3.83 3.89 3.96 4.03 4.09 4.16 4.26 4.33 4.39 4.44 4.50 4.55 4.65 4.69 4.73 4.77 4.81 4.85 4.90 4.94 4.99 5.03 5.07 5.12 5.22 5.27 5.35 5.44 5.46 1.44 1.11 1.88 3.69 4.39 4.17 4.26 4.28 6.44 3.85 3.50 3.35 3.10 2.99 2.60 1.89 2.33 2.47 2.20 1.89 1.26 0.63 0.03 0.00 0.00 0.00 0.00 0.00 0.00 0.00 0.00 0.00 0.00 0.00 0.00 0.00 0.00 0.00 0.00 0.00 0.00 0.00 0.00 0.00 0.00 0.00
3.11 3.21 3.28 3.34 3.40 3.46 3.52 3.58 3.73 3.80 3.87 3.93 4.00 4.07 4.14 4.23 4.30 4.36 4.42 4.47 4.52 4.61 4.65 4.69 4.72 4.76 4.80 4.84 4.88 4.95 4.99 5.04 5.08 5.15 5.20 5.29 5.40 4.41 1.07 1.53 2.88 3.86 4.21 4.34 4.24 4.24 6.43 3.66 3.44 3.25 3.04 3.00 2.38 2.05 2.52 2.61 2.35 1.89 1.10 0.47 0.01 0.00 0.00 0.00 0.00 0.00 0.00 0.00 0.00 0.00 0.00 0.00 0.00 0.00 0.00 0.00 0.00 0.00 0.00 0.00 0.00 0.00 0.00 0.00
3.09 3.19 3.26 3.32 3.38 3.44 3.51 3.57 3.72 3.78 3.85 3.91 3.98 4.05 4.12 4.22 4.27 4.33 4.39 4.44 4.49 4.57 4.62 4.66 4.69 4.72 4.76 4.79 4.84 4.88 4.95 4.99 5.05 5.12 5.17 5.26 5.31 3.31 0.86 1.53 2.92 4.00 4.08 4.24 4.97 4.99 6.42 5.52 3.28 3.20 3.04 2.88 2.20 2.14 2.50 2.67 2.34 1.81 0.97 0.58 0.00 0.00 0.00 0.00 0.00 0.00 0.00 0.00 0.00 0.00 0.00 0.00 0.00 0.00 0.00 0.00 0.00 0.00 0.00 0.00 0.00 0.00 0.00 0.00
3.08 3.18 3.24 3.31 3.37 3.43 3.49 3.56 3.71 3.76 3.83 3.89 3.96 4.03 4.09 4.19 4.25 4.31 4.37 4.42 4.46 4.50 4.59 4.62 4.65 4.68 4.72 4.75 4.79 4.84 4.91 4.95 5.02 5.08 5.12 5.22 5.28 2.94 0.84 1.57 3.00 4.00 3.89 4.17 4.54 4.38 6.40 3.32 3.17 3.15 2.99 2.50 2.02 1.98 2.37 2.46 2.16 1.84 1.32 0.57 0.00 0.00 0.00 0.00 0.00 0.00 0.00 0.00 0.00 0.00 0.00 0.00 0.00 0.00 0.00 0.00 0.00 0.00 0.00 0.00 0.00 0.00 0.00 0.00
3.06 3.16 3.23 3.28 3.35 3.41 3.47 3.54 3.68 3.75 3.81 3.88 3.94 4.01 4.08 4.14 4.23 4.29 4.34 4.39 4.43 4.51 4.56 4.59 4.62 4.64 4.67 4.71 4.75 4.80 4.86 4.91 4.97 5.02 5.06 5.20 5.25 1.54 0.96 1.94 3.66 4.18 4.11 4.22 4.20 4.29 6.37 5.54 3.12 3.08 2.89 1.96 1.76 1.88 2.38 2.37 2.08 1.89 1.63 0.20 0.00 0.00 0.00 0.00 0.00 0.00 0.00 0.00 0.00 0.00 0.00 0.00 0.00 0.00 0.00 0.00 0.00 0.00 0.00 0.00 0.00 0.00 0.00 0.00
3.05 3.15 3.21 3.27 3.33 3.40 3.46 3.52 3.67 3.73 3.79 3.86 3.93 3.99 4.06 4.12 4.21 4.27 4.32 4.36 4.41 4.48 4.53 4.56 4.58 4.61 4.64 4.67 4.72 4.77 4.81 4.86 4.91 4.95 5.08 5.19 4.16 1.17 1.63 2.62 3.76 4.09 4.18 4.27 4.25 4.35 6.34 3.30 3.13 3.13 2.59 2.34 2.32 1.97 2.34 2.29 1.99 1.86 1.41 0.08 0.15 0.00 0.00 0.00 0.00 0.00 0.00 0.00 0.00 0.00 0.00 0.00 0.00 0.00 0.00 0.00 0.00 0.00 0.00 0.00 0.00 0.00 0.00 0.00
3.04 3.10 3.20 3.26 3.32 3.38 3.45 3.56 3.65 3.71 3.77 3.84 3.91 3.97 4.04 4.10 4.19 4.25 4.30 4.34 4.42 4.45 4.48 4.53 4.55 4.58 4.61 4.62 4.67 4.70 4.72 4.76 4.82 4.94 5.06 5.10 2.93 1.37 2.02 2.70 3.28 3.72 3.78 3.69 3.97 4.86 6.32 3.32 3.21 3.13 2.56 2.72 2.23 1.97 2.30 2.29 1.87 1.53 1.10 0.02 0.01 0.00 0.00 0.00 0.00 0.00 0.00 0.00 0.00 0.00 0.00 0.00 0.00 0.00 0.00 0.00 0.00 0.00 0.00 0.00 0.00 0.00 0.00 0.00
3.02 3.09 3.18 3.24 3.30 3.37 3.43 3.55 3.63 3.69 3.76 3.82 3.89 3.95 4.02 4.08 4.17 4.23 4.27 4.32 4.38 4.41 4.45 4.49 4.52 4.55 4.56 4.58 4.62 4.65 4.66 4.72 4.78 4.92 5.05 4.85 1.84 1.62 2.70 2.53 2.71 2.99 3.08 3.29 4.10 5.64 5.79 3.33 3.22 2.99 2.53 2.61 2.17 2.00 2.24 2.33 1.87 1.40 0.93 0.00 0.00 0.00 0.00 0.00 0.00 0.00 0.00 0.00 0.00 0.00 0.00 0.00 0.00 0.00 0.00 0.00 0.00 0.00 0.00 0.00 0.00 0.00 0.00 0.00
3.01 3.07 3.17 3.23 3.29 3.35 3.41 3.53 3.58 3.67 3.74 3.80 3.87 3.93 3.99 4.05 4.15 4.20 4.24 4.29 4.32 4.39 4.43 4.46 4.49 4.52 4.52 4.53 4.56 4.59 4.61 4.69 4.76 4.83 5.02 3.83 1.73 1.69 2.76 2.19 2.00 2.19 2.81 3.72 4.46 6.26 6.29 3.17 3.19 2.90 2.56 2.50 2.14 2.14 2.12 1.87 1.58 1.22 0.73 0.02 0.00 0.00 0.00 0.00 0.00 0.00 0.00 0.00 0.00 0.00 0.00 0.00 0.00 0.00 0.00 0.00 0.00 0.00 0.00 0.00 0.00 0.00 0.00 0.00
3.01 3.07 3.16 3.22 3.28 3.34 3.46 3.51 3.57 3.66 3.72 3.78 3.85 3.91 3.98 4.04 4.10 4.19 4.23 4.27 4.34 4.37 4.40 4.43 4.45 4.47 4.47 4.48 4.51 4.55 4.59 4.68 4.75 4.82 4.99 3.55 1.55 1.42 2.78 2.03 1.94 2.20 3.07 3.89 4.70 6.23 5.39 2.96 3.08 2.79 2.65 2.47 1.97 2.10 2.00 1.74 1.54 1.26 0.48 -0.00 0.00 0.00 0.00 0.00 0.00 0.00 0.00 0.00 0.00 0.00 0.00 0.00 0.00 0.00 0.00 0.00 0.00 0.00 0.00 0.00 0.00 0.00 0.00 0.00
3.01 3.07 3.17 3.23 3.29 3.34 3.40 3.51 3.56 3.65 3.71 3.78 3.84 3.90 3.96 4.03 4.09 4.17 4.21 4.29 4.32 4.34 4.37 4.39 4.40 4.42 4.42 4.44 4.48 4.53 4.57 4.67 4.74 4.88 4.95 2.25 1.33 1.45 2.51 1.82 2.16 2.89 3.64 3.96 5.67 6.19 5.11 2.98 3.11 2.73 2.37 2.30 1.91 2.04 1.88 1.45 0.97 1.38 0.90 0.00 0.00 0.00 0.00 0.00 0.00 0.00 0.00 0.00 0.00 0.00 0.00 0.00 0.00 0.00 0.00 0.00 0.00 0.00 0.00 0.00 0.00 0.00 0.00 0.00
2.96 3.03 3.10 3.22 3.28 3.34 3.46 3.51 3.56 3.64 3.70 3.76 3.83 3.89 3.95 4.01 4.07 4.15 4.19 4.23 4.29 4.31 4.33 4.34 4.36 4.38 4.38 4.42 4.47 4.51 4.56 4.65 4.70 4.85 3.50 1.31 1.14 1.97 2.35 1.76 2.19 3.02 3.72 4.00 6.11 6.14 4.17 3.01 3.12 2.44 1.98 2.07 1.81 1.82 1.56 1.21 1.24 1.21 0.69 0.07 0.00 0.00 0.00 0.00 0.00 0.00 0.00 0.00 0.00 0.00 0.00 0.00 0.00 0.00 0.00 0.00 0.00 0.00 0.00 0.00 0.00 0.00 0.00 0.00
2.93 2.99 3.06 3.16 3.26 3.28 3.40 3.49 3.55 3.63 3.68 3.74 3.80 3.86 3.92 3.98 4.04 4.12 4.16 4.19 4.25 4.27 4.29 4.30 4.32 4.33 4.36 4.40 4.45 4.49 4.52 4.59 4.73 4.83 3.36 1.04 1.03 2.08 2.12 1.75 2.19 3.26 3.85 4.56 6.08 6.09 3.05 2.98 2.95 2.04 2.02 1.86 1.61 1.47 1.55 1.63 1.52 1.37 1.08 0.00 0.00 0.00 0.00 0.00 0.00 0.00 0.00 0.00 0.00 0.00 0.00 0.00 0.00 0.00 0.00 0.00 0.00 0.00 0.00 0.00 0.00 0.00 0.00 0.00
2.90 2.96 3.02 3.12 3.18 3.24 3.31 3.46 3.48 3.54 3.62 3.71 3.77 3.82 3.89 3.95 4.00 4.08 4.11 4.17 4.20 4.22 4.25 4.27 4.30 4.32 4.35 4.39 4.44 4.47 4.49 4.57 4.71 4.70 2.25 0.95 1.08 2.11 1.96 1.82 2.69 3.57 4.04 5.23 6.04 6.04 2.94 2.90 2.77 1.84 1.81 1.68 1.57 1.27 2.21 1.94 2.02 1.62 0.17 0.00 0.00 0.00 0.00 0.00 0.00 0.00 0.00 0.00 0.00 0.00 0.00 0.00 0.00 0.00 0.00 0.00 0.00 0.00 0.00 0.00 0.00 0.00 0.00 0.00
2.88 2.94 3.00 3.09 3.15 3.22 3.33 3.39 3.45 3.50 3.59 3.64 3.70 3.78 3.84 3.88 3.96 4.01 4.08 4.15 4.18 4.21 4.23 4.26 4.29 4.31 4.34 4.38 4.42 4.45 4.47 4.54 4.62 4.65 1.72 1.11 1.32 2.00 1.96 2.06 3.42 3.90 4.23 5.13 6.00 6.00 2.78 2.77 2.47 1.45 1.45 1.52 1.36 2.62 2.62 2.34 2.27 1.48 0.00 0.00 0.00 0.00 0.00 0.00 0.00 0.00 0.00 0.00 0.00 0.00 0.00 0.00 0.00 0.00 0.00 0.00 0.00 0.00 0.00 0.00 0.00 0.00 0.00 0.00
2.87 2.93 2.99 3.05 3.14 3.20 3.31 3.37 3.43 3.49 3.58 3.63 3.69 3.75 3.81 3.87 3.94 3.98 4.05 4.14 4.18 4.20 4.23 4.25 4.29 4.30 4.31 4.36 4.40 4.43 4.45 4.51 4.58 4.03 1.12 1.17 1.49 2.15 1.91 2.95 3.85 4.05 4.30 5.56 5.93 3.69 2.94 2.87 2.33 1.47 1.40 1.50 1.87 2.83 2.58 2.41 2.39 1.65 0.77 0.00 0.00 0.00 0.00 0.00 0.00 0.00 0.00 0.00 0.00 0.00 0.00 0.00 0.00 0.00 0.00 0.00 0.00 0.00 0.00 0.00 0.00 0.00 0.00 0.00
2.88 2.94 3.00 3.06 3.14 3.20 3.31 3.37 3.43 3.49 3.58 3.63 3.69 3.75 3.81 3.87 3.92 3.98 4.09 4.13 4.16 4.20 4.22 4.25 4.27 4.30 4.30 4.34 4.39 4.42 4.44 4.49 4.55 2.95 1.05 1.14 1.90 2.04 2.07 3.40 3.66 3.74 4.26 5.53 5.89 4.01 2.93 2.67 1.98 1.65 1.46 1.54 2.62 2.72 2.56 2.69 2.57 1.90 0.00 0.00 0.00 0.00 0.00 0.00 0.00 0.00 0.00 0.00 0.00 0.00 0.00 0.00 0.00 0.00 0.00 0.00 0.00 0.00 0.00 0.00 0.00 0.00 0.00 0.00
2.88 2.95 3.01 3.07 3.15 3.21 3.32 3.38 3.43 3.49 3.55 3.64 3.70 3.76 3.81 3.87 3.92 3.97 4.04 4.11 4.15 4.18 4.20 4.22 4.24 4.29 4.28 4.30 4.34 4.39 4.42 4.49 3.91 1.11 1.09 1.13 2.04 1.95 2.43 3.47 3.57 3.74 3.70 4.44 5.85 4.96 2.71 2.47 2.05 1.71 1.66 1.58 2.96 2.92 3.00 2.84 2.13 1.44 0.19 0.00 0.00 0.00 0.00 0.00 0.00 0.00 0.00 0.00 0.00 0.00 0.00 0.00 0.00 0.00 0.00 0.00 0.00 0.00 0.00 0.00 0.00 0.00 0.00 0.00
2.89 2.95 3.01 3.07 3.16 3.21 3.33 3.38 3.44 3.50 3.56 3.65 3.70 3.76 3.82 3.87 3.92 3.96 4.05 4.09 4.12 4.15 4.18 4.20 4.22 4.25 4.26 4.28 4.32 4.37 4.39 4.47 2.40 0.88 1.14 1.18 1.87 2.09 2.72 3.54 3.52 4.13 3.68 5.30 5.80 5.33 2.63 2.31 1.87 1.87 1.70 1.57 2.92 3.07 3.07 2.50 0.70 0.00 0.00 0.00 0.00 0.00 0.00 0.00 0.00 0.00 0.00 0.00 0.00 0.00 0.00 0.00 0.00 0.00 0.00 0.00 0.00 0.00 0.00 0.00 0.00 0.00 0.00 0.00
2.89 2.95 3.02 3.08 3.16 3.22 3.33 3.39 3.44 3.50 3.56 3.65 3.71 3.77 3.82 3.87 3.92 3.95 3.99 4.07 4.10 4.12 4.15 4.17 4.19 4.22 4.23 4.26 4.29 4.33 4.37 4.43 1.90 0.89 1.09 1.18 1.22 2.00 2.87 3.52 3.95 4.55 4.56 5.32 5.73 5.35 2.40 2.01 2.02 1.97 1.81 2.76 3.21 3.39 2.66 0.49 0.00 0.00 0.00 0.00 0.00 0.00 0.00 0.00 0.00 0.00 0.00 0.00 0.00 0.00 0.00 0.00 0.00 0.00 0.00 0.00 0.00 0.00 0.00 0.00 0.00 0.00 0.00 0.00
2.89 2.95 3.02 3.08 3.14 3.28 3.34 3.40 3.45 3.51 3.56 3.65 3.71 3.77 3.83 3.88 3.92 3.95 4.03 4.06 4.08 4.10 4.12 4.14 4.15 4.17 4.19 4.21 4.24 4.29 4.33 4.39 1.02 0.92 0.85 1.02 1.16 2.67 3.25 3.55 3.41 4.46 4.27 4.41 5.68 4.45 2.14 2.42 2.57 2.42 3.21 3.43 3.46 3.56 1.90 0.00 0.00 0.00 0.00 0.00 0.00 0.00 0.00 0.00 0.00 0.00 0.00 0.00 0.00 0.00 0.00 0.00 0.00 0.00 0.00 0.00 0.00 0.00 0.00 0.00 0.00 0.00 0.00 0.00
2.89 2.95 3.01 3.08 3.22 3.28 3.34 3.41 3.46 3.52 3.57 3.66 3.72 3.78 3.83 3.88 3.92 3.96 4.03 4.06 4.08 4.09 4.11 4.11 4.12 4.13 4.14 4.16 4.19 4.23 4.28 4.37 1.48 0.90 1.12 1.12 1.64 3.00 3.31 3.29 3.40 3.39 3.45 3.80 3.03 2.48 2.59 2.64 2.90 2.86 3.36 3.43 3.44 3.44 1.49 0.00 0.00 0.00 0.00 0.00 0.00 0.00 0.00 0.00 0.00 0.00 0.00 0.00 0.00 0.00 0.00 0.00 0.00 0.00 0.00 0.00 0.00 0.00 0.00 0.00 0.00 0.00 0.00 0.00
2.90 2.95 3.01 3.07 3.13 3.28 3.34 3.41 3.47 3.52 3.57 3.63 3.72 3.78 3.84 3.89 3.93 3.96 4.03 4.05 4.07 4.09 4.10 4.10 4.10 4.10 4.11 4.10 4.12 4.15 4.20 4.32 1.28 0.86 1.19 1.23 2.03 3.04 3.26 3.28 3.26 3.34 3.38 4.14 2.36 2.90 2.82 2.51 2.36 2.52 3.14 3.44 3.43 3.32 1.98 0.00 0.00 0.00 0.00 0.00 0.00 0.00 0.00 0.00 0.00 0.00 0.00 0.00 0.00 0.00 0.00 0.00 0.00 0.00 0.00 0.00 0.00 0.00 0.00 0.00 0.00 0.00 0.00 0.00
2.90 2.96 3.02 3.08 3.22 3.28 3.34 3.41 3.47 3.52 3.58 3.63 3.72 3.78 3.83 3.88 3.93 3.98 4.01 4.04 4.06 4.08 4.09 4.09 4.09 4.09 4.10 4.10 4.10 4.11 4.16 4.25 1.07 0.69 1.15 1.39 2.35 2.98 3.20 3.20 3.22 3.26 3.44 4.30 2.66 2.86 2.75 2.38 2.29 2.23 1.97 2.53 3.24 3.22 2.09 0.00 0.00 0.00 0.00 0.00 0.00 0.00 0.00 0.00 0.00 0.00 0.00 0.00 0.00 0.00 0.00 0.00 0.00 0.00 0.00 0.00 0.00 0.00 0.00 0.00 0.00 0.00 0.00 0.00
2.90 2.96 3.02 3.08 3.14 3.28 3.34 3.41 3.47 3.53 3.58 3.63 3.71 3.77 3.82 3.87 3.92 3.97 4.00 4.03 4.05 4.07 4.08 4.08 4.07 4.08 4.09 4.10 4.10 4.10 4.10 4.18 0.55 0.47 0.97 1.63 2.30 2.74 3.07 3.12 3.12 3.30 3.69 3.78 2.63 2.79 2.67 2.34 2.16 2.11 1.73 1.67 3.06 2.87 1.74 0.00 0.00 0.00 0.00 0.00 0.00 0.00 0.00 0.00 0.00 0.00 0.00 0.00 0.00 0.00 0.00 0.00 0.00 0.00 0.00 0.00 0.00 0.00 0.00 0.00 0.00 0.00 0.00 0.00
2.88 2.94 3.01 3.07 3.20 3.28 3.34 3.41 3.47 3.53 3.58 3.63 3.72 3.77 3.82 3.87 3.91 3.94 3.99 4.02 4.04 4.06 4.07 4.07 4.07 4.07 4.09 4.09 4.09 4.10 4.09 3.92 0.20 0.45 0.97 1.58 2.25 2.34 2.85 3.01 3.09 3.33 3.96 2.19 2.55 2.65 2.59 2.40 1.76 1.56 1.44 1.69 3.14 3.23 2.01 0.00 0.00 0.00 0.00 0.00 0.00 0.00 0.00 0.00 0.00 0.00 0.00 0.00 0.00 0.00 0.00 0.00 0.00 0.00 0.00 0.00 0.00 0.00 0.00 0.00 0.00 0.00 0.00 0.00
2.87 2.93 3.00 3.06 3.20 3.28 3.34 3.41 3.47 3.53 3.58 3.63 3.72 3.77 3.81 3.86 3.90 3.93 3.98 4.01 4.03 4.05 4.06 4.06 4.06 4.07 4.08 4.08 4.08 4.10 4.09 3.34 0.15 0.70 1.19 1.63 2.25 2.22 2.51 2.84 2.99 3.53 4.26 1.93 2.31 2.47 2.42 2.24 2.30 2.39 2.20 2.62 3.37 3.14 2.13 1.22 0.00 0.00 0.00 0.00 0.00 0.00 0.00 0.00 0.00 0.00 0.00 0.00 0.00 0.00 0.00 0.00 0.00 0.00 0.00 0.00 0.00 0.00 0.00 0.00 0.00 0.00 0.00 0.00
2.86 2.93 2.99 3.13 3.20 3.29 3.35 3.41 3.47 3.52 3.58 3.64 3.69 3.77 3.81 3.85 3.89 3.95 3.98 4.01 4.03 4.04 4.05 4.05 4.05 4.06 4.07 4.08 4.08 4.05 3.77 1.33 0.47 0.73 1.20 1.35 1.88 2.14 2.55 2.85 3.03 3.69 4.43 2.61 2.41 2.36 2.22 2.20 2.72 3.59 3.49 3.55 3.45 2.50 1.83 0.84 0.00 0.00 0.00 0.00 0.00 0.00 0.00 0.00 0.00 0.00 0.00 0.00 0.00 0.00 0.00 0.00 0.00 0.00 0.00 0.00 0.00 0.00 0.00 0.00 0.00 0.00 0.00 0.00
2.84 2.91 2.98 3.13 3.20 3.29 3.35 3.41 3.47 3.53 3.58 3.64 3.69 3.77 3.81 3.85 3.93 3.96 3.98 4.00 4.02 4.03 4.04 4.04 4.05 4.07 4.07 4.02 3.76 3.57 3.52 0.49 0.39 0.71 1.19 1.20 1.55 2.15 2.70 3.13 3.34 3.67 4.29 2.21 4.16 3.21 2.33 2.21 2.51 3.61 3.61 3.59 3.48 2.33 1.59 0.66 0.00 0.00 0.00 0.00 0.00 0.00 0.00 0.00 0.00 0.00 0.00 0.00 0.00 0.00 0.00 0.00 0.00 0.00 0.00 0.00 0.00 0.00 0.00 0.00 0.00 0.00 0.00 0.00
