tsunami_inundation/2700.asc
ncols        89
nrows        96
xllcorner    425855.973699999973
yllcorner    5091051.504999999888
cellsize     55.000000000000
NODATA_value  -9999.00
[rows 0 to 36 of 96, columns 0 to 83 of 89]
-9999.00 3.31 3.38 3.53 3.56 3.66 3.76 3.83 3.90 3.96 4.02 4.09 4.15 4.21 4.30 4.36 4.42 4.53 4.58 4.64 4.70 4.79 4.84 4.88 4.92 4.96 4.99 5.03 5.07 5.10 5.15 5.18 5.20 5.22 5.23 5.24 5.23 5.23 5.25 5.29 5.28 0.07 0.27 0.84 0.78 0.15 0.04 0.02 1.81 3.88 5.72 6.07 6.14 6.21 6.29 6.36 6.47 6.51 6.53 4.51 5.07 5.17 4.75 4.14 2.55 0.58 0.08 0.00 0.00 0.00 0.00 0.00 0.00 0.00 0.00 0.00 0.00 0.00 0.00 0.00 0.00 0.00 0.00 0.00
-9999.00 3.28 3.35 3.48 3.55 3.61 3.71 3.80 3.85 3.92 4.00 4.06 4.13 4.19 4.28 4.34 4.46 4.51 4.57 4.63 4.69 4.78 4.83 4.88 4.92 4.96 4.99 5.03 5.10 5.13 5.16 5.18 5.20 5.22 5.24 5.24 5.24 5.24 5.25 5.26 5.24 0.00 0.14 0.53 0.80 0.64 0.19 1.94 4.18 5.60 5.88 5.90 5.95 6.04 6.14 6.22 6.37 6.47 6.49 4.54 5.09 5.24 5.06 4.19 2.28 0.52 0.06 0.00 0.00 0.00 0.00 0.00 0.00 0.00 0.00 0.00 0.00 0.00 0.00 0.00 0.00 0.00 0.00 0.00
-9999.00 3.27 3.41 3.47 3.54 3.60 3.66 3.77 3.84 3.91 3.98 4.05 4.10 4.16 4.27 4.39 4.45 4.50 4.56 4.62 4.68 4.77 4.83 4.88 4.92 4.96 5.00 5.03 5.06 5.13 5.16 5.18 5.20 5.22 5.24 5.25 5.26 5.26 5.26 5.27 5.23 0.18 0.04 0.30 0.59 0.63 2.18 3.85 5.42 5.90 5.74 5.71 5.78 5.89 5.99 6.18 6.27 6.42 6.27 4.85 4.98 5.34 5.19 4.10 3.16 0.48 0.03 0.00 0.00 0.00 0.00 0.00 0.00 0.00 0.00 0.00 0.00 0.00 0.00 0.00 0.00 0.00 0.00 0.00
-9999.00 3.27 3.41 3.47 3.53 3.60 3.66 3.77 3.84 3.91 3.97 4.04 4.10 4.16 4.26 4.32 4.44 4.50 4.56 4.62 4.68 4.77 4.83 4.88 4.93 4.97 5.00 5.04 5.11 5.14 5.16 5.18 5.20 5.22 5.24 5.26 5.27 5.27 5.28 5.28 5.28 2.69 0.13 0.19 0.33 0.42 2.40 4.74 5.78 5.80 5.55 5.55 5.65 5.77 5.86 6.05 6.16 6.38 6.35 5.28 5.01 5.29 5.08 3.90 2.87 1.41 1.24 0.00 0.00 0.00 0.00 0.00 0.00 0.00 0.00 0.00 0.00 0.00 0.00 0.00 0.00 0.00 0.00 0.00
-9999.00 3.28 3.41 3.47 3.54 3.60 3.66 3.77 3.84 3.91 3.98 4.04 4.10 4.17 4.23 4.38 4.44 4.51 4.57 4.63 4.69 4.78 4.84 4.89 4.93 4.97 5.01 5.04 5.07 5.14 5.16 5.18 5.20 5.23 5.25 5.27 5.28 5.29 5.29 5.29 5.29 4.25 0.16 0.17 0.28 0.32 3.62 5.25 5.82 5.74 5.54 5.53 5.61 5.70 5.83 5.92 6.02 6.17 6.29 5.64 5.02 5.48 4.76 3.61 2.42 1.34 1.15 0.07 0.00 0.00 0.00 0.00 0.00 0.00 0.00 0.00 0.00 0.00 0.00 0.00 0.00 0.00 0.00 0.00
-9999.00 3.29 3.42 3.48 3.55 3.61 3.67 3.79 3.86 3.92 3.99 4.05 4.11 4.18 4.24 4.39 4.45 4.51 4.57 4.63 4.70 4.76 4.84 4.89 4.94 4.98 5.02 5.05 5.12 5.14 5.17 5.19 5.21 5.24 5.26 5.28 5.29 5.30 5.31 5.31 5.31 4.28 0.21 0.23 0.31 0.58 3.96 5.57 5.80 5.76 5.73 5.66 5.64 5.68 5.72 5.68 5.65 5.85 5.90 5.73 5.67 5.65 5.25 4.24 2.10 0.97 1.22 0.70 0.00 0.00 0.00 0.00 0.00 0.00 0.00 0.00 0.00 0.00 0.00 0.00 0.00 0.00 0.00 0.00
-9999.00 3.37 3.43 3.50 3.56 3.63 3.69 3.76 3.87 3.94 4.00 4.06 4.12 4.18 4.25 4.39 4.45 4.51 4.57 4.64 4.70 4.76 4.84 4.90 4.94 4.98 5.02 5.05 5.11 5.15 5.17 5.20 5.23 5.25 5.28 5.29 5.31 5.32 5.34 5.34 5.35 0.71 0.31 0.39 0.53 1.46 3.28 5.10 5.76 5.77 5.76 5.70 5.66 5.68 5.74 5.68 5.57 5.49 5.44 5.31 5.35 5.45 5.28 4.79 3.27 1.27 1.49 1.45 0.06 0.00 0.00 0.00 0.00 0.00 0.00 0.00 0.00 0.00 0.00 0.00 0.00 0.00 0.00 0.00
-9999.00 3.38 3.44 3.51 3.58 3.64 3.71 3.78 3.88 3.95 4.01 4.07 4.13 4.19 4.25 4.40 4.46 4.52 4.58 4.64 4.70 4.76 4.85 4.90 4.94 4.99 5.02 5.06 5.12 5.17 5.20 5.23 5.26 5.29 5.29 5.31 5.33 5.37 5.39 5.41 5.42 5.43 0.75 0.55 0.96 2.01 3.45 5.00 5.73 5.74 5.76 5.72 5.70 5.68 5.70 5.64 5.59 5.43 3.95 4.31 5.36 5.35 5.32 5.22 5.09 3.87 1.92 1.88 0.82 0.04 0.00 0.00 0.00 0.00 0.00 0.00 0.00 0.00 0.00 0.00 0.00 0.00 0.00 0.00
-9999.00 3.38 3.45 3.52 3.59 3.65 3.72 3.79 3.89 3.96 4.02 4.08 4.14 4.20 4.26 4.40 4.46 4.52 4.58 4.64 4.70 4.76 4.85 4.90 4.95 5.00 5.04 5.11 5.14 5.18 5.21 5.24 5.27 5.31 5.35 5.35 5.42 5.46 5.48 5.50 5.47 3.37 1.55 1.02 1.58 2.62 3.97 5.20 5.70 5.72 5.72 5.77 5.77 5.75 5.73 5.61 5.54 5.44 3.05 2.89 3.91 5.35 5.33 5.25 5.14 5.11 2.39 1.75 1.15 0.21 0.00 0.00 0.00 0.00 0.00 0.00 0.00 0.00 0.00 0.00 0.00 0.00 0.00 0.00
-9999.00 3.33 3.46 3.53 3.60 3.67 3.73 3.80 3.90 3.97 4.03 4.09 4.15 4.21 4.27 4.41 4.47 4.53 4.59 4.65 4.71 4.77 4.83 4.91 4.96 5.00 5.04 5.08 5.15 5.19 5.23 5.26 5.29 5.33 5.38 5.42 5.45 5.49 5.52 5.54 5.56 4.42 2.34 1.83 2.38 3.41 4.89 5.66 5.69 5.70 5.72 5.77 5.82 5.84 5.83 5.72 5.64 4.12 2.57 2.91 3.31 3.83 3.49 3.52 4.94 5.05 2.47 1.78 1.32 0.45 0.00 0.00 0.00 0.00 0.00 0.00 0.00 0.00 0.00 0.00 0.00 0.00 0.00 0.00
-9999.00 3.30 3.46 3.53 3.61 3.68 3.74 3.81 3.92 3.98 4.04 4.10 4.16 4.22 4.28 4.43 4.49 4.55 4.60 4.66 4.72 4.78 4.84 4.92 4.97 5.01 5.05 5.09 5.16 5.19 5.24 5.28 5.32 5.36 5.40 5.44 5.48 5.52 5.55 5.57 5.61 5.64 5.61 4.57 3.29 4.71 5.62 5.66 5.70 5.73 5.76 5.79 5.84 5.89 6.04 6.05 5.06 3.13 2.80 3.24 3.26 3.26 3.10 2.99 4.47 4.95 3.21 1.95 1.37 0.64 0.02 0.00 0.00 0.00 0.00 0.00 0.00 0.00 0.00 0.00 0.00 0.00 0.00 0.00
-9999.00 3.31 3.47 3.54 3.62 3.69 3.76 3.83 3.90 3.99 4.05 4.11 4.17 4.23 4.35 4.44 4.50 4.56 4.61 4.67 4.73 4.79 4.85 4.93 4.97 5.02 5.06 5.13 5.17 5.20 5.25 5.29 5.34 5.39 5.43 5.47 5.51 5.54 5.58 5.61 5.65 5.73 5.73 5.69 5.65 5.58 5.68 5.73 5.78 5.85 5.96 6.12 6.08 6.11 6.18 6.22 4.77 2.95 2.53 3.26 3.27 3.39 3.19 3.09 4.09 4.83 3.23 2.20 1.65 0.75 0.02 0.00 0.00 0.00 0.00 0.00 0.00 0.00 0.00 0.00 0.00 0.00 0.00 0.00
3.32 3.41 3.48 3.55 3.63 3.70 3.77 3.84 3.90 4.00 4.06 4.12 4.18 4.30 4.36 4.45 4.51 4.57 4.62 4.68 4.74 4.80 4.85 4.93 4.98 5.02 5.06 5.14 5.17 5.21 5.27 5.31 5.36 5.41 5.46 5.51 5.55 5.58 5.63 5.67 5.74 5.78 5.77 5.73 5.66 5.70 5.75 5.75 5.79 5.85 5.92 6.12 6.19 6.20 6.34 6.25 3.89 2.89 2.70 3.18 3.15 3.08 2.96 2.90 3.66 4.70 2.26 1.98 1.43 0.43 0.00 0.00 0.00 0.00 0.00 0.00 0.00 0.00 0.00 0.00 0.00 0.00 0.00 0.00
3.32 3.42 3.49 3.56 3.64 3.71 3.78 3.84 3.91 4.00 4.07 4.13 4.19 4.25 4.37 4.43 4.52 4.58 4.63 4.69 4.75 4.81 4.86 4.94 4.99 5.03 5.07 5.15 5.19 5.23 5.29 5.34 5.39 5.44 5.49 5.53 5.57 5.61 5.67 5.74 5.79 5.82 5.82 5.78 5.74 5.78 5.82 5.79 5.80 5.93 5.97 6.08 6.26 6.25 6.32 5.24 3.50 2.78 3.35 3.22 3.13 2.90 2.72 2.80 3.39 4.56 2.05 1.46 0.51 0.18 0.00 0.00 0.00 0.00 0.00 0.00 0.00 0.00 0.00 0.00 0.00 0.00 0.00 0.00
3.33 3.43 3.50 3.57 3.64 3.72 3.78 3.85 3.92 4.01 4.07 4.13 4.19 4.31 4.38 4.44 4.53 4.58 4.64 4.70 4.75 4.81 4.87 4.93 5.00 5.05 5.09 5.17 5.21 5.25 5.31 5.36 5.41 5.46 5.51 5.55 5.60 5.64 5.70 5.77 5.82 5.88 5.88 5.83 5.83 5.85 5.88 5.89 5.82 5.96 6.07 6.11 6.23 6.21 6.24 4.50 3.10 2.79 3.40 3.21 3.02 2.84 2.99 2.45 2.96 4.20 2.17 1.44 0.14 0.05 0.00 0.00 0.00 0.00 0.00 0.00 0.00 0.00 0.00 0.00 0.00 0.00 0.00 0.00
3.34 3.40 3.51 3.58 3.65 3.73 3.79 3.86 3.92 4.02 4.08 4.14 4.20 4.32 4.38 4.45 4.54 4.59 4.65 4.71 4.77 4.82 4.88 4.94 5.01 5.06 5.10 5.19 5.23 5.27 5.31 5.38 5.43 5.48 5.53 5.58 5.62 5.66 5.73 5.77 5.84 5.91 5.95 5.95 5.96 5.93 5.92 5.98 5.92 5.97 6.12 6.18 6.25 6.23 6.12 4.47 2.22 2.91 3.40 3.27 2.90 2.83 2.61 2.21 3.03 2.15 1.69 1.01 0.18 0.03 0.00 0.00 0.00 0.00 0.00 0.00 0.00 0.00 0.00 0.00 0.00 0.00 0.00 0.00
3.34 3.41 3.52 3.59 3.66 3.74 3.80 3.87 3.93 4.00 4.09 4.15 4.21 4.33 4.39 4.45 4.54 4.60 4.66 4.72 4.77 4.83 4.89 4.95 5.02 5.07 5.12 5.20 5.24 5.29 5.33 5.40 5.45 5.50 5.55 5.60 5.64 5.69 5.74 5.80 5.87 5.92 6.00 6.05 6.06 6.00 6.00 6.02 6.03 6.09 6.18 6.21 6.25 6.25 5.59 4.40 2.33 3.35 3.61 3.38 3.31 2.90 2.66 2.28 3.35 2.02 1.65 0.81 0.07 0.00 -0.00 0.00 0.00 0.00 0.00 0.00 0.00 0.00 0.00 0.00 0.00 0.00 0.00 0.00
3.35 3.42 3.53 3.60 3.67 3.74 3.81 3.88 3.95 4.01 4.10 4.16 4.22 4.28 4.40 4.46 4.55 4.61 4.67 4.72 4.78 4.84 4.90 4.95 5.03 5.08 5.17 5.22 5.26 5.31 5.35 5.42 5.47 5.52 5.57 5.61 5.66 5.71 5.76 5.82 5.90 5.94 5.99 6.08 6.14 6.12 6.08 6.08 6.09 6.14 6.18 6.23 6.28 6.28 5.25 4.01 2.60 3.53 3.50 3.49 3.30 2.68 2.47 2.39 4.01 2.90 1.62 0.43 0.02 0.00 0.00 0.00 0.00 0.00 0.00 0.00 0.00 0.00 0.00 0.00 0.00 0.00 0.00 0.00
3.35 3.42 3.53 3.60 3.68 3.75 3.82 3.89 3.95 4.02 4.11 4.17 4.23 4.35 4.41 4.47 4.53 4.62 4.68 4.73 4.79 4.85 4.91 4.96 5.04 5.09 5.14 5.23 5.27 5.32 5.36 5.43 5.48 5.54 5.59 5.63 5.68 5.74 5.79 5.89 5.92 5.95 5.99 6.04 6.10 6.13 5.76 5.96 6.17 6.20 6.23 6.25 6.27 6.29 5.68 3.63 2.56 3.34 3.04 3.43 2.88 2.42 2.63 3.54 4.14 2.18 1.77 0.24 0.03 0.00 0.00 0.00 0.00 0.00 0.00 0.00 0.00 0.00 0.00 0.00 0.00 0.00 0.00 0.00
3.35 3.42 3.49 3.60 3.67 3.74 3.82 3.89 3.95 4.02 4.11 4.17 4.23 4.36 4.42 4.48 4.54 4.62 4.68 4.74 4.80 4.86 4.92 4.97 5.03 5.15 5.20 5.24 5.28 5.33 5.37 5.44 5.49 5.55 5.60 5.65 5.70 5.75 5.80 5.87 5.94 5.97 5.99 6.03 6.06 5.80 2.70 4.67 6.05 6.24 6.26 6.28 6.29 6.28 6.29 3.19 2.64 3.24 2.89 3.01 2.49 3.93 4.19 4.19 2.58 1.59 1.27 0.01 0.00 -0.00 -0.00 0.00 0.00 0.00 0.00 0.00 0.00 0.00 0.00 0.00 0.00 0.00 0.00 0.00
3.35 3.42 3.49 3.60 3.67 3.74 3.81 3.88 3.95 4.02 4.08 4.17 4.24 4.37 4.43 4.48 4.54 4.63 4.69 4.75 4.81 4.87 4.93 4.99 5.04 5.11 5.20 5.24 5.29 5.33 5.38 5.42 5.50 5.56 5.61 5.66 5.71 5.76 5.81 5.92 5.95 5.98 6.02 6.02 5.06 2.28 2.16 4.56 5.61 6.20 6.26 6.29 6.30 6.29 6.29 2.67 2.62 3.02 2.70 2.67 2.61 4.11 4.15 4.17 2.17 1.28 0.62 0.00 0.00 -0.00 -0.00 0.00 0.00 0.00 0.00 0.00 0.00 0.00 0.00 0.00 0.00 0.00 0.00 0.00
3.35 3.42 3.49 3.60 3.67 3.74 3.81 3.88 3.94 4.01 4.07 4.17 4.30 4.37 4.43 4.49 4.55 4.64 4.70 4.76 4.82 4.88 4.94 4.99 5.05 5.16 5.21 5.25 5.29 5.33 5.38 5.42 5.50 5.56 5.62 5.67 5.72 5.77 5.87 5.93 5.97 6.00 6.02 6.06 3.42 1.68 1.80 4.18 4.81 5.14 5.64 6.31 6.33 6.33 5.55 1.81 1.75 2.25 2.35 2.63 2.46 3.73 4.09 4.15 2.83 1.11 0.15 0.00 -0.00 -0.00 0.00 0.00 0.00 0.00 0.00 0.00 0.00 0.00 0.00 0.00 0.00 0.00 0.00 0.00
3.35 3.42 3.49 3.60 3.67 3.74 3.81 3.88 3.94 4.01 4.07 4.17 4.23 4.36 4.43 4.49 4.54 4.60 4.70 4.76 4.82 4.88 4.94 5.00 5.05 5.17 5.21 5.25 5.29 5.34 5.38 5.43 5.51 5.57 5.62 5.68 5.73 5.78 5.87 5.94 5.98 6.01 6.04 6.05 1.49 1.37 2.42 4.17 4.21 4.14 4.62 6.32 6.34 6.36 4.72 1.59 1.40 1.43 2.01 2.47 2.21 3.80 4.00 4.08 2.51 1.00 0.18 0.00 0.00 0.00 -0.00 0.00 0.00 0.00 0.00 0.00 0.00 0.00 0.00 0.00 0.00 0.00 0.00 0.00
3.35 3.42 3.49 3.60 3.67 3.74 3.81 3.88 3.94 4.00 4.07 4.17 4.29 4.36 4.42 4.48 4.54 4.60 4.69 4.76 4.82 4.88 4.94 5.00 5.05 5.17 5.21 5.26 5.30 5.34 5.38 5.43 5.51 5.57 5.63 5.68 5.74 5.79 5.84 5.95 5.98 6.03 6.08 3.63 1.22 1.67 2.98 4.23 4.27 4.20 4.80 6.07 6.37 6.39 4.01 1.67 1.51 1.45 2.10 2.29 2.35 3.93 3.96 2.87 1.93 0.78 0.05 0.00 0.00 0.00 -0.00 0.00 0.00 0.00 0.00 0.00 0.00 0.00 0.00 0.00 0.00 0.00 0.00 0.00
3.34 3.41 3.48 3.56 3.66 3.73 3.80 3.87 3.93 4.00 4.06 4.16 4.29 4.35 4.41 4.47 4.53 4.59 4.69 4.75 4.81 4.88 4.94 5.00 5.06 5.11 5.23 5.26 5.30 5.34 5.39 5.44 5.52 5.57 5.63 5.69 5.75 5.80 5.89 5.95 6.00 6.04 6.09 3.25 1.54 2.66 3.89 4.18 4.23 4.23 4.96 6.37 6.39 6.40 3.21 1.75 1.57 1.76 2.36 2.19 2.97 3.86 3.11 1.80 1.53 0.18 0.00 0.00 -0.00 0.00 0.00 0.00 0.00 0.00 0.00 0.00 0.00 0.00 0.00 0.00 0.00 0.00 0.00 0.00
3.33 3.40 3.48 3.55 3.65 3.72 3.79 3.86 3.93 3.99 4.06 4.13 4.29 4.35 4.41 4.47 4.53 4.59 4.68 4.75 4.81 4.87 4.93 4.99 5.11 5.18 5.23 5.27 5.32 5.36 5.40 5.44 5.49 5.57 5.62 5.69 5.75 5.80 5.85 5.96 6.01 6.06 5.97 2.53 2.09 3.36 3.97 4.27 4.31 4.21 4.97 6.39 6.41 6.42 2.55 1.79 1.64 2.29 2.37 2.07 3.01 3.72 2.87 1.55 0.06 0.00 0.00 0.00 0.00 0.00 0.00 0.00 0.00 0.00 0.00 0.00 0.00 0.00 0.00 0.00 0.00 0.00 0.00 0.00
3.33 3.40 3.47 3.54 3.65 3.72 3.79 3.85 3.92 3.98 4.05 4.12 4.28 4.34 4.40 4.46 4.53 4.59 4.69 4.75 4.81 4.87 4.93 4.99 5.05 5.18 5.23 5.27 5.32 5.36 5.40 5.44 5.49 5.56 5.62 5.68 5.75 5.81 5.91 5.97 6.02 6.07 5.74 2.19 2.53 3.78 3.90 4.26 4.31 4.26 5.15 6.41 6.43 5.18 1.98 1.62 1.59 2.23 2.10 1.53 3.39 3.53 2.89 1.35 0.01 0.00 0.00 0.00 0.00 0.00 0.00 0.00 0.00 0.00 0.00 0.00 0.00 0.00 0.00 0.00 0.00 0.00 0.00 0.00
3.33 3.40 3.47 3.54 3.65 3.72 3.78 3.85 3.91 3.98 4.05 4.21 4.27 4.33 4.39 4.46 4.53 4.59 4.65 4.75 4.81 4.87 4.93 4.99 5.09 5.17 5.22 5.27 5.31 5.36 5.40 5.44 5.49 5.55 5.61 5.68 5.74 5.80 5.91 5.95 6.02 6.07 4.96 1.92 2.77 3.92 3.94 4.25 4.32 4.92 6.45 6.46 5.92 2.53 2.02 1.74 1.55 1.84 1.88 1.78 3.44 3.46 2.54 1.17 0.00 0.00 0.00 0.00 0.00 0.00 0.00 0.00 0.00 0.00 0.00 0.00 0.00 0.00 0.00 0.00 0.00 0.00 0.00 0.00
3.33 3.40 3.47 3.55 3.65 3.72 3.79 3.85 3.92 3.98 4.05 4.21 4.27 4.33 4.39 4.45 4.52 4.59 4.65 4.75 4.81 4.87 4.93 4.98 5.03 5.13 5.21 5.26 5.30 5.35 5.39 5.44 5.48 5.55 5.61 5.67 5.73 5.78 5.88 5.94 6.03 5.61 1.69 2.04 3.67 3.98 3.94 4.19 4.36 5.31 6.46 6.48 3.97 2.20 1.97 1.64 1.55 1.80 1.74 2.29 3.38 3.40 2.12 0.05 0.00 0.00 0.00 0.00 0.00 0.00 0.00 0.00 0.00 0.00 0.00 0.00 0.00 0.00 0.00 0.00 0.00 0.00 0.00 0.00
3.33 3.40 3.47 3.54 3.62 3.72 3.79 3.85 3.92 3.98 4.05 4.21 4.27 4.33 4.39 4.45 4.52 4.58 4.64 4.74 4.80 4.86 4.92 4.97 5.02 5.12 5.20 5.25 5.29 5.34 5.38 5.43 5.48 5.52 5.60 5.66 5.71 5.81 5.86 5.93 4.63 2.02 1.60 2.56 3.67 3.98 3.86 4.05 4.39 5.73 6.48 5.99 3.01 2.22 2.03 1.48 1.70 1.95 1.65 2.73 3.32 3.31 2.05 0.89 0.00 0.00 0.00 0.00 0.00 0.00 0.00 0.00 0.00 0.00 0.00 0.00 0.00 0.00 0.00 0.00 0.00 0.00 0.00 0.00
3.32 3.39 3.47 3.54 3.61 3.72 3.78 3.85 3.92 3.98 4.11 4.17 4.26 4.32 4.38 4.45 4.51 4.57 4.64 4.73 4.79 4.85 4.90 4.96 5.06 5.11 5.18 5.23 5.28 5.33 5.37 5.42 5.47 5.52 5.59 5.65 5.70 5.80 5.85 5.91 2.03 1.88 1.67 2.80 3.59 3.95 3.86 4.07 5.05 6.50 6.49 3.40 2.86 2.18 2.01 1.60 1.94 2.03 1.57 2.77 3.22 3.23 2.21 1.05 0.00 0.00 0.00 0.00 0.00 0.00 0.00 0.00 0.00 0.00 0.00 0.00 0.00 0.00 0.00 0.00 0.00 0.00 0.00 0.00
3.32 3.39 3.46 3.53 3.60 3.71 3.78 3.84 3.91 3.98 4.11 4.17 4.26 4.32 4.38 4.44 4.51 4.57 4.63 4.72 4.78 4.84 4.89 4.95 5.05 5.10 5.18 5.22 5.27 5.32 5.36 5.41 5.47 5.51 5.59 5.64 5.69 5.77 5.84 5.90 3.38 1.95 1.61 2.61 3.65 4.00 3.93 4.08 5.27 6.51 4.35 3.26 2.86 2.30 1.99 2.16 2.22 2.35 1.41 2.95 3.05 2.96 2.02 0.39 0.00 0.00 0.00 0.00 0.00 0.00 0.00 0.00 0.00 0.00 0.00 0.00 0.00 0.00 0.00 0.00 0.00 0.00 0.00 0.00
3.31 3.38 3.45 3.52 3.59 3.70 3.77 3.84 3.90 3.97 4.10 4.16 4.25 4.32 4.38 4.44 4.50 4.57 4.63 4.69 4.77 4.83 4.89 5.00 5.05 5.10 5.17 5.22 5.26 5.31 5.35 5.40 5.46 5.51 5.58 5.63 5.68 5.76 5.84 5.87 3.57 2.14 1.55 2.57 3.75 4.03 4.04 4.14 4.59 6.54 3.54 3.22 2.78 2.28 1.99 2.10 2.49 2.48 1.93 1.33 2.60 2.47 1.75 0.19 0.00 0.00 0.00 0.00 0.00 0.00 0.00 0.00 0.00 0.00 0.00 0.00 0.00 0.00 0.00 0.00 0.00 0.00 0.00 0.00
3.31 3.38 3.45 3.51 3.58 3.69 3.76 3.83 3.90 3.96 4.03 4.16 4.25 4.31 4.38 4.44 4.50 4.57 4.63 4.69 4.77 4.83 4.89 4.99 5.04 5.09 5.14 5.21 5.25 5.29 5.34 5.39 5.44 5.50 5.57 5.62 5.71 5.76 5.82 3.37 2.50 1.97 2.06 2.97 3.90 4.11 4.11 4.19 4.61 6.52 3.40 3.17 2.51 2.18 1.92 1.68 2.34 2.54 1.71 1.15 2.51 1.78 1.27 0.00 0.00 0.00 0.00 0.00 0.00 0.00 0.00 0.00 0.00 0.00 0.00 0.00 0.00 0.00 0.00 0.00 0.00 0.00 0.00 0.00
3.31 3.37 3.44 3.51 3.58 3.65 3.76 3.83 3.90 3.96 4.03 4.15 4.25 4.31 4.38 4.44 4.50 4.57 4.63 4.69 4.78 4.83 4.89 4.99 5.04 5.08 5.13 5.20 5.24 5.28 5.33 5.37 5.42 5.47 5.52 5.60 5.65 5.74 4.20 1.86 2.20 1.81 2.19 3.15 4.02 4.18 4.17 4.26 4.74 6.53 3.36 3.13 2.40 2.18 1.86 1.57 2.43 2.23 1.39 1.55 2.43 1.51 0.00 0.00 0.00 0.00 0.00 0.00 0.00 0.00 0.00 0.00 0.00 0.00 0.00 0.00 0.00 0.00 0.00 0.00 0.00 0.00 0.00 0.00
3.30 3.37 3.44 3.50 3.57 3.64 3.76 3.83 3.89 3.96 4.09 4.15 4.22 4.31 4.37 4.44 4.50 4.57 4.63 4.69 4.78 4.83 4.88 4.94 5.03 5.08 5.12 5.18 5.23 5.27 5.30 5.35 5.40 5.45 5.50 5.59 5.64 5.73 5.50 2.95 1.80 1.87 2.28 3.60 4.15 4.30 4.28 4.41 5.12 6.53 3.35 3.15 2.35 2.16 1.85 1.82 2.09 1.57 1.18 1.77 2.34 1.04 0.00 0.00 0.00 0.00 0.00 0.00 0.00 0.00 0.00 0.00 0.00 0.00 0.00 0.00 0.00 0.00 0.00 0.00 0.00 0.00 0.00 0.00
3.30 3.37 3.43 3.50 3.56 3.64 3.75 3.82 3.89 3.95 4.08 4.15 4.21 4.31 4.37 4.44 4.50 4.56 4.63 4.69 4.77 4.83 4.88 4.93 5.02 5.06 5.10 5.17 5.21 5.25 5.29 5.34 5.38 5.44 5.48 5.57 5.62 5.72 5.77 5.55 2.16 1.76 2.40 3.87 4.28 4.75 4.54 4.40 5.59 6.53 3.34 3.24 2.38 2.15 1.90 2.12 1.86 1.76 1.53 1.71 2.15 0.49 0.00 0.00 0.00 0.00 0.00 0.00 0.00 0.00 0.00 0.00 0.00 0.00 0.00 0.00 0.00 0.00 0.00 0.00 0.00 0.00 0.00 0.00
