tsunami_inundation/2730.asc
ncols        89
nrows        96
xllcorner    425855.973699999973
yllcorner    5091051.504999999888
cellsize     55.000000000000
NODATA_value  -9999.00
[rows 0 to 36 of 96, columns 0 to 83 of 89]
-9999.00 2.52 2.58 2.71 2.76 2.83 2.93 3.00 3.06 3.13 3.19 3.25 3.30 3.35 3.44 3.49 3.54 3.64 3.68 3.73 3.78 3.86 3.91 3.95 4.00 4.06 4.11 4.16 4.24 4.28 4.34 4.36 4.38 4.41 4.45 4.52 4.56 4.60 4.64 4.70 4.69 0.06 0.25 0.78 0.72 0.11 0.04 0.02 1.63 3.77 5.64 5.98 6.08 6.17 6.28 6.39 6.55 6.59 6.60 4.60 5.19 5.30 4.88 4.28 2.67 0.72 0.53 0.04 0.00 0.00 0.00 0.00 0.00 0.00 0.00 0.00 0.00 0.00 0.00 0.00 0.00 0.00 0.00 0.00
-9999.00 2.50 2.57 2.69 2.75 2.81 2.90 2.98 3.04 3.11 3.18 3.24 3.29 3.34 3.43 3.48 3.58 3.63 3.68 3.73 3.78 3.86 3.91 3.96 4.01 4.06 4.11 4.16 4.27 4.30 4.32 4.34 4.36 4.40 4.45 4.52 4.56 4.61 4.65 4.70 4.72 0.07 0.09 0.46 0.73 0.59 0.07 1.75 4.01 5.44 5.77 5.82 5.87 5.99 6.13 6.25 6.45 6.55 6.57 4.63 5.20 5.35 5.17 4.30 2.40 0.65 0.43 0.03 0.00 0.00 0.00 0.00 0.00 0.00 0.00 0.00 0.00 0.00 0.00 0.00 0.00 0.00 0.00 0.00
-9999.00 2.50 2.62 2.68 2.74 2.80 2.87 2.97 3.04 3.11 3.17 3.23 3.29 3.34 3.43 3.53 3.58 3.63 3.68 3.73 3.78 3.86 3.91 3.96 4.01 4.06 4.11 4.15 4.20 4.28 4.31 4.33 4.35 4.39 4.44 4.50 4.57 4.61 4.65 4.68 4.69 0.16 0.00 0.23 0.52 0.57 1.98 3.66 5.25 5.75 5.63 5.63 5.71 5.84 5.99 6.25 6.37 6.51 6.34 4.94 5.08 5.44 5.29 4.20 3.25 0.60 0.26 0.19 0.01 0.00 0.00 0.00 0.00 0.00 0.00 0.00 0.00 0.00 0.00 0.00 0.00 0.00 0.00 0.00
-9999.00 2.49 2.62 2.68 2.75 2.81 2.87 2.97 3.04 3.11 3.17 3.23 3.29 3.35 3.43 3.49 3.59 3.64 3.69 3.73 3.79 3.87 3.92 3.96 4.01 4.05 4.10 4.14 4.25 4.28 4.31 4.33 4.36 4.41 4.45 4.50 4.57 4.61 4.64 4.66 4.67 2.07 0.09 0.13 0.26 0.30 2.21 4.58 5.63 5.69 5.51 5.47 5.59 5.74 5.88 6.14 6.27 6.46 6.41 5.36 5.10 5.38 5.18 3.99 2.96 1.60 1.60 0.16 0.00 0.00 0.00 0.00 0.00 0.00 0.00 0.00 0.00 0.00 0.00 0.00 0.00 0.00 0.00 0.00
-9999.00 2.49 2.62 2.68 2.75 2.81 2.87 2.97 3.04 3.11 3.17 3.24 3.29 3.35 3.41 3.55 3.60 3.64 3.69 3.74 3.78 3.86 3.91 3.95 3.99 4.04 4.09 4.14 4.19 4.30 4.33 4.36 4.39 4.43 4.47 4.52 4.58 4.61 4.64 4.65 4.66 3.62 0.13 0.12 0.22 0.21 3.49 5.12 5.72 5.66 5.49 5.48 5.57 5.68 5.91 6.03 6.16 6.28 6.37 5.72 5.11 5.56 4.85 3.69 2.52 1.53 1.62 1.42 0.02 0.00 0.00 0.00 0.00 0.00 0.00 0.00 0.00 0.00 0.00 0.00 0.00 0.00 0.00 0.00
-9999.00 2.48 2.62 2.68 2.74 2.80 2.86 2.96 3.03 3.09 3.16 3.22 3.28 3.34 3.40 3.54 3.59 3.64 3.68 3.73 3.78 3.82 3.90 3.94 3.99 4.04 4.10 4.14 4.27 4.32 4.35 4.39 4.42 4.46 4.50 4.53 4.58 4.61 4.64 4.66 4.67 3.64 0.14 0.15 0.20 0.53 3.87 5.48 5.72 5.69 5.68 5.64 5.63 5.69 5.77 5.85 5.91 6.01 6.04 5.87 5.79 5.74 5.34 4.32 2.17 1.25 1.74 1.74 0.45 0.01 0.00 0.00 0.00 0.00 0.00 0.00 0.00 0.00 0.00 0.00 0.00 0.00 0.00 0.00
-9999.00 2.53 2.60 2.66 2.73 2.78 2.84 2.91 3.01 3.08 3.14 3.21 3.27 3.33 3.39 3.53 3.58 3.63 3.68 3.73 3.77 3.82 3.90 3.95 4.00 4.06 4.11 4.15 4.27 4.34 4.38 4.42 4.45 4.49 4.52 4.56 4.60 4.63 4.65 4.67 4.70 0.21 0.19 0.23 0.44 1.46 3.25 5.05 5.72 5.73 5.73 5.71 5.69 5.74 5.76 5.70 5.74 5.76 5.65 5.49 5.48 5.56 5.35 4.86 3.35 1.45 1.89 1.98 1.13 0.35 0.00 0.00 0.00 0.00 0.00 0.00 0.00 0.00 0.00 0.00 0.00 0.00 0.00 0.00
-9999.00 2.52 2.58 2.65 2.71 2.77 2.83 2.89 3.00 3.06 3.13 3.19 3.25 3.32 3.38 3.52 3.57 3.63 3.68 3.73 3.78 3.83 3.91 3.96 4.02 4.07 4.13 4.19 4.31 4.39 4.44 4.47 4.50 4.54 4.55 4.58 4.61 4.68 4.71 4.74 4.78 4.81 0.31 0.31 0.94 2.01 3.44 4.98 5.71 5.73 5.75 5.74 5.74 5.77 5.77 5.65 5.60 5.60 4.14 4.45 5.46 5.44 5.39 5.31 5.17 3.95 2.10 2.23 1.46 1.13 0.11 0.00 0.00 0.00 0.00 0.00 0.00 0.00 0.00 0.00 0.00 0.00 0.00 0.00
-9999.00 2.50 2.57 2.64 2.70 2.76 2.82 2.88 2.98 3.05 3.12 3.18 3.24 3.31 3.37 3.52 3.58 3.63 3.68 3.73 3.78 3.84 3.92 3.98 4.05 4.11 4.17 4.29 4.35 4.42 4.46 4.49 4.52 4.56 4.60 4.62 4.69 4.77 4.81 4.86 4.84 2.80 1.04 0.73 1.55 2.60 3.96 5.19 5.69 5.72 5.73 5.75 5.78 5.80 5.84 5.72 5.61 5.55 3.21 3.01 4.01 5.44 5.41 5.34 5.24 5.20 2.54 2.05 1.54 1.48 0.46 0.00 0.00 0.00 0.00 0.00 0.00 0.00 0.00 0.00 0.00 0.00 0.00 0.00
-9999.00 2.43 2.56 2.63 2.70 2.76 2.82 2.88 2.98 3.05 3.11 3.18 3.24 3.31 3.38 3.53 3.58 3.64 3.69 3.75 3.80 3.86 3.92 4.01 4.07 4.13 4.19 4.25 4.37 4.44 4.48 4.52 4.55 4.59 4.63 4.68 4.73 4.81 4.86 4.91 4.97 3.87 1.89 1.56 2.33 3.38 4.86 5.65 5.68 5.70 5.71 5.73 5.76 5.80 5.87 5.83 5.74 4.24 2.71 3.05 3.44 3.95 3.61 3.65 5.07 5.19 2.70 2.07 1.75 1.72 0.67 0.00 0.00 0.00 0.00 0.00 0.00 0.00 0.00 0.00 0.00 0.00 0.00 0.00
-9999.00 2.40 2.56 2.63 2.69 2.76 2.82 2.88 2.98 3.05 3.11 3.18 3.25 3.32 3.39 3.55 3.61 3.66 3.71 3.76 3.82 3.87 3.93 4.02 4.09 4.15 4.21 4.27 4.39 4.44 4.51 4.54 4.58 4.62 4.66 4.71 4.77 4.85 4.91 4.97 5.02 5.14 5.17 4.25 3.22 4.66 5.56 5.63 5.67 5.70 5.72 5.72 5.75 5.78 5.88 5.91 4.95 3.09 2.89 3.37 3.42 3.44 3.27 3.15 4.60 5.09 3.43 2.25 1.84 1.85 0.99 0.02 0.00 0.00 0.00 0.00 0.00 0.00 0.00 0.00 0.00 0.00 0.00 0.00
-9999.00 2.40 2.56 2.63 2.70 2.76 2.82 2.88 2.95 3.05 3.12 3.19 3.26 3.33 3.47 3.56 3.62 3.68 3.73 3.78 3.83 3.89 3.95 4.04 4.10 4.17 4.23 4.35 4.41 4.46 4.53 4.57 4.61 4.65 4.70 4.75 4.80 4.86 4.96 5.02 5.08 5.21 5.28 5.34 5.44 5.47 5.57 5.63 5.68 5.72 5.80 5.89 5.86 5.87 5.92 5.95 4.51 2.76 2.51 3.35 3.40 3.53 3.34 3.23 4.23 4.98 3.51 2.54 2.12 1.89 0.87 0.00 0.00 0.00 0.00 0.00 0.00 0.00 0.00 0.00 0.00 0.00 0.00 0.00
2.40 2.49 2.56 2.63 2.70 2.76 2.83 2.89 2.96 3.06 3.13 3.20 3.27 3.41 3.48 3.58 3.64 3.69 3.74 3.79 3.85 3.91 3.97 4.06 4.12 4.18 4.25 4.37 4.43 4.48 4.56 4.60 4.64 4.69 4.73 4.80 4.86 4.93 5.03 5.09 5.20 5.26 5.31 5.35 5.42 5.52 5.59 5.63 5.66 5.70 5.74 5.87 5.92 5.92 5.96 5.92 3.56 2.65 2.59 3.21 3.25 3.21 3.10 3.04 3.80 4.85 2.57 2.38 1.87 1.73 0.75 0.00 0.00 0.00 0.00 0.00 0.00 0.00 0.00 0.00 0.00 0.00 0.00 0.00
2.40 2.49 2.56 2.63 2.70 2.77 2.83 2.89 2.96 3.06 3.13 3.20 3.28 3.35 3.49 3.55 3.65 3.70 3.75 3.81 3.86 3.92 3.98 4.08 4.14 4.20 4.26 4.39 4.46 4.51 4.59 4.63 4.68 4.73 4.78 4.83 4.90 4.97 5.08 5.20 5.26 5.29 5.33 5.36 5.41 5.55 5.62 5.65 5.67 5.74 5.77 5.83 5.96 5.94 5.95 4.84 3.18 2.51 3.14 3.18 3.12 3.01 2.89 2.98 3.57 4.73 2.41 1.85 1.12 1.41 0.42 0.00 0.00 0.00 0.00 0.00 0.00 0.00 0.00 0.00 0.00 0.00 0.00 0.00
2.40 2.50 2.56 2.63 2.70 2.77 2.83 2.89 2.96 3.06 3.13 3.21 3.28 3.42 3.49 3.56 3.65 3.71 3.76 3.82 3.88 3.94 4.01 4.07 4.17 4.23 4.29 4.42 4.48 4.53 4.61 4.66 4.71 4.76 4.81 4.86 4.93 5.00 5.12 5.24 5.29 5.34 5.35 5.36 5.44 5.57 5.65 5.70 5.68 5.77 5.84 5.86 5.95 5.94 5.94 4.15 2.80 2.56 3.18 3.05 2.91 2.81 3.07 2.67 3.24 4.46 2.44 1.86 0.85 0.87 0.02 0.00 0.00 0.00 0.00 0.00 0.00 0.00 0.00 0.00 0.00 0.00 0.00 0.00
2.40 2.46 2.57 2.64 2.70 2.77 2.83 2.89 2.96 3.07 3.14 3.21 3.28 3.42 3.49 3.56 3.65 3.71 3.77 3.83 3.89 3.96 4.02 4.09 4.19 4.25 4.31 4.44 4.50 4.55 4.60 4.68 4.73 4.78 4.84 4.89 4.95 5.03 5.15 5.23 5.33 5.37 5.39 5.42 5.49 5.59 5.67 5.76 5.75 5.78 5.87 5.92 5.96 5.96 5.85 4.18 1.97 2.69 3.18 3.07 2.76 2.76 2.63 2.36 3.28 2.39 2.06 1.35 0.86 0.84 0.14 0.00 0.00 0.00 0.00 0.00 0.00 0.00 0.00 0.00 0.00 0.00 0.00 0.00
2.40 2.47 2.57 2.64 2.71 2.77 2.84 2.90 2.96 3.04 3.14 3.21 3.28 3.42 3.49 3.55 3.65 3.72 3.78 3.84 3.90 3.97 4.04 4.10 4.20 4.27 4.33 4.46 4.52 4.57 4.62 4.69 4.75 4.81 4.86 4.92 4.98 5.05 5.14 5.26 5.36 5.40 5.42 5.46 5.52 5.61 5.68 5.75 5.80 5.86 5.90 5.93 5.96 5.96 5.31 4.12 2.09 3.11 3.38 3.18 3.17 2.83 2.67 2.39 3.52 2.22 1.89 1.16 0.47 0.54 0.66 0.00 0.00 0.00 0.00 0.00 0.00 0.00 0.00 0.00 0.00 0.00 0.00 0.00
2.40 2.47 2.57 2.65 2.71 2.78 2.85 2.91 2.98 3.05 3.15 3.22 3.28 3.35 3.49 3.56 3.65 3.72 3.78 3.85 3.91 3.98 4.04 4.11 4.22 4.28 4.41 4.47 4.53 4.59 4.64 4.71 4.77 4.83 4.88 4.94 5.00 5.07 5.16 5.29 5.41 5.44 5.46 5.49 5.53 5.60 5.68 5.74 5.78 5.85 5.90 5.93 5.97 5.97 4.96 3.70 2.34 3.28 3.27 3.30 3.17 2.63 2.49 2.48 4.13 3.03 1.93 1.11 0.41 0.45 0.06 0.00 0.00 0.00 0.00 0.00 0.00 0.00 0.00 0.00 0.00 0.00 0.00 0.00
2.40 2.47 2.58 2.65 2.72 2.79 2.86 2.92 2.99 3.06 3.16 3.22 3.29 3.43 3.50 3.56 3.63 3.72 3.79 3.85 3.92 3.98 4.05 4.12 4.22 4.29 4.36 4.49 4.55 4.60 4.65 4.73 4.78 4.85 4.91 4.97 5.03 5.10 5.17 5.39 5.44 5.46 5.49 5.51 5.54 5.56 5.26 5.52 5.79 5.84 5.89 5.92 5.94 5.97 5.36 3.31 2.28 3.07 2.81 3.25 2.79 2.46 2.69 3.60 4.21 2.28 2.15 1.22 0.55 0.28 0.00 0.00 0.00 0.00 0.00 0.00 0.00 0.00 0.00 0.00 0.00 0.00 0.00 0.00
2.41 2.48 2.55 2.66 2.73 2.80 2.86 2.93 3.00 3.06 3.17 3.23 3.30 3.44 3.51 3.57 3.63 3.73 3.80 3.86 3.92 3.99 4.05 4.12 4.19 4.37 4.44 4.50 4.57 4.63 4.68 4.75 4.81 4.87 4.94 5.00 5.06 5.12 5.18 5.30 5.45 5.49 5.51 5.54 5.55 5.28 2.17 4.22 5.63 5.84 5.88 5.92 5.95 5.96 5.95 2.86 2.36 2.97 2.66 2.84 2.49 4.00 4.22 4.24 2.63 1.69 1.79 0.72 0.10 0.01 0.00 0.00 0.00 0.00 0.00 0.00 0.00 0.00 0.00 0.00 0.00 0.00 0.00 0.00
2.41 2.49 2.56 2.67 2.74 2.81 2.87 2.94 3.01 3.07 3.14 3.24 3.31 3.45 3.51 3.58 3.64 3.74 3.80 3.87 3.93 3.99 4.06 4.13 4.20 4.30 4.45 4.51 4.58 4.64 4.69 4.74 4.83 4.89 4.96 5.02 5.08 5.14 5.20 5.37 5.45 5.50 5.54 5.56 4.61 1.87 1.75 4.12 5.19 5.80 5.87 5.90 5.95 5.96 5.95 2.36 2.33 2.75 2.49 2.53 2.59 4.18 4.21 4.22 2.24 1.77 1.56 0.19 0.01 -0.00 -0.00 -0.00 0.00 0.00 0.00 0.00 0.00 0.00 0.00 0.00 0.00 0.00 0.00 0.00
2.42 2.50 2.57 2.68 2.75 2.82 2.89 2.96 3.03 3.09 3.15 3.24 3.39 3.45 3.52 3.59 3.65 3.75 3.81 3.88 3.94 4.00 4.07 4.13 4.20 4.38 4.45 4.52 4.59 4.65 4.71 4.76 4.85 4.91 4.98 5.03 5.09 5.15 5.26 5.36 5.42 5.49 5.53 5.56 2.95 1.31 1.49 3.80 4.41 4.74 5.25 5.94 5.97 5.99 5.23 1.53 1.47 2.00 2.15 2.52 2.47 3.83 4.17 4.22 2.90 1.51 1.24 0.02 0.00 -0.00 -0.00 0.00 0.00 0.00 0.00 0.00 0.00 0.00 0.00 0.00 0.00 0.00 0.00 0.00
2.43 2.51 2.59 2.69 2.77 2.84 2.91 2.97 3.03 3.09 3.16 3.26 3.33 3.47 3.53 3.59 3.67 3.73 3.82 3.88 3.95 4.01 4.08 4.14 4.21 4.39 4.46 4.53 4.60 4.66 4.72 4.78 4.86 4.93 4.99 5.05 5.11 5.16 5.27 5.35 5.40 5.45 5.50 5.51 0.89 0.93 2.10 3.84 3.87 3.80 4.28 5.98 6.00 6.02 4.41 1.31 1.16 1.21 1.84 2.40 2.30 3.92 4.12 4.17 2.61 1.37 1.07 0.08 0.00 -0.00 -0.00 0.00 0.00 0.00 0.00 0.00 0.00 0.00 0.00 0.00 0.00 0.00 0.00 0.00
2.44 2.52 2.59 2.70 2.77 2.84 2.91 2.98 3.04 3.10 3.16 3.27 3.41 3.47 3.54 3.61 3.67 3.74 3.83 3.89 3.96 4.02 4.08 4.15 4.22 4.40 4.47 4.54 4.61 4.67 4.73 4.79 4.88 4.94 5.00 5.05 5.12 5.17 5.23 5.35 5.39 5.44 5.49 3.03 0.68 1.27 2.63 3.90 3.94 3.88 4.48 5.74 6.03 6.05 3.69 1.41 1.28 1.24 1.96 2.25 2.54 4.08 4.11 3.00 2.05 1.33 0.98 0.03 0.00 -0.00 -0.00 0.00 0.00 0.00 0.00 0.00 0.00 0.00 0.00 0.00 0.00 0.00 0.00 0.00
2.44 2.52 2.60 2.67 2.78 2.85 2.92 2.98 3.04 3.11 3.17 3.27 3.41 3.48 3.55 3.62 3.68 3.75 3.84 3.90 3.96 4.03 4.10 4.17 4.24 4.31 4.49 4.55 4.61 4.68 4.74 4.79 4.88 4.94 5.00 5.07 5.13 5.19 5.29 5.35 5.41 5.46 5.51 2.66 1.07 2.27 3.52 3.84 3.90 3.91 4.63 6.04 6.06 6.07 2.89 1.50 1.35 1.56 2.23 2.22 3.22 4.05 3.32 2.00 1.73 1.09 0.25 0.00 -0.00 0.00 0.00 0.00 0.00 0.00 0.00 0.00 0.00 0.00 0.00 0.00 0.00 0.00 0.00 0.00
2.45 2.53 2.61 2.68 2.79 2.85 2.92 2.98 3.04 3.11 3.18 3.25 3.42 3.49 3.56 3.62 3.69 3.76 3.85 3.91 3.97 4.04 4.10 4.17 4.32 4.43 4.50 4.56 4.63 4.68 4.74 4.79 4.85 4.95 5.00 5.07 5.14 5.20 5.25 5.38 5.43 5.49 5.40 1.96 1.66 2.96 3.60 3.92 3.97 3.88 4.64 6.06 6.07 6.08 2.25 1.56 1.41 2.08 2.23 2.18 3.31 3.96 3.16 1.88 1.00 0.33 0.00 0.00 -0.00 -0.00 0.00 0.00 0.00 0.00 0.00 0.00 0.00 0.00 0.00 0.00 0.00 0.00 0.00 0.00
2.45 2.53 2.61 2.68 2.79 2.86 2.92 2.99 3.05 3.11 3.18 3.25 3.43 3.50 3.57 3.64 3.71 3.77 3.86 3.92 3.98 4.05 4.11 4.18 4.25 4.43 4.50 4.57 4.63 4.69 4.74 4.80 4.85 4.94 5.01 5.09 5.15 5.20 5.31 5.40 5.46 5.51 5.19 1.66 2.11 3.39 3.53 3.90 3.96 3.92 4.81 6.07 6.09 4.85 1.69 1.39 1.38 2.04 1.97 1.76 3.70 3.82 3.21 1.72 0.49 0.01 0.00 0.00 0.00 -0.00 0.00 0.00 0.00 0.00 0.00 0.00 0.00 0.00 0.00 0.00 0.00 0.00 0.00 0.00
2.46 2.54 2.61 2.69 2.79 2.86 2.93 2.99 3.05 3.12 3.19 3.37 3.44 3.50 3.57 3.64 3.71 3.78 3.84 3.93 3.99 4.05 4.12 4.18 4.32 4.43 4.50 4.57 4.63 4.69 4.74 4.80 4.86 4.94 5.01 5.09 5.16 5.21 5.31 5.39 5.47 5.53 4.42 1.45 2.37 3.53 3.57 3.90 3.98 4.58 6.11 6.12 5.58 2.20 1.76 1.52 1.35 1.65 1.79 2.10 3.73 3.75 2.87 1.57 0.17 0.00 0.00 0.00 0.00 0.00 0.00 0.00 0.00 0.00 0.00 0.00 0.00 0.00 0.00 0.00 0.00 0.00 0.00 0.00
2.46 2.54 2.62 2.69 2.80 2.86 2.93 2.99 3.06 3.13 3.20 3.37 3.44 3.51 3.58 3.65 3.72 3.78 3.85 3.93 3.99 4.06 4.12 4.19 4.25 4.40 4.50 4.57 4.63 4.69 4.74 4.80 4.85 4.94 5.01 5.10 5.16 5.22 5.34 5.42 5.49 5.09 1.28 1.67 3.31 3.61 3.58 3.84 4.02 4.98 6.12 6.15 3.64 1.90 1.72 1.43 1.37 1.64 1.70 2.66 3.69 3.70 2.48 0.84 0.03 0.00 0.00 0.00 0.00 0.00 0.00 0.00 0.00 0.00 0.00 0.00 0.00 0.00 0.00 0.00 0.00 0.00 0.00 0.00
2.47 2.54 2.62 2.69 2.76 2.86 2.93 2.99 3.06 3.13 3.20 3.38 3.45 3.51 3.58 3.65 3.72 3.79 3.85 3.94 4.00 4.06 4.13 4.19 4.26 4.40 4.50 4.57 4.63 4.69 4.75 4.80 4.86 4.92 5.02 5.10 5.17 5.28 5.36 5.44 4.14 1.55 1.25 2.22 3.32 3.61 3.51 3.71 4.05 5.40 6.15 5.65 2.69 1.93 1.77 1.28 1.52 1.81 1.74 3.10 3.67 3.65 2.44 1.35 0.03 0.00 0.00 0.00 0.00 0.00 0.00 0.00 0.00 0.00 0.00 0.00 0.00 0.00 0.00 0.00 0.00 0.00 0.00 0.00
2.47 2.54 2.61 2.69 2.76 2.86 2.93 2.99 3.06 3.13 3.27 3.34 3.45 3.52 3.59 3.66 3.73 3.79 3.85 3.94 4.00 4.06 4.13 4.20 4.34 4.41 4.51 4.57 4.64 4.69 4.75 4.80 4.86 4.92 5.02 5.10 5.17 5.29 5.37 5.44 1.55 1.50 1.36 2.49 3.26 3.61 3.53 3.73 4.72 6.17 6.16 3.08 2.55 1.90 1.77 1.41 1.77 1.90 1.72 3.22 3.63 3.62 2.65 1.65 0.02 0.00 0.00 0.00 0.00 0.00 0.00 0.00 0.00 0.00 0.00 0.00 0.00 0.00 0.00 0.00 0.00 0.00 0.00 0.00
2.47 2.54 2.61 2.68 2.75 2.85 2.92 2.98 3.05 3.12 3.27 3.34 3.45 3.52 3.59 3.66 3.73 3.79 3.85 3.94 4.00 4.07 4.14 4.21 4.35 4.41 4.51 4.58 4.64 4.69 4.74 4.80 4.87 4.92 5.02 5.09 5.17 5.28 5.38 5.44 2.91 1.62 1.34 2.31 3.33 3.68 3.60 3.75 4.94 6.17 4.01 2.94 2.56 2.04 1.75 1.98 2.05 2.20 1.57 3.49 3.56 3.46 2.58 1.44 0.01 0.00 0.00 0.00 0.00 0.00 0.00 0.00 0.00 0.00 0.00 0.00 0.00 0.00 0.00 0.00 0.00 0.00 0.00 0.00
2.46 2.53 2.61 2.67 2.74 2.85 2.91 2.98 3.05 3.12 3.26 3.33 3.44 3.51 3.58 3.65 3.72 3.79 3.85 3.91 4.01 4.07 4.14 4.28 4.35 4.42 4.52 4.58 4.63 4.69 4.74 4.80 4.86 4.93 5.02 5.09 5.16 5.28 5.38 5.42 3.13 1.82 1.29 2.29 3.44 3.71 3.72 3.82 4.27 6.20 3.22 2.91 2.50 2.03 1.77 1.91 2.33 2.34 1.87 2.01 3.29 3.16 2.46 1.27 0.00 0.00 0.00 0.00 0.00 0.00 0.00 0.00 0.00 0.00 0.00 0.00 0.00 0.00 0.00 0.00 0.00 0.00 0.00 0.00
2.46 2.53 2.60 2.66 2.73 2.84 2.90 2.97 3.04 3.11 3.18 3.33 3.44 3.51 3.58 3.65 3.72 3.79 3.85 3.92 4.01 4.08 4.15 4.29 4.35 4.42 4.49 4.58 4.63 4.68 4.74 4.79 4.86 4.93 5.01 5.08 5.21 5.28 5.36 2.92 2.15 1.66 1.80 2.68 3.60 3.79 3.79 3.87 4.29 6.20 3.09 2.88 2.24 1.94 1.71 1.50 2.18 2.41 1.59 1.74 3.16 2.43 2.08 0.00 0.00 0.00 0.00 0.00 0.00 0.00 0.00 0.00 0.00 0.00 0.00 0.00 0.00 0.00 0.00 0.00 0.00 0.00 0.00 0.00
2.45 2.52 2.59 2.66 2.73 2.79 2.90 2.97 3.04 3.11 3.18 3.32 3.43 3.51 3.58 3.65 3.72 3.78 3.85 3.92 4.01 4.08 4.15 4.29 4.35 4.42 4.48 4.57 4.63 4.68 4.73 4.79 4.85 4.92 4.97 5.06 5.12 5.25 3.73 1.45 1.86 1.53 1.94 2.88 3.73 3.87 3.86 3.95 4.43 6.21 3.06 2.84 2.14 1.95 1.66 1.40 2.29 2.11 1.29 2.17 3.04 2.13 0.02 0.00 0.00 0.00 0.00 0.00 0.00 0.00 0.00 0.00 0.00 0.00 0.00 0.00 0.00 0.00 0.00 0.00 0.00 0.00 0.00 0.00
2.45 2.52 2.59 2.65 2.72 2.79 2.90 2.97 3.04 3.11 3.25 3.32 3.40 3.50 3.57 3.64 3.71 3.78 3.85 3.91 4.01 4.08 4.15 4.22 4.35 4.41 4.47 4.56 4.62 4.67 4.72 4.79 4.85 4.91 4.96 5.05 5.10 5.24 5.02 2.48 1.42 1.61 2.05 3.35 3.88 4.02 3.98 4.10 4.81 6.22 3.05 2.88 2.09 1.94 1.66 1.66 1.96 1.45 1.04 2.36 2.92 1.57 0.00 0.00 0.00 0.00 0.00 0.00 0.00 0.00 0.00 0.00 0.00 0.00 0.00 0.00 0.00 0.00 0.00 0.00 0.00 0.00 0.00 0.00
2.45 2.52 2.58 2.65 2.71 2.78 2.89 2.97 3.04 3.11 3.25 3.32 3.39 3.50 3.57 3.64 3.70 3.77 3.84 3.91 4.00 4.07 4.14 4.21 4.34 4.40 4.46 4.56 4.62 4.68 4.73 4.79 4.84 4.91 4.95 5.04 5.09 5.22 5.28 5.05 1.66 1.49 2.19 3.64 4.02 4.47 4.25 4.10 5.30 6.22 3.06 2.97 2.14 1.95 1.72 1.96 1.74 1.64 1.41 2.35 2.73 1.29 0.00 0.00 0.00 0.00 0.00 0.00 0.00 0.00 0.00 0.00 0.00 0.00 0.00 0.00 0.00 0.00 0.00 0.00 0.00 0.00 0.00 0.00
