tsunami_inundation/2730.asc
ncols        89
nrows        96
xllcorner    425855.973699999973
yllcorner    5091051.504999999888
cellsize     55.000000000000
NODATA_value  -9999.00
[rows 37 to 73 of 96, columns 0 to 83 of 89]
2.44 2.51 2.58 2.64 2.70 2.77 2.88 2.96 3.03 3.17 3.24 3.31 3.38 3.49 3.56 3.62 3.69 3.75 3.82 3.89 3.95 4.06 4.20 4.27 4.33 4.40 4.46 4.55 4.62 4.68 4.73 4.79 4.83 4.90 4.94 5.02 5.07 5.20 5.26 5.29 1.63 1.51 2.34 3.65 4.05 4.67 4.59 4.24 6.08 6.22 3.07 2.96 2.06 1.82 1.80 1.79 1.40 1.71 1.22 2.52 2.66 1.84 1.14 0.00 0.00 0.00 0.00 0.00 0.00 0.00 0.00 0.00 0.00 0.00 0.00 0.00 0.00 0.00 0.00 0.00 0.00 0.00 0.00 0.00
2.42 2.49 2.57 2.61 2.67 2.76 2.82 2.94 3.02 3.16 3.23 3.30 3.37 3.48 3.55 3.61 3.68 3.74 3.81 3.87 3.94 4.05 4.19 4.26 4.33 4.39 4.45 4.51 4.61 4.67 4.73 4.79 4.83 4.88 4.93 5.04 5.11 5.18 5.24 4.25 0.92 1.57 2.43 3.69 4.11 4.47 4.18 4.60 6.21 3.33 3.06 2.84 1.99 1.79 1.76 1.46 1.44 1.70 1.07 2.60 2.65 2.08 1.55 0.00 0.00 0.00 0.00 0.00 0.00 0.00 0.00 0.00 0.00 0.00 0.00 0.00 0.00 0.00 0.00 0.00 0.00 0.00 0.00 0.00
2.41 2.48 2.54 2.60 2.67 2.74 2.81 2.93 3.01 3.14 3.21 3.29 3.36 3.46 3.53 3.60 3.67 3.73 3.80 3.86 3.93 4.04 4.18 4.25 4.32 4.39 4.45 4.50 4.60 4.67 4.73 4.78 4.83 4.87 4.92 4.97 5.09 5.16 5.18 3.27 0.86 1.67 2.82 3.72 3.99 4.32 4.21 5.59 6.19 3.29 3.06 2.79 1.98 1.81 1.72 1.34 1.51 1.44 1.03 2.62 2.63 2.08 0.07 0.00 0.00 0.00 0.00 0.00 0.00 0.00 0.00 0.00 0.00 0.00 0.00 0.00 0.00 0.00 0.00 0.00 0.00 0.00 0.00 0.00
2.41 2.47 2.54 2.60 2.66 2.73 2.80 2.92 2.99 3.06 3.20 3.27 3.34 3.42 3.51 3.59 3.66 3.72 3.79 3.86 3.93 4.03 4.17 4.25 4.32 4.38 4.44 4.50 4.59 4.65 4.72 4.76 4.81 4.84 4.89 4.98 5.05 5.12 5.15 2.06 0.95 1.65 3.20 3.80 4.04 4.33 4.39 6.20 6.21 3.24 3.08 2.82 1.96 1.79 1.59 1.16 1.76 1.52 2.01 2.60 2.49 1.51 0.18 0.00 0.00 0.00 0.00 0.00 0.00 0.00 0.00 0.00 0.00 0.00 0.00 0.00 0.00 0.00 0.00 0.00 0.00 0.00 0.00 0.00
2.40 2.47 2.53 2.59 2.66 2.73 2.80 2.91 2.98 3.06 3.19 3.26 3.33 3.40 3.50 3.58 3.64 3.71 3.78 3.84 3.92 4.03 4.09 4.23 4.30 4.36 4.43 4.48 4.57 4.63 4.69 4.75 4.79 4.82 4.87 4.91 5.02 5.09 5.12 1.88 0.97 1.50 2.92 3.88 4.14 4.17 4.96 6.20 6.20 3.08 2.97 2.70 1.91 1.72 1.34 1.26 2.16 2.92 2.93 2.28 1.84 1.02 0.02 0.00 0.00 0.00 0.00 0.00 0.00 0.00 0.00 0.00 0.00 0.00 0.00 0.00 0.00 0.00 0.00 0.00 0.00 0.00 0.00 0.00
2.40 2.47 2.53 2.60 2.66 2.72 2.79 2.90 3.05 3.12 3.19 3.25 3.32 3.39 3.49 3.56 3.62 3.69 3.76 3.83 3.91 3.97 4.15 4.21 4.28 4.34 4.41 4.46 4.55 4.61 4.67 4.72 4.77 4.81 4.85 4.91 4.99 5.06 4.91 0.97 1.41 1.87 3.09 3.85 4.22 4.19 5.76 6.19 6.19 3.28 2.94 2.53 1.82 1.68 1.23 1.84 3.30 3.65 2.38 1.14 0.91 1.43 0.00 0.00 0.00 0.00 0.00 0.00 0.00 0.00 0.00 0.00 0.00 0.00 0.00 0.00 0.00 0.00 0.00 0.00 0.00 0.00 0.00 0.00
2.40 2.47 2.54 2.60 2.66 2.73 2.80 2.86 2.96 3.10 3.17 3.24 3.31 3.38 3.48 3.55 3.61 3.68 3.74 3.81 3.88 4.05 4.12 4.18 4.24 4.30 4.38 4.44 4.50 4.59 4.65 4.70 4.74 4.78 4.82 4.84 4.96 5.03 4.81 0.93 1.73 2.11 3.39 3.85 4.16 4.17 6.18 6.18 5.36 3.24 2.86 2.79 2.50 1.76 1.55 2.09 2.59 3.09 2.32 1.64 1.22 0.92 0.00 0.00 0.00 0.00 0.00 0.00 0.00 0.00 0.00 0.00 0.00 0.00 0.00 0.00 0.00 0.00 0.00 0.00 0.00 0.00 0.00 0.00
2.41 2.48 2.55 2.61 2.67 2.73 2.80 2.86 2.96 3.10 3.17 3.24 3.30 3.37 3.44 3.54 3.60 3.66 3.73 3.80 3.87 3.93 4.10 4.16 4.22 4.27 4.33 4.39 4.47 4.57 4.63 4.64 4.71 4.74 4.80 4.85 4.94 4.98 1.86 0.87 1.50 2.48 4.11 4.00 4.05 4.03 6.16 6.16 4.16 3.15 2.84 2.76 2.61 1.74 1.91 2.32 2.07 1.92 1.54 1.23 0.66 0.49 0.00 0.00 0.00 0.00 0.00 0.00 0.00 0.00 0.00 0.00 0.00 0.00 0.00 0.00 0.00 0.00 0.00 0.00 0.00 0.00 0.00 0.00
2.42 2.49 2.55 2.61 2.67 2.73 2.80 2.86 3.02 3.09 3.16 3.23 3.29 3.36 3.43 3.52 3.58 3.65 3.71 3.78 3.85 4.01 4.08 4.14 4.19 4.25 4.31 4.37 4.43 4.50 4.54 4.57 4.60 4.70 4.74 4.79 4.91 4.95 0.97 0.96 1.71 3.49 4.17 3.92 3.98 3.99 6.14 3.55 3.21 3.07 2.85 2.77 2.39 1.73 2.24 2.40 2.19 1.94 1.38 1.01 0.40 0.19 0.00 0.00 0.00 0.00 0.00 0.00 0.00 0.00 0.00 0.00 0.00 0.00 0.00 0.00 0.00 0.00 0.00 0.00 0.00 0.00 0.00 0.00
2.38 2.49 2.55 2.62 2.67 2.73 2.80 2.86 3.01 3.08 3.15 3.22 3.28 3.35 3.42 3.51 3.57 3.63 3.69 3.76 3.83 3.96 4.05 4.11 4.16 4.21 4.27 4.32 4.37 4.46 4.50 4.54 4.57 4.62 4.65 4.73 4.88 3.94 0.71 1.37 2.70 3.65 3.98 4.07 3.95 3.94 6.12 3.36 3.15 2.98 2.81 2.78 2.19 1.91 2.43 2.55 2.32 1.91 1.20 0.81 0.39 0.00 0.00 0.00 0.00 0.00 0.00 0.00 0.00 0.00 0.00 0.00 0.00 0.00 0.00 0.00 0.00 0.00 0.00 0.00 0.00 0.00 0.00 0.00
2.38 2.49 2.55 2.62 2.67 2.73 2.80 2.86 3.01 3.07 3.14 3.21 3.28 3.34 3.41 3.50 3.55 3.61 3.67 3.74 3.81 3.94 4.03 4.09 4.13 4.18 4.23 4.28 4.33 4.39 4.47 4.50 4.54 4.59 4.61 4.71 4.80 2.82 0.62 1.37 2.72 3.79 3.84 3.97 4.67 4.68 6.11 5.21 3.00 2.94 2.80 2.67 2.03 2.01 2.42 2.61 2.32 1.83 1.04 1.03 0.02 0.00 0.00 0.00 0.00 0.00 0.00 0.00 0.00 0.00 0.00 0.00 0.00 0.00 0.00 0.00 0.00 0.00 0.00 0.00 0.00 0.00 0.00 0.00
2.38 2.48 2.55 2.61 2.67 2.74 2.80 2.86 3.00 3.06 3.13 3.20 3.27 3.33 3.39 3.48 3.54 3.60 3.66 3.73 3.79 3.86 4.01 4.06 4.10 4.15 4.19 4.24 4.29 4.35 4.43 4.47 4.52 4.55 4.57 4.68 4.77 2.41 0.63 1.40 2.80 3.78 3.64 3.90 4.25 4.09 6.10 3.06 2.92 2.91 2.76 2.31 1.86 1.88 2.32 2.42 2.16 1.90 1.48 0.99 0.00 0.00 0.00 0.00 0.00 0.00 0.00 0.00 0.00 0.00 0.00 0.00 0.00 0.00 0.00 0.00 0.00 0.00 0.00 0.00 0.00 0.00 0.00 0.00
2.38 2.48 2.55 2.61 2.68 2.74 2.80 2.86 3.00 3.06 3.13 3.19 3.26 3.33 3.39 3.45 3.53 3.59 3.65 3.71 3.78 3.90 3.99 4.04 4.08 4.11 4.16 4.20 4.27 4.33 4.39 4.43 4.48 4.51 4.53 4.66 4.70 1.01 0.79 1.76 3.45 3.95 3.85 3.94 3.91 4.00 6.08 5.26 2.89 2.86 2.67 1.79 1.63 1.80 2.34 2.35 2.10 2.00 1.83 1.03 0.00 0.00 0.00 0.00 0.00 0.00 0.00 0.00 0.00 0.00 0.00 0.00 0.00 0.00 0.00 0.00 0.00 0.00 0.00 0.00 0.00 0.00 0.00 0.00
2.38 2.48 2.54 2.61 2.68 2.74 2.81 2.87 3.00 3.06 3.12 3.19 3.26 3.32 3.38 3.44 3.52 3.58 3.63 3.69 3.76 3.88 3.96 4.01 4.05 4.09 4.13 4.17 4.23 4.29 4.33 4.38 4.43 4.46 4.53 4.61 3.56 0.86 1.46 2.43 3.55 3.86 3.91 3.99 3.96 4.07 6.07 3.06 2.91 2.93 2.41 2.20 2.21 1.91 2.31 2.31 2.06 2.03 1.73 1.11 1.04 0.00 0.00 0.00 0.00 0.00 0.00 0.00 0.00 0.00 0.00 0.00 0.00 0.00 0.00 0.00 0.00 0.00 0.00 0.00 0.00 0.00 0.00 0.00
2.37 2.43 2.53 2.60 2.67 2.73 2.80 2.92 3.00 3.06 3.12 3.18 3.25 3.31 3.37 3.42 3.51 3.56 3.62 3.67 3.79 3.85 3.91 3.99 4.03 4.07 4.11 4.12 4.18 4.23 4.26 4.31 4.36 4.41 4.50 4.49 2.25 1.16 1.85 2.52 3.07 3.48 3.51 3.41 3.70 4.59 6.05 3.09 3.00 2.94 2.39 2.59 2.14 1.93 2.30 2.32 1.93 1.70 1.46 0.78 0.09 0.00 0.00 0.00 0.00 0.00 0.00 0.00 0.00 0.00 0.00 0.00 0.00 0.00 0.00 0.00 0.00 0.00 0.00 0.00 0.00 0.00 0.00 0.00
2.35 2.42 2.52 2.58 2.65 2.72 2.78 2.90 2.99 3.04 3.10 3.17 3.23 3.29 3.35 3.41 3.49 3.55 3.60 3.65 3.76 3.82 3.88 3.95 4.00 4.04 4.06 4.08 4.14 4.19 4.21 4.27 4.31 4.36 4.44 4.20 1.18 1.45 2.53 2.34 2.50 2.75 2.81 3.02 3.83 5.38 5.54 3.11 3.03 2.81 2.37 2.47 2.08 1.97 2.24 2.36 1.93 1.56 1.24 0.02 0.00 0.00 0.00 0.00 0.00 0.00 0.00 0.00 0.00 0.00 0.00 0.00 0.00 0.00 0.00 0.00 0.00 0.00 0.00 0.00 0.00 0.00 0.00 0.00
2.34 2.40 2.50 2.57 2.63 2.70 2.76 2.88 2.94 3.03 3.09 3.16 3.22 3.28 3.33 3.39 3.47 3.53 3.58 3.64 3.69 3.81 3.86 3.93 3.97 4.02 4.03 4.05 4.11 4.15 4.16 4.23 4.26 4.28 4.37 3.13 1.19 1.53 2.59 1.99 1.78 1.95 2.56 3.46 4.20 6.01 6.04 2.96 3.00 2.74 2.42 2.39 2.07 2.11 2.13 1.91 1.66 1.40 1.09 0.46 0.00 0.00 0.00 0.00 0.00 0.00 0.00 0.00 0.00 0.00 0.00 0.00 0.00 0.00 0.00 0.00 0.00 0.00 0.00 0.00 0.00 0.00 0.00 0.00
2.33 2.39 2.49 2.56 2.62 2.68 2.81 2.86 2.92 3.01 3.08 3.14 3.21 3.26 3.32 3.38 3.43 3.52 3.57 3.63 3.74 3.79 3.84 3.90 3.94 3.98 3.99 4.02 4.07 4.11 4.14 4.18 4.20 4.21 4.30 2.81 1.07 1.26 2.60 1.81 1.71 1.96 2.82 3.64 4.45 5.99 5.16 2.77 2.91 2.64 2.52 2.36 1.91 2.08 2.02 1.77 1.63 1.41 1.01 0.05 0.00 0.00 0.00 0.00 0.00 0.00 0.00 0.00 0.00 0.00 0.00 0.00 0.00 0.00 0.00 0.00 0.00 0.00 0.00 0.00 0.00 0.00 0.00 0.00
2.32 2.38 2.49 2.55 2.61 2.68 2.74 2.85 2.91 3.00 3.07 3.13 3.20 3.25 3.31 3.37 3.42 3.50 3.56 3.67 3.72 3.77 3.82 3.87 3.91 3.95 3.96 3.98 4.03 4.07 4.09 4.12 4.12 4.17 4.21 1.49 0.95 1.30 2.35 1.63 1.93 2.66 3.41 3.73 5.44 5.96 4.88 2.80 2.95 2.59 2.26 2.20 1.86 2.03 1.89 1.50 1.01 1.83 1.69 0.00 0.00 0.00 0.00 0.00 0.00 0.00 0.00 0.00 0.00 0.00 0.00 0.00 0.00 0.00 0.00 0.00 0.00 0.00 0.00 0.00 0.00 0.00 0.00 0.00
2.30 2.37 2.44 2.55 2.61 2.67 2.79 2.85 2.90 2.99 3.06 3.12 3.18 3.24 3.30 3.35 3.41 3.48 3.54 3.59 3.70 3.75 3.80 3.83 3.88 3.91 3.92 3.96 4.00 4.03 4.04 4.02 4.02 4.09 2.71 0.75 0.93 1.82 2.20 1.59 1.99 2.81 3.50 3.78 5.90 5.93 3.95 2.84 2.97 2.31 1.88 1.99 1.78 1.81 1.57 1.26 1.93 2.06 1.97 1.66 0.00 0.00 0.00 0.00 0.00 0.00 0.00 0.00 0.00 0.00 0.00 0.00 0.00 0.00 0.00 0.00 0.00 0.00 0.00 0.00 0.00 0.00 0.00 0.00
2.29 2.36 2.43 2.53 2.60 2.66 2.78 2.84 2.90 2.99 3.05 3.11 3.17 3.23 3.28 3.34 3.39 3.47 3.52 3.57 3.68 3.73 3.77 3.81 3.85 3.87 3.89 3.92 3.95 3.96 3.93 3.95 3.98 4.07 2.56 0.62 0.86 1.92 1.95 1.60 2.02 3.06 3.65 4.36 5.87 5.88 2.87 2.82 2.81 1.93 1.95 1.79 1.57 1.46 1.75 2.24 2.33 2.25 2.12 0.01 0.00 0.00 0.00 0.00 0.00 0.00 0.00 0.00 0.00 0.00 0.00 0.00 0.00 0.00 0.00 0.00 0.00 0.00 0.00 0.00 0.00 0.00 0.00 0.00
2.28 2.35 2.42 2.52 2.58 2.65 2.71 2.84 2.89 2.94 3.03 3.10 3.16 3.21 3.27 3.32 3.37 3.45 3.49 3.59 3.64 3.69 3.74 3.78 3.83 3.85 3.86 3.89 3.90 3.90 3.88 3.91 3.97 3.93 1.45 0.69 0.94 1.95 1.77 1.68 2.55 3.39 3.86 5.04 5.85 5.85 2.77 2.75 2.64 1.74 1.74 1.63 1.54 1.52 2.64 2.50 2.42 2.22 1.12 0.01 0.00 0.00 0.00 0.00 0.00 0.00 0.00 0.00 0.00 0.00 0.00 0.00 0.00 0.00 0.00 0.00 0.00 0.00 0.00 0.00 0.00 0.00 0.00 0.00
2.26 2.33 2.40 2.50 2.57 2.63 2.75 2.81 2.87 2.93 3.02 3.07 3.13 3.19 3.25 3.29 3.35 3.40 3.48 3.58 3.63 3.67 3.72 3.76 3.81 3.82 3.83 3.85 3.86 3.85 3.83 3.88 3.92 3.89 1.00 0.92 1.22 1.85 1.76 1.89 3.28 3.74 4.07 4.96 5.82 5.82 2.63 2.64 2.35 1.38 1.40 1.50 1.46 2.94 2.97 2.72 2.59 1.98 0.66 0.00 0.00 0.00 0.00 0.00 0.00 0.00 0.00 0.00 0.00 0.00 0.00 0.00 0.00 0.00 0.00 0.00 0.00 0.00 0.00 0.00 0.00 0.00 0.00 0.00
2.25 2.32 2.38 2.45 2.55 2.61 2.74 2.80 2.86 2.92 3.01 3.07 3.12 3.18 3.23 3.28 3.34 3.38 3.46 3.56 3.62 3.66 3.71 3.74 3.79 3.79 3.78 3.80 3.82 3.82 3.82 3.86 3.89 3.26 0.67 1.02 1.42 2.03 1.73 2.76 3.70 3.91 4.16 5.41 5.77 3.53 2.81 2.76 2.23 1.41 1.37 1.52 2.11 3.11 2.91 2.76 2.70 2.15 1.92 0.00 0.00 0.00 0.00 0.00 0.00 0.00 0.00 0.00 0.00 0.00 0.00 0.00 0.00 0.00 0.00 0.00 0.00 0.00 0.00 0.00 0.00 0.00 0.00 0.00
2.24 2.31 2.38 2.45 2.54 2.61 2.73 2.80 2.86 2.92 3.01 3.06 3.12 3.17 3.22 3.27 3.32 3.37 3.50 3.54 3.59 3.65 3.69 3.72 3.74 3.76 3.74 3.76 3.80 3.81 3.81 3.85 3.86 2.19 0.79 1.00 1.84 1.94 1.91 3.18 3.46 3.57 4.11 5.38 5.74 3.85 2.81 2.57 1.90 1.60 1.44 1.65 2.81 2.97 2.84 2.96 2.86 2.41 0.40 0.00 0.00 0.00 0.00 0.00 0.00 0.00 0.00 0.00 0.00 0.00 0.00 0.00 0.00 0.00 0.00 0.00 0.00 0.00 0.00 0.00 0.00 0.00 0.00 0.00
2.23 2.30 2.37 2.44 2.54 2.60 2.73 2.79 2.85 2.91 2.97 3.06 3.11 3.16 3.21 3.26 3.30 3.35 3.42 3.51 3.55 3.59 3.61 3.65 3.67 3.74 3.72 3.74 3.78 3.81 3.81 3.82 3.23 0.57 0.90 0.98 1.93 1.85 2.29 3.28 3.37 3.57 3.54 4.29 5.71 4.83 2.60 2.38 2.00 1.67 1.64 1.72 3.13 3.11 3.21 3.05 2.40 1.97 0.95 0.00 0.00 0.00 0.00 0.00 0.00 0.00 0.00 0.00 0.00 0.00 0.00 0.00 0.00 0.00 0.00 0.00 0.00 0.00 0.00 0.00 0.00 0.00 0.00 0.00
2.21 2.28 2.35 2.42 2.52 2.59 2.71 2.77 2.83 2.89 2.95 3.03 3.09 3.14 3.18 3.23 3.25 3.30 3.42 3.46 3.51 3.55 3.59 3.63 3.66 3.71 3.72 3.74 3.77 3.80 3.79 3.81 1.68 0.52 0.93 1.01 1.72 1.99 2.64 3.46 3.44 4.02 3.56 5.19 5.67 5.21 2.55 2.26 1.83 1.84 1.71 1.70 3.06 3.23 3.26 2.69 0.63 0.00 0.00 0.00 0.00 0.00 0.00 0.00 0.00 0.00 0.00 0.00 0.00 0.00 0.00 0.00 0.00 0.00 0.00 0.00 0.00 0.00 0.00 0.00 0.00 0.00 0.00 0.00
2.16 2.24 2.32 2.39 2.49 2.55 2.67 2.74 2.80 2.84 2.90 2.98 3.04 3.09 3.14 3.18 3.22 3.26 3.31 3.43 3.48 3.53 3.57 3.62 3.66 3.71 3.72 3.74 3.77 3.79 3.79 3.79 1.20 0.71 0.91 1.18 1.25 2.02 2.91 3.55 3.96 4.52 4.50 5.24 5.64 5.25 2.34 1.95 1.97 1.96 1.87 2.86 3.33 3.50 2.78 0.56 0.00 0.00 0.00 0.00 0.00 0.00 0.00 0.00 0.00 0.00 0.00 0.00 0.00 0.00 0.00 0.00 0.00 0.00 0.00 0.00 0.00 0.00 0.00 0.00 0.00 0.00 0.00 0.00
2.12 2.20 2.27 2.32 2.39 2.55 2.62 2.69 2.75 2.81 2.87 2.96 3.01 3.07 3.11 3.16 3.20 3.24 3.36 3.42 3.47 3.52 3.57 3.61 3.65 3.69 3.72 3.75 3.77 3.79 3.80 3.80 0.49 0.81 0.81 1.02 1.17 2.70 3.32 3.64 3.47 4.48 4.25 4.35 5.60 4.37 2.07 2.36 2.52 2.42 3.25 3.50 3.55 3.65 2.01 0.00 0.00 0.00 0.00 0.00 0.00 0.00 0.00 0.00 0.00 0.00 0.00 0.00 0.00 0.00 0.00 0.00 0.00 0.00 0.00 0.00 0.00 0.00 0.00 0.00 0.00 0.00 0.00 0.00
2.06 2.14 2.21 2.29 2.46 2.52 2.59 2.67 2.73 2.79 2.85 2.94 3.00 3.05 3.10 3.15 3.19 3.23 3.35 3.41 3.46 3.51 3.56 3.60 3.65 3.68 3.73 3.76 3.77 3.79 3.81 3.82 0.79 0.83 1.06 1.04 1.55 2.93 3.25 3.24 3.35 3.33 3.38 3.72 2.94 2.41 2.50 2.57 2.85 2.86 3.40 3.50 3.53 3.53 1.59 0.00 0.00 0.00 0.00 0.00 0.00 0.00 0.00 0.00 0.00 0.00 0.00 0.00 0.00 0.00 0.00 0.00 0.00 0.00 0.00 0.00 0.00 0.00 0.00 0.00 0.00 0.00 0.00 0.00
2.04 2.11 2.18 2.26 2.33 2.50 2.58 2.66 2.73 2.79 2.84 2.90 2.99 3.05 3.10 3.15 3.19 3.23 3.35 3.40 3.45 3.51 3.56 3.59 3.63 3.67 3.73 3.76 3.78 3.81 3.82 3.83 0.66 0.80 1.11 1.14 1.93 2.94 3.16 3.16 3.13 3.21 3.25 4.01 2.24 2.77 2.72 2.42 2.30 2.50 3.18 3.53 3.55 3.44 2.10 0.00 0.00 0.00 0.00 0.00 0.00 0.00 0.00 0.00 0.00 0.00 0.00 0.00 0.00 0.00 0.00 0.00 0.00 0.00 0.00 0.00 0.00 0.00 0.00 0.00 0.00 0.00 0.00 0.00
2.02 2.09 2.16 2.24 2.43 2.49 2.56 2.65 2.72 2.79 2.84 2.90 2.99 3.05 3.10 3.15 3.20 3.28 3.33 3.40 3.44 3.49 3.54 3.57 3.61 3.65 3.72 3.76 3.78 3.80 3.85 3.88 0.57 0.63 1.07 1.30 2.25 2.87 3.08 3.07 3.07 3.10 3.27 4.13 2.50 2.72 2.62 2.28 2.22 2.21 2.09 2.77 3.51 3.40 2.41 0.00 0.00 0.00 0.00 0.00 0.00 0.00 0.00 0.00 0.00 0.00 0.00 0.00 0.00 0.00 0.00 0.00 0.00 0.00 0.00 0.00 0.00 0.00 0.00 0.00 0.00 0.00 0.00 0.00
2.00 2.08 2.15 2.23 2.31 2.49 2.56 2.64 2.72 2.79 2.84 2.90 2.99 3.05 3.10 3.15 3.20 3.27 3.32 3.39 3.43 3.48 3.52 3.55 3.58 3.63 3.71 3.75 3.78 3.80 3.88 3.92 0.49 0.41 0.89 1.54 2.20 2.64 2.95 2.99 2.97 3.13 3.51 3.59 2.48 2.65 2.55 2.24 2.09 2.12 1.95 2.08 3.45 3.27 2.29 0.00 0.00 0.00 0.00 0.00 0.00 0.00 0.00 0.00 0.00 0.00 0.00 0.00 0.00 0.00 0.00 0.00 0.00 0.00 0.00 0.00 0.00 0.00 0.00 0.00 0.00 0.00 0.00 0.00
1.98 2.06 2.13 2.21 2.38 2.48 2.55 2.63 2.71 2.78 2.84 2.90 2.99 3.04 3.09 3.15 3.19 3.23 3.31 3.37 3.41 3.45 3.49 3.51 3.54 3.58 3.64 3.71 3.76 3.80 3.94 3.97 0.53 0.38 0.89 1.49 2.15 2.24 2.73 2.87 2.93 3.15 3.78 2.03 2.41 2.53 2.48 2.31 1.81 1.86 1.94 2.11 3.51 3.65 2.59 0.82 0.00 0.00 0.00 0.00 0.00 0.00 0.00 0.00 0.00 0.00 0.00 0.00 0.00 0.00 0.00 0.00 0.00 0.00 0.00 0.00 0.00 0.00 0.00 0.00 0.00 0.00 0.00 0.00
1.96 2.03 2.11 2.19 2.36 2.47 2.54 2.62 2.70 2.77 2.84 2.90 2.99 3.04 3.09 3.14 3.19 3.23 3.31 3.37 3.40 3.43 3.46 3.47 3.48 3.52 3.57 3.65 3.70 3.77 3.87 3.78 0.43 0.63 1.11 1.54 2.15 2.11 2.39 2.70 2.84 3.36 4.08 1.79 2.18 2.36 2.33 2.19 2.61 2.81 2.71 3.03 3.75 3.54 2.74 2.26 0.00 0.00 0.00 0.00 0.00 0.00 0.00 0.00 0.00 0.00 0.00 0.00 0.00 0.00 0.00 0.00 0.00 0.00 0.00 0.00 0.00 0.00 0.00 0.00 0.00 0.00 0.00 0.00
1.93 2.01 2.09 2.26 2.35 2.46 2.53 2.61 2.69 2.77 2.84 2.90 2.96 3.05 3.10 3.15 3.19 3.27 3.31 3.37 3.40 3.43 3.45 3.45 3.46 3.49 3.52 3.57 3.61 3.69 3.81 1.82 0.39 0.66 1.14 1.28 1.79 2.03 2.43 2.71 2.89 3.53 4.26 2.44 2.31 2.27 2.15 2.19 3.10 4.02 3.95 3.96 3.83 2.96 2.53 2.11 0.57 0.00 0.00 0.00 0.00 0.00 0.00 0.00 0.00 0.00 0.00 0.00 0.00 0.00 0.00 0.00 0.00 0.00 0.00 0.00 0.00 0.00 0.00 0.00 0.00 0.00 0.00 0.00
1.90 1.98 2.07 2.24 2.33 2.45 2.53 2.61 2.69 2.77 2.84 2.91 2.97 3.06 3.11 3.15 3.25 3.29 3.32 3.36 3.40 3.42 3.44 3.45 3.46 3.49 3.52 3.54 3.56 3.59 3.63 0.73 0.33 0.65 1.13 1.13 1.47 2.05 2.58 2.99 3.19 3.51 4.13 2.06 4.07 3.13 2.27 2.21 2.86 4.02 4.02 4.00 3.86 2.80 2.31 1.93 0.39 0.00 0.00 0.00 0.00 0.00 0.00 0.00 0.00 0.00 0.00 0.00 0.00 0.00 0.00 0.00 0.00 0.00 0.00 0.00 0.00 0.00 0.00 0.00 0.00 0.00 0.00 0.00
