tsunami_inundation/2760.asc
ncols        89
nrows        96
xllcorner    425855.973699999973
yllcorner    5091051.504999999888
cellsize     55.000000000000
NODATA_value  -9999.00
[rows 37 to 73 of 96, columns 0 to 83 of 89]
1.62 1.69 1.75 1.81 1.87 1.95 2.07 2.15 2.22 2.36 2.43 2.49 2.57 2.68 2.75 2.82 2.88 2.95 3.02 3.09 3.16 3.26 3.41 3.48 3.55 3.62 3.70 3.82 3.91 3.99 4.05 4.12 4.17 4.25 4.30 4.40 4.45 4.60 4.66 4.70 1.04 1.34 2.14 3.44 3.82 4.43 4.33 3.97 5.80 5.94 2.78 2.68 1.81 1.60 1.61 1.63 1.27 1.59 1.18 2.99 3.13 2.42 1.92 0.00 0.00 0.00 0.00 0.00 0.00 0.00 0.00 0.00 0.00 0.00 0.00 0.00 0.00 0.00 0.00 0.00 0.00 0.00 0.00 0.00
1.63 1.69 1.75 1.81 1.87 1.95 2.02 2.14 2.21 2.36 2.42 2.49 2.56 2.67 2.75 2.81 2.88 2.95 3.02 3.09 3.16 3.26 3.41 3.48 3.55 3.62 3.70 3.77 3.90 3.98 4.05 4.12 4.17 4.23 4.29 4.42 4.50 4.59 4.66 3.67 0.55 1.42 2.24 3.48 3.89 4.24 3.93 4.34 5.94 3.05 2.79 2.57 1.75 1.58 1.58 1.32 1.32 1.61 1.14 2.99 3.05 2.59 2.11 0.01 0.00 0.00 0.00 0.00 0.00 0.00 0.00 0.00 0.00 0.00 0.00 0.00 0.00 0.00 0.00 0.00 0.00 0.00 0.00 0.00
1.64 1.70 1.76 1.81 1.88 1.94 2.02 2.13 2.21 2.34 2.41 2.49 2.56 2.67 2.74 2.81 2.88 2.95 3.02 3.09 3.15 3.26 3.40 3.48 3.55 3.62 3.69 3.76 3.88 3.97 4.05 4.11 4.16 4.21 4.27 4.33 4.49 4.58 4.61 2.66 0.63 1.53 2.64 3.53 3.78 4.10 3.97 5.34 5.93 3.02 2.79 2.53 1.75 1.61 1.55 1.21 1.41 1.38 1.27 2.92 2.96 2.53 0.57 0.00 0.00 0.00 0.00 0.00 0.00 0.00 0.00 0.00 0.00 0.00 0.00 0.00 0.00 0.00 0.00 0.00 0.00 0.00 0.00 0.00
1.64 1.71 1.77 1.82 1.88 1.95 2.02 2.13 2.20 2.27 2.41 2.48 2.55 2.63 2.73 2.81 2.88 2.95 3.01 3.08 3.15 3.26 3.39 3.47 3.54 3.61 3.68 3.75 3.87 3.95 4.04 4.09 4.14 4.18 4.25 4.36 4.46 4.57 4.60 1.45 0.79 1.50 3.03 3.61 3.84 4.11 4.16 5.96 5.96 2.98 2.82 2.57 1.74 1.61 1.44 1.03 1.69 1.54 2.28 2.90 2.82 2.09 0.81 0.02 0.00 0.00 0.00 0.00 0.00 0.00 0.00 0.00 0.00 0.00 0.00 0.00 0.00 0.00 0.00 0.00 0.00 0.00 0.00 0.00
1.65 1.72 1.78 1.84 1.90 1.96 2.02 2.13 2.20 2.27 2.41 2.48 2.55 2.62 2.73 2.81 2.87 2.94 3.01 3.07 3.15 3.25 3.32 3.45 3.52 3.59 3.66 3.73 3.85 3.93 4.01 4.08 4.13 4.17 4.23 4.28 4.44 4.54 4.58 1.25 0.83 1.35 2.75 3.68 3.93 3.95 4.73 5.96 5.96 2.82 2.72 2.47 1.71 1.55 1.20 1.16 2.11 2.92 3.02 2.52 2.33 2.00 1.00 0.00 0.00 0.00 0.00 0.00 0.00 0.00 0.00 0.00 0.00 0.00 0.00 0.00 0.00 0.00 0.00 0.00 0.00 0.00 0.00 0.00
1.66 1.72 1.79 1.85 1.91 1.97 2.03 2.13 2.26 2.33 2.40 2.47 2.54 2.61 2.72 2.79 2.85 2.92 2.99 3.06 3.14 3.19 3.36 3.43 3.50 3.58 3.65 3.72 3.84 3.92 4.00 4.07 4.12 4.16 4.22 4.32 4.42 4.51 4.36 0.60 1.28 1.72 2.92 3.65 4.00 3.97 5.54 5.96 5.96 3.04 2.70 2.31 1.63 1.51 1.09 1.77 3.24 3.60 2.34 1.14 1.39 2.01 0.54 0.00 0.00 0.00 0.00 0.00 0.00 0.00 0.00 0.00 0.00 0.00 0.00 0.00 0.00 0.00 0.00 0.00 0.00 0.00 0.00 0.00
1.66 1.73 1.80 1.86 1.92 1.98 2.04 2.10 2.19 2.33 2.40 2.47 2.54 2.61 2.71 2.78 2.84 2.91 2.97 3.04 3.11 3.28 3.34 3.40 3.47 3.55 3.64 3.71 3.79 3.91 3.99 4.04 4.10 4.14 4.20 4.24 4.40 4.48 4.23 0.68 1.60 1.97 3.21 3.65 3.95 3.95 5.96 5.96 5.13 3.01 2.64 2.58 2.31 1.60 1.43 2.00 2.53 3.03 2.28 1.64 1.41 1.68 0.24 0.00 0.00 0.00 0.00 0.00 0.00 0.00 0.00 0.00 0.00 0.00 0.00 0.00 0.00 0.00 0.00 0.00 0.00 0.00 0.00 0.00
1.66 1.74 1.80 1.87 1.92 1.98 2.04 2.11 2.20 2.33 2.40 2.47 2.54 2.61 2.67 2.77 2.84 2.90 2.96 3.03 3.10 3.17 3.33 3.40 3.46 3.54 3.61 3.69 3.78 3.90 3.97 4.00 4.08 4.13 4.21 4.28 4.40 4.44 1.25 0.74 1.39 2.34 3.97 3.84 3.87 3.84 5.96 5.95 3.95 2.93 2.62 2.55 2.42 1.58 1.79 2.23 2.00 1.86 1.51 1.22 0.61 1.53 0.09 0.00 0.00 0.00 0.00 0.00 0.00 0.00 0.00 0.00 0.00 0.00 0.00 0.00 0.00 0.00 0.00 0.00 0.00 0.00 0.00 0.00
1.67 1.74 1.81 1.87 1.92 1.98 2.05 2.11 2.26 2.33 2.40 2.47 2.54 2.61 2.67 2.77 2.83 2.89 2.96 3.03 3.09 3.26 3.33 3.39 3.45 3.52 3.60 3.67 3.75 3.85 3.91 3.96 4.01 4.11 4.16 4.24 4.36 4.41 0.43 0.85 1.59 3.37 4.04 3.77 3.82 3.82 5.95 3.35 2.99 2.85 2.63 2.56 2.20 1.57 2.12 2.30 2.11 1.89 1.37 1.02 0.46 1.54 0.00 0.00 0.00 0.00 0.00 0.00 0.00 0.00 0.00 0.00 0.00 0.00 0.00 0.00 0.00 0.00 0.00 0.00 0.00 0.00 0.00 0.00
1.64 1.74 1.81 1.87 1.92 1.98 2.05 2.11 2.26 2.33 2.41 2.48 2.55 2.61 2.68 2.77 2.83 2.89 2.96 3.02 3.09 3.22 3.32 3.38 3.44 3.50 3.57 3.64 3.71 3.82 3.88 3.93 3.97 4.05 4.10 4.18 4.33 3.35 0.37 1.24 2.55 3.52 3.85 3.94 3.80 3.77 5.94 3.15 2.93 2.75 2.58 2.56 2.00 1.76 2.31 2.45 2.25 1.86 1.19 0.76 1.39 0.65 0.00 0.00 0.00 0.00 0.00 0.00 0.00 0.00 0.00 0.00 0.00 0.00 0.00 0.00 0.00 0.00 0.00 0.00 0.00 0.00 0.00 0.00
1.64 1.75 1.81 1.87 1.93 1.99 2.05 2.12 2.27 2.34 2.41 2.48 2.55 2.62 2.68 2.77 2.83 2.89 2.96 3.02 3.08 3.21 3.31 3.36 3.42 3.48 3.55 3.61 3.68 3.76 3.85 3.89 3.95 4.01 4.06 4.17 4.25 2.22 0.48 1.23 2.57 3.63 3.71 3.81 4.49 4.50 5.92 5.00 2.76 2.69 2.56 2.45 1.84 1.86 2.31 2.51 2.24 1.79 1.03 1.58 0.46 0.00 0.00 0.00 0.00 0.00 0.00 0.00 0.00 0.00 0.00 0.00 0.00 0.00 0.00 0.00 0.00 0.00 0.00 0.00 0.00 0.00 0.00 0.00
1.65 1.75 1.82 1.88 1.94 2.00 2.06 2.12 2.27 2.34 2.41 2.48 2.55 2.62 2.68 2.78 2.83 2.89 2.95 3.02 3.08 3.14 3.30 3.35 3.40 3.46 3.52 3.58 3.65 3.72 3.81 3.85 3.92 3.97 4.01 4.14 4.23 1.85 0.53 1.25 2.64 3.61 3.48 3.72 4.05 3.87 5.87 2.79 2.66 2.65 2.52 2.09 1.68 1.74 2.22 2.34 2.10 1.88 1.48 1.69 0.14 0.00 0.00 0.00 0.00 0.00 0.00 0.00 0.00 0.00 0.00 0.00 0.00 0.00 0.00 0.00 0.00 0.00 0.00 0.00 0.00 0.00 0.00 0.00
1.65 1.75 1.82 1.88 1.94 2.01 2.07 2.13 2.27 2.34 2.41 2.48 2.55 2.62 2.68 2.74 2.83 2.89 2.95 3.01 3.07 3.20 3.29 3.34 3.39 3.44 3.50 3.55 3.62 3.69 3.75 3.81 3.87 3.92 3.95 4.13 4.17 0.59 0.68 1.61 3.29 3.77 3.67 3.75 3.69 3.76 5.83 5.00 2.62 2.61 2.43 1.60 1.47 1.67 2.24 2.28 2.06 1.99 1.84 1.40 0.13 0.00 0.00 0.00 0.00 0.00 0.00 0.00 0.00 0.00 0.00 0.00 0.00 0.00 0.00 0.00 0.00 0.00 0.00 0.00 0.00 0.00 0.00 0.00
1.65 1.76 1.82 1.89 1.95 2.02 2.08 2.14 2.28 2.34 2.41 2.48 2.55 2.62 2.68 2.74 2.83 2.89 2.94 3.00 3.06 3.18 3.27 3.33 3.38 3.42 3.48 3.52 3.59 3.66 3.70 3.75 3.81 3.86 3.98 4.08 3.03 0.75 1.33 2.29 3.39 3.69 3.73 3.78 3.74 3.83 5.80 2.79 2.65 2.69 2.20 2.04 2.07 1.81 2.23 2.25 2.03 2.02 1.75 1.45 1.84 0.00 0.00 0.00 0.00 0.00 0.00 0.00 0.00 0.00 0.00 0.00 0.00 0.00 0.00 0.00 0.00 0.00 0.00 0.00 0.00 0.00 0.00 0.00
1.65 1.72 1.82 1.89 1.96 2.02 2.09 2.20 2.28 2.34 2.40 2.47 2.54 2.61 2.67 2.74 2.83 2.88 2.93 2.99 3.11 3.17 3.23 3.32 3.37 3.42 3.46 3.48 3.55 3.60 3.62 3.68 3.74 3.81 3.94 3.95 1.73 1.05 1.72 2.37 2.91 3.31 3.33 3.20 3.48 4.34 5.79 2.82 2.74 2.70 2.19 2.43 2.01 1.84 2.23 2.27 1.92 1.72 1.51 0.86 1.29 0.00 0.00 0.00 0.00 0.00 0.00 0.00 0.00 0.00 0.00 0.00 0.00 0.00 0.00 0.00 0.00 0.00 0.00 0.00 0.00 0.00 0.00 0.00
1.65 1.72 1.83 1.89 1.96 2.03 2.09 2.20 2.28 2.34 2.40 2.47 2.54 2.60 2.66 2.73 2.82 2.87 2.93 2.98 3.08 3.14 3.20 3.29 3.34 3.41 3.43 3.45 3.52 3.56 3.57 3.64 3.68 3.76 3.88 3.67 0.78 1.34 2.40 2.20 2.34 2.58 2.63 2.82 3.60 5.14 5.26 2.84 2.78 2.59 2.18 2.31 1.96 1.89 2.18 2.32 1.92 1.60 1.34 0.32 0.00 0.00 0.00 0.00 0.00 0.00 0.00 0.00 0.00 0.00 0.00 0.00 0.00 0.00 0.00 0.00 0.00 0.00 0.00 0.00 0.00 0.00 0.00 0.00
1.65 1.72 1.83 1.89 1.96 2.03 2.09 2.20 2.26 2.34 2.40 2.47 2.53 2.59 2.65 2.71 2.81 2.86 2.92 2.97 3.02 3.13 3.19 3.26 3.32 3.39 3.40 3.42 3.49 3.53 3.54 3.60 3.63 3.66 3.79 2.57 0.91 1.42 2.47 1.85 1.63 1.78 2.37 3.25 3.97 5.76 5.78 2.70 2.76 2.52 2.24 2.23 1.97 2.04 2.07 1.88 1.66 1.44 1.17 0.76 0.00 0.00 0.00 0.00 0.00 0.00 0.00 0.00 0.00 0.00 0.00 0.00 0.00 0.00 0.00 0.00 0.00 0.00 0.00 0.00 0.00 0.00 0.00 0.00
1.64 1.71 1.82 1.89 1.96 2.02 2.14 2.20 2.25 2.34 2.40 2.46 2.52 2.58 2.64 2.71 2.77 2.86 2.91 2.96 3.06 3.12 3.17 3.24 3.29 3.36 3.37 3.40 3.46 3.51 3.53 3.55 3.58 3.60 3.72 2.24 0.86 1.15 2.49 1.68 1.56 1.78 2.63 3.43 4.22 5.73 4.90 2.53 2.68 2.44 2.34 2.21 1.81 2.00 1.97 1.74 1.64 1.55 1.47 1.23 0.00 0.00 0.00 0.00 0.00 0.00 0.00 0.00 0.00 0.00 0.00 0.00 0.00 0.00 0.00 0.00 0.00 0.00 0.00 0.00 0.00 0.00 0.00 0.00
1.63 1.70 1.81 1.88 1.95 2.01 2.08 2.19 2.25 2.33 2.40 2.46 2.52 2.58 2.64 2.70 2.76 2.85 2.90 3.01 3.05 3.10 3.15 3.21 3.26 3.32 3.34 3.38 3.45 3.48 3.49 3.52 3.53 3.60 3.64 0.95 0.83 1.21 2.23 1.50 1.78 2.48 3.21 3.51 5.21 5.71 4.62 2.56 2.73 2.40 2.09 2.06 1.78 1.96 1.85 1.48 1.23 2.44 2.50 0.44 0.00 0.00 0.00 0.00 0.00 0.00 0.00 0.00 0.00 0.00 0.00 0.00 0.00 0.00 0.00 0.00 0.00 0.00 0.00 0.00 0.00 0.00 0.00 0.00
1.62 1.69 1.76 1.87 1.94 2.01 2.13 2.19 2.24 2.33 2.39 2.46 2.51 2.57 2.63 2.69 2.75 2.84 2.89 2.94 3.04 3.09 3.13 3.17 3.23 3.28 3.31 3.37 3.42 3.45 3.45 3.46 3.46 3.52 2.10 0.49 0.86 1.73 2.08 1.46 1.83 2.62 3.30 3.57 5.67 5.69 3.71 2.62 2.77 2.12 1.73 1.86 1.70 1.76 1.54 1.50 2.49 2.69 2.71 2.38 0.00 0.00 0.00 0.00 0.00 0.00 0.00 0.00 0.00 0.00 0.00 0.00 0.00 0.00 0.00 0.00 0.00 0.00 0.00 0.00 0.00 0.00 0.00 0.00
1.60 1.67 1.75 1.85 1.93 1.99 2.12 2.18 2.24 2.33 2.39 2.45 2.50 2.56 2.62 2.68 2.74 2.82 2.87 2.93 3.02 3.07 3.11 3.15 3.20 3.23 3.27 3.32 3.37 3.40 3.38 3.41 3.44 3.49 1.90 0.44 0.81 1.84 1.84 1.46 1.85 2.88 3.45 4.15 5.65 5.65 2.65 2.61 2.61 1.76 1.80 1.68 1.49 1.44 2.00 2.65 2.88 2.92 2.86 0.39 0.00 0.00 0.00 0.00 0.00 0.00 0.00 0.00 0.00 0.00 0.00 0.00 0.00 0.00 0.00 0.00 0.00 0.00 0.00 0.00 0.00 0.00 0.00 0.00
1.58 1.65 1.73 1.83 1.90 1.97 2.03 2.17 2.21 2.27 2.36 2.43 2.49 2.54 2.60 2.66 2.72 2.80 2.84 2.95 3.00 3.05 3.09 3.13 3.18 3.20 3.23 3.29 3.34 3.36 3.35 3.39 3.40 3.33 0.76 0.60 0.88 1.88 1.65 1.53 2.38 3.21 3.66 4.84 5.63 5.63 2.56 2.56 2.45 1.58 1.61 1.53 1.48 1.70 2.87 2.91 2.98 2.98 1.87 0.43 0.00 0.00 0.00 0.00 0.00 0.00 0.00 0.00 0.00 0.00 0.00 0.00 0.00 0.00 0.00 0.00 0.00 0.00 0.00 0.00 0.00 0.00 0.00 0.00
1.55 1.63 1.70 1.81 1.88 1.94 2.07 2.13 2.19 2.25 2.34 2.40 2.45 2.52 2.58 2.62 2.69 2.74 2.82 2.93 2.99 3.04 3.08 3.12 3.16 3.18 3.20 3.25 3.30 3.31 3.31 3.35 3.35 3.25 0.47 0.85 1.15 1.80 1.68 1.74 3.12 3.56 3.88 4.76 5.61 5.61 2.43 2.44 2.18 1.25 1.29 1.43 1.54 3.10 3.16 3.04 3.04 2.62 1.33 0.11 0.00 0.00 0.00 0.00 0.00 0.00 0.00 0.00 0.00 0.00 0.00 0.00 0.00 0.00 0.00 0.00 0.00 0.00 0.00 0.00 0.00 0.00 0.00 0.00
1.51 1.59 1.67 1.74 1.85 1.92 2.05 2.11 2.18 2.24 2.34 2.39 2.45 2.51 2.56 2.62 2.68 2.73 2.81 2.92 2.98 3.02 3.06 3.10 3.15 3.15 3.16 3.22 3.26 3.28 3.28 3.31 3.28 2.56 0.48 0.95 1.34 1.97 1.66 2.63 3.54 3.74 3.98 5.23 5.59 3.34 2.64 2.59 2.08 1.30 1.29 1.51 2.24 3.25 3.09 3.01 3.02 2.65 2.46 0.11 0.00 0.00 0.00 0.00 0.00 0.00 0.00 0.00 0.00 0.00 0.00 0.00 0.00 0.00 0.00 0.00 0.00 0.00 0.00 0.00 0.00 0.00 0.00 0.00
1.49 1.57 1.65 1.72 1.83 1.90 2.04 2.10 2.17 2.23 2.33 2.39 2.44 2.50 2.56 2.61 2.67 2.72 2.84 2.89 2.94 3.00 3.05 3.08 3.12 3.15 3.14 3.19 3.24 3.26 3.25 3.26 3.23 1.51 0.71 0.96 1.74 1.85 1.83 3.06 3.33 3.42 3.95 5.21 5.57 3.68 2.65 2.41 1.77 1.50 1.38 1.72 2.94 3.12 3.00 3.18 3.12 2.80 1.05 0.10 0.00 0.00 0.00 0.00 0.00 0.00 0.00 0.00 0.00 0.00 0.00 0.00 0.00 0.00 0.00 0.00 0.00 0.00 0.00 0.00 0.00 0.00 0.00 0.00
1.46 1.55 1.63 1.71 1.81 1.89 2.02 2.09 2.15 2.22 2.28 2.37 2.43 2.49 2.55 2.60 2.65 2.71 2.79 2.88 2.92 2.97 3.00 3.04 3.08 3.15 3.14 3.17 3.21 3.23 3.21 3.19 2.57 0.25 0.83 0.95 1.84 1.75 2.20 3.18 3.24 3.42 3.38 4.14 5.55 4.67 2.46 2.25 1.89 1.59 1.62 1.81 3.24 3.24 3.36 3.24 2.67 2.32 1.39 0.00 0.00 0.00 0.00 0.00 0.00 0.00 0.00 0.00 0.00 0.00 0.00 0.00 0.00 0.00 0.00 0.00 0.00 0.00 0.00 0.00 0.00 0.00 0.00 0.00
1.44 1.52 1.61 1.69 1.80 1.87 2.00 2.07 2.14 2.20 2.27 2.36 2.42 2.48 2.53 2.59 2.64 2.69 2.81 2.85 2.90 2.94 2.99 3.03 3.07 3.13 3.14 3.17 3.19 3.21 3.18 3.17 1.06 0.34 0.86 0.99 1.65 1.88 2.54 3.37 3.33 3.90 3.43 5.05 5.53 5.07 2.42 2.14 1.73 1.78 1.70 1.80 3.17 3.35 3.40 2.86 0.92 0.00 0.00 0.00 0.00 0.00 0.00 0.00 0.00 0.00 0.00 0.00 0.00 0.00 0.00 0.00 0.00 0.00 0.00 0.00 0.00 0.00 0.00 0.00 0.00 0.00 0.00 0.00
1.41 1.50 1.58 1.66 1.77 1.84 1.98 2.05 2.12 2.18 2.24 2.33 2.40 2.46 2.51 2.57 2.62 2.67 2.72 2.84 2.88 2.93 2.98 3.02 3.06 3.12 3.14 3.16 3.17 3.18 3.18 3.20 0.65 0.64 0.84 1.13 1.18 1.91 2.80 3.45 3.85 4.41 4.38 5.12 5.52 5.13 2.23 1.85 1.89 1.91 1.91 2.96 3.44 3.62 2.89 0.65 0.00 0.00 0.00 0.00 0.00 0.00 0.00 0.00 0.00 0.00 0.00 0.00 0.00 0.00 0.00 0.00 0.00 0.00 0.00 0.00 0.00 0.00 0.00 0.00 0.00 0.00 0.00 0.00
1.38 1.46 1.55 1.61 1.69 1.87 1.94 2.02 2.09 2.16 2.22 2.32 2.38 2.44 2.50 2.56 2.61 2.66 2.78 2.82 2.87 2.92 2.97 3.01 3.05 3.09 3.13 3.15 3.17 3.19 3.20 3.24 0.24 0.73 0.75 0.97 1.12 2.61 3.20 3.51 3.34 4.36 4.14 4.25 5.50 4.27 1.98 2.28 2.47 2.43 3.32 3.61 3.68 3.78 2.12 0.00 0.00 0.00 0.00 0.00 0.00 0.00 0.00 0.00 0.00 0.00 0.00 0.00 0.00 0.00 0.00 0.00 0.00 0.00 0.00 0.00 0.00 0.00 0.00 0.00 0.00 0.00 0.00 0.00
1.32 1.41 1.49 1.57 1.77 1.84 1.92 2.00 2.08 2.15 2.21 2.31 2.37 2.44 2.49 2.55 2.61 2.65 2.77 2.82 2.86 2.91 2.96 2.99 3.03 3.07 3.12 3.15 3.18 3.22 3.25 3.30 0.39 0.76 1.02 1.05 1.61 2.95 3.25 3.22 3.30 3.28 3.32 3.66 2.88 2.32 2.41 2.50 2.81 2.89 3.50 3.63 3.68 3.69 1.66 0.00 0.00 0.00 0.00 0.00 0.00 0.00 0.00 0.00 0.00 0.00 0.00 0.00 0.00 0.00 0.00 0.00 0.00 0.00 0.00 0.00 0.00 0.00 0.00 0.00 0.00 0.00 0.00 0.00
1.29 1.37 1.45 1.54 1.62 1.81 1.90 1.99 2.07 2.14 2.20 2.27 2.37 2.43 2.49 2.55 2.61 2.65 2.77 2.81 2.85 2.90 2.94 2.97 3.00 3.04 3.12 3.18 3.23 3.28 3.31 3.38 0.33 0.72 1.06 1.13 1.99 3.00 3.21 3.21 3.15 3.22 3.24 3.98 2.17 2.70 2.64 2.36 2.29 2.59 3.32 3.70 3.73 3.63 2.28 0.00 0.00 0.00 0.00 0.00 0.00 0.00 0.00 0.00 0.00 0.00 0.00 0.00 0.00 0.00 0.00 0.00 0.00 0.00 0.00 0.00 0.00 0.00 0.00 0.00 0.00 0.00 0.00 0.00
1.26 1.35 1.43 1.51 1.72 1.79 1.88 1.98 2.07 2.14 2.20 2.27 2.37 2.43 2.49 2.55 2.61 2.69 2.74 2.80 2.82 2.86 2.91 2.94 2.97 3.03 3.15 3.21 3.25 3.29 3.37 3.43 0.25 0.56 1.00 1.25 2.26 2.93 3.14 3.13 3.13 3.13 3.28 4.13 2.47 2.65 2.55 2.23 2.23 2.32 2.29 3.01 3.75 3.61 2.66 0.00 0.00 0.00 0.00 0.00 0.00 0.00 0.00 0.00 0.00 0.00 0.00 0.00 0.00 0.00 0.00 0.00 0.00 0.00 0.00 0.00 0.00 0.00 0.00 0.00 0.00 0.00 0.00 0.00
1.24 1.32 1.40 1.49 1.58 1.78 1.86 1.96 2.06 2.13 2.19 2.26 2.36 2.42 2.47 2.53 2.58 2.66 2.70 2.76 2.80 2.85 2.89 2.93 2.97 3.04 3.18 3.23 3.27 3.30 3.39 3.45 0.13 0.35 0.81 1.46 2.16 2.63 2.97 3.03 3.01 3.15 3.51 3.57 2.41 2.57 2.47 2.20 2.15 2.28 2.16 2.34 3.71 3.55 2.59 0.00 0.00 0.00 0.00 0.00 0.00 0.00 0.00 0.00 0.00 0.00 0.00 0.00 0.00 0.00 0.00 0.00 0.00 0.00 0.00 0.00 0.00 0.00 0.00 0.00 0.00 0.00 0.00 0.00
1.21 1.29 1.38 1.46 1.65 1.76 1.83 1.91 2.01 2.08 2.15 2.22 2.31 2.38 2.44 2.50 2.56 2.60 2.68 2.74 2.79 2.84 2.89 2.92 2.97 3.07 3.16 3.25 3.29 3.33 3.41 3.43 0.09 0.32 0.82 1.41 2.07 2.17 2.67 2.83 2.91 3.13 3.74 1.95 2.31 2.43 2.41 2.28 1.99 2.06 2.16 2.36 3.77 3.94 2.92 1.12 0.00 0.00 0.00 0.00 0.00 0.00 0.00 0.00 0.00 0.00 0.00 0.00 0.00 0.00 0.00 0.00 0.00 0.00 0.00 0.00 0.00 0.00 0.00 0.00 0.00 0.00 0.00 0.00
1.17 1.23 1.31 1.40 1.58 1.70 1.78 1.87 1.96 2.04 2.11 2.18 2.28 2.34 2.40 2.46 2.52 2.57 2.66 2.74 2.79 2.84 2.90 2.93 2.99 3.09 3.18 3.27 3.31 3.35 3.39 3.21 0.07 0.57 1.04 1.47 2.07 2.03 2.30 2.61 2.75 3.27 3.99 1.67 2.08 2.27 2.27 2.21 2.84 3.01 2.94 3.27 4.02 3.83 3.12 2.69 0.22 0.00 0.00 0.00 0.00 0.00 0.00 0.00 0.00 0.00 0.00 0.00 0.00 0.00 0.00 0.00 0.00 0.00 0.00 0.00 0.00 0.00 0.00 0.00 0.00 0.00 0.00 0.00
1.09 1.17 1.25 1.44 1.54 1.66 1.75 1.84 1.92 2.00 2.08 2.15 2.22 2.32 2.38 2.44 2.50 2.60 2.65 2.74 2.79 2.84 2.90 2.94 3.00 3.10 3.19 3.28 3.33 3.38 3.42 1.35 0.37 0.61 1.07 1.20 1.71 1.95 2.34 2.62 2.79 3.42 4.15 2.33 2.22 2.19 2.11 2.25 3.33 4.23 4.19 4.20 4.08 3.26 2.95 2.63 1.78 0.00 0.00 0.00 0.00 0.00 0.00 0.00 0.00 0.00 0.00 0.00 0.00 0.00 0.00 0.00 0.00 0.00 0.00 0.00 0.00 0.00 0.00 0.00 0.00 0.00 0.00 0.00
1.05 1.13 1.22 1.41 1.51 1.64 1.72 1.81 1.90 1.98 2.05 2.13 2.21 2.31 2.37 2.43 2.54 2.59 2.65 2.71 2.78 2.84 2.90 2.94 3.01 3.11 3.20 3.30 3.36 3.42 3.47 0.52 0.30 0.60 1.06 1.06 1.39 1.96 2.49 2.90 3.09 3.41 4.01 1.95 3.98 3.06 2.23 2.28 3.09 4.23 4.23 4.22 4.09 3.11 2.75 2.54 1.89 0.00 0.00 0.00 0.00 0.00 0.00 0.00 0.00 0.00 0.00 0.00 0.00 0.00 0.00 0.00 0.00 0.00 0.00 0.00 0.00 0.00 0.00 0.00 0.00 0.00 0.00 0.00
