tsunami_inundation/2760.asc
ncols        89
nrows        96
xllcorner    425855.973699999973
yllcorner    5091051.504999999888
cellsize     55.000000000000
NODATA_value  -9999.00
[rows 0 to 36 of 96, columns 0 to 83 of 89]
-9999.00 1.72 1.78 1.90 1.94 2.01 2.09 2.15 2.21 2.26 2.32 2.37 2.42 2.47 2.55 2.61 2.67 2.77 2.83 2.88 2.94 3.03 3.08 3.13 3.18 3.24 3.29 3.35 3.44 3.50 3.60 3.65 3.70 3.77 3.84 3.93 3.97 4.01 4.03 4.07 4.06 0.05 0.21 0.72 0.67 0.07 0.04 0.03 1.39 3.61 5.51 5.85 5.97 6.06 6.16 6.26 6.42 6.48 6.52 4.55 5.18 5.31 4.91 4.31 2.71 0.76 0.60 0.82 0.00 0.00 0.00 0.00 0.00 0.00 0.00 0.00 0.00 0.00 0.00 0.00 0.00 0.00 0.00 0.00
-9999.00 1.71 1.77 1.89 1.94 1.99 2.08 2.14 2.19 2.25 2.31 2.36 2.41 2.46 2.55 2.61 2.72 2.77 2.82 2.88 2.94 3.03 3.08 3.13 3.18 3.24 3.29 3.35 3.49 3.54 3.59 3.64 3.69 3.77 3.84 3.93 3.96 3.99 4.02 4.06 4.10 0.06 0.05 0.41 0.68 0.54 0.03 1.62 3.87 5.31 5.67 5.72 5.77 5.89 6.02 6.13 6.32 6.43 6.46 4.59 5.19 5.37 5.19 4.33 2.42 0.68 0.51 0.52 0.00 0.00 0.00 0.00 0.00 0.00 0.00 0.00 0.00 0.00 0.00 0.00 0.00 0.00 0.00 0.00
-9999.00 1.70 1.82 1.88 1.93 1.99 2.04 2.13 2.19 2.25 2.31 2.36 2.41 2.47 2.55 2.66 2.72 2.77 2.83 2.88 2.94 3.03 3.09 3.14 3.19 3.24 3.29 3.34 3.39 3.53 3.58 3.63 3.70 3.77 3.84 3.89 3.95 3.99 4.02 4.06 4.13 0.14 0.00 0.17 0.46 0.52 1.87 3.55 5.14 5.65 5.55 5.55 5.62 5.74 5.89 6.13 6.24 6.38 6.23 4.90 5.07 5.45 5.32 4.22 3.27 0.61 0.41 0.83 0.47 0.00 0.00 0.00 0.00 0.00 0.00 0.00 0.00 0.00 0.00 0.00 0.00 0.00 0.00 0.00
-9999.00 1.69 1.82 1.87 1.93 1.98 2.04 2.13 2.19 2.25 2.31 2.37 2.42 2.48 2.56 2.61 2.72 2.78 2.83 2.89 2.95 3.04 3.09 3.14 3.19 3.23 3.28 3.33 3.47 3.53 3.58 3.64 3.70 3.77 3.84 3.89 3.96 4.00 4.05 4.09 4.15 1.58 0.06 0.09 0.20 0.21 2.13 4.49 5.55 5.61 5.46 5.40 5.50 5.65 5.79 6.04 6.15 6.34 6.30 5.32 5.10 5.40 5.20 4.02 2.98 1.67 1.75 1.35 0.52 0.01 0.00 0.00 0.00 0.00 0.00 0.00 0.00 0.00 0.00 0.00 0.00 0.00 0.00 0.00
-9999.00 1.69 1.81 1.87 1.93 1.98 2.03 2.13 2.19 2.26 2.32 2.37 2.43 2.49 2.55 2.69 2.75 2.80 2.85 2.90 2.96 3.04 3.09 3.14 3.18 3.23 3.27 3.32 3.38 3.53 3.59 3.64 3.71 3.78 3.84 3.90 3.98 4.03 4.08 4.13 4.17 3.15 0.09 0.09 0.18 0.14 3.41 5.04 5.63 5.60 5.45 5.39 5.47 5.60 5.85 5.95 6.06 6.20 6.29 5.71 5.15 5.61 4.89 3.73 2.55 1.61 1.80 1.82 1.12 0.20 0.00 0.00 0.00 0.00 0.00 0.00 0.00 0.00 0.00 0.00 0.00 0.00 0.00 0.00
-9999.00 1.68 1.81 1.87 1.92 1.98 2.03 2.13 2.19 2.26 2.32 2.37 2.43 2.49 2.55 2.69 2.75 2.80 2.85 2.91 2.96 3.02 3.09 3.14 3.19 3.23 3.28 3.33 3.48 3.54 3.59 3.65 3.71 3.78 3.85 3.91 4.00 4.06 4.11 4.16 4.20 3.19 0.11 0.11 0.13 0.46 3.80 5.40 5.64 5.61 5.59 5.55 5.55 5.61 5.77 5.82 5.88 5.99 6.03 5.92 5.87 5.81 5.40 4.37 2.21 1.37 1.93 2.08 1.46 1.13 0.10 0.00 0.00 0.00 0.00 0.00 0.00 0.00 0.00 0.00 0.00 0.00 0.00 0.00
-9999.00 1.73 1.79 1.85 1.91 1.97 2.02 2.08 2.18 2.25 2.31 2.36 2.42 2.48 2.54 2.69 2.74 2.80 2.86 2.91 2.97 3.03 3.11 3.16 3.20 3.25 3.30 3.34 3.45 3.54 3.59 3.64 3.71 3.79 3.86 3.93 4.03 4.09 4.14 4.19 4.23 0.02 0.14 0.15 0.40 1.38 3.16 4.96 5.63 5.63 5.63 5.61 5.59 5.64 5.71 5.75 5.76 5.77 5.71 5.58 5.59 5.66 5.40 4.91 3.39 1.55 2.08 2.27 1.59 1.58 0.71 0.00 0.00 0.00 0.00 0.00 0.00 0.00 0.00 0.00 0.00 0.00 0.00 0.00
-9999.00 1.71 1.77 1.83 1.89 1.95 2.01 2.07 2.17 2.23 2.29 2.35 2.41 2.46 2.53 2.68 2.74 2.80 2.86 2.92 2.99 3.05 3.13 3.18 3.22 3.27 3.31 3.36 3.46 3.53 3.59 3.65 3.73 3.82 3.88 3.95 4.02 4.13 4.18 4.23 4.29 4.32 0.14 0.27 0.91 1.93 3.35 4.88 5.61 5.63 5.64 5.64 5.62 5.64 5.72 5.71 5.69 5.68 4.21 4.53 5.52 5.49 5.44 5.35 5.22 3.98 2.22 2.43 1.79 1.81 1.22 0.06 0.00 0.00 0.00 0.00 0.00 0.00 0.00 0.00 0.00 0.00 0.00 0.00
-9999.00 1.69 1.75 1.82 1.88 1.93 1.99 2.05 2.16 2.22 2.28 2.34 2.40 2.46 2.52 2.68 2.75 2.81 2.87 2.94 3.00 3.06 3.14 3.19 3.24 3.28 3.32 3.41 3.47 3.55 3.61 3.68 3.75 3.84 3.93 3.99 4.09 4.19 4.25 4.32 4.34 2.34 0.70 0.64 1.48 2.51 3.85 5.08 5.59 5.62 5.64 5.64 5.64 5.64 5.68 5.70 5.67 5.62 3.28 3.08 4.08 5.49 5.45 5.38 5.27 5.23 2.62 2.22 1.79 2.02 1.67 0.73 0.01 0.00 0.00 0.00 0.00 0.00 0.00 0.00 0.00 0.00 0.00 0.00
-9999.00 1.62 1.74 1.81 1.87 1.93 1.99 2.05 2.15 2.22 2.28 2.33 2.39 2.46 2.52 2.69 2.75 2.82 2.88 2.94 3.01 3.07 3.12 3.20 3.24 3.29 3.33 3.37 3.48 3.57 3.64 3.71 3.78 3.87 3.97 4.05 4.12 4.22 4.29 4.37 4.46 3.45 1.55 1.38 2.21 3.26 4.75 5.53 5.57 5.60 5.62 5.64 5.67 5.67 5.71 5.71 5.71 4.27 2.76 3.11 3.49 3.99 3.65 3.68 5.11 5.23 2.79 2.19 2.00 2.20 1.68 0.84 0.01 0.00 0.00 0.00 0.00 0.00 0.00 0.00 0.00 0.00 0.00 0.00
-9999.00 1.58 1.73 1.80 1.87 1.93 1.99 2.05 2.15 2.22 2.28 2.34 2.40 2.46 2.53 2.69 2.76 2.82 2.88 2.94 3.00 3.06 3.12 3.19 3.24 3.29 3.34 3.38 3.50 3.56 3.66 3.74 3.82 3.91 4.00 4.08 4.16 4.26 4.34 4.42 4.52 4.77 4.86 4.01 3.08 4.53 5.43 5.51 5.54 5.58 5.61 5.63 5.68 5.70 5.76 5.79 4.86 3.07 2.92 3.40 3.44 3.45 3.29 3.18 4.64 5.14 3.51 2.36 2.09 2.29 1.91 1.03 0.04 0.00 0.00 0.00 0.00 0.00 0.00 0.00 0.00 0.00 0.00 0.00
-9999.00 1.58 1.73 1.80 1.87 1.93 1.99 2.06 2.12 2.22 2.28 2.34 2.40 2.46 2.59 2.69 2.76 2.82 2.87 2.93 2.99 3.05 3.11 3.19 3.24 3.29 3.34 3.46 3.52 3.58 3.69 3.77 3.85 3.94 4.03 4.12 4.20 4.27 4.39 4.47 4.57 4.81 4.94 5.08 5.25 5.33 5.41 5.46 5.51 5.55 5.61 5.68 5.67 5.76 5.79 5.81 4.38 2.70 2.53 3.38 3.42 3.55 3.36 3.28 4.29 5.03 3.61 2.66 2.35 2.31 1.79 0.92 0.03 0.00 0.00 0.00 0.00 0.00 0.00 0.00 0.00 0.00 0.00 0.00
1.57 1.66 1.72 1.79 1.86 1.93 1.99 2.05 2.12 2.22 2.28 2.34 2.40 2.52 2.59 2.69 2.75 2.81 2.87 2.92 2.98 3.04 3.10 3.19 3.24 3.30 3.36 3.47 3.54 3.61 3.71 3.79 3.88 3.97 4.07 4.17 4.25 4.33 4.46 4.54 4.71 4.84 4.96 5.07 5.22 5.32 5.39 5.44 5.48 5.51 5.55 5.65 5.68 5.74 5.72 5.71 3.31 2.53 2.60 3.24 3.28 3.26 3.14 3.09 3.87 4.92 2.67 2.49 2.08 2.19 1.75 0.72 0.01 0.00 0.00 0.00 0.00 0.00 0.00 0.00 0.00 0.00 0.00 0.00
1.56 1.65 1.72 1.78 1.85 1.92 1.98 2.04 2.11 2.21 2.27 2.33 2.39 2.45 2.58 2.65 2.75 2.81 2.87 2.92 2.98 3.05 3.11 3.19 3.25 3.31 3.37 3.49 3.57 3.64 3.75 3.83 3.92 4.02 4.12 4.21 4.29 4.37 4.49 4.66 4.76 4.86 4.97 5.08 5.18 5.31 5.38 5.42 5.45 5.51 5.54 5.60 5.68 5.67 5.68 4.57 2.94 2.36 3.05 3.20 3.15 3.08 2.98 3.06 3.65 4.81 2.53 1.97 1.36 2.15 1.48 0.31 0.00 0.00 0.00 0.00 0.00 0.00 0.00 0.00 0.00 0.00 0.00 0.00
1.55 1.64 1.70 1.77 1.84 1.91 1.97 2.03 2.10 2.20 2.26 2.32 2.38 2.51 2.58 2.65 2.75 2.82 2.87 2.93 2.99 3.05 3.12 3.18 3.27 3.33 3.39 3.52 3.59 3.66 3.77 3.85 3.95 4.05 4.15 4.24 4.33 4.41 4.53 4.69 4.78 4.89 4.98 5.07 5.18 5.30 5.38 5.42 5.43 5.50 5.57 5.59 5.66 5.66 5.66 3.87 2.55 2.38 3.05 3.00 2.93 2.89 3.15 2.77 3.34 4.55 2.54 2.00 1.09 1.92 1.19 0.10 0.00 0.00 0.00 0.00 0.00 0.00 0.00 0.00 0.00 0.00 0.00 0.00
1.53 1.60 1.69 1.76 1.83 1.90 1.96 2.02 2.09 2.19 2.25 2.31 2.37 2.51 2.58 2.65 2.76 2.83 2.89 2.95 3.01 3.07 3.14 3.20 3.29 3.35 3.41 3.54 3.61 3.68 3.75 3.87 3.97 4.08 4.19 4.28 4.36 4.44 4.55 4.63 4.81 4.91 5.01 5.10 5.19 5.29 5.36 5.43 5.45 5.50 5.57 5.62 5.64 5.66 5.55 3.89 1.71 2.48 3.01 2.96 2.75 2.81 2.72 2.47 3.38 2.51 2.21 1.55 1.26 1.65 1.19 0.03 0.00 0.00 0.00 0.00 0.00 0.00 0.00 0.00 0.00 0.00 0.00 0.00
1.52 1.58 1.69 1.76 1.82 1.89 1.96 2.02 2.09 2.16 2.26 2.32 2.38 2.52 2.59 2.66 2.77 2.84 2.90 2.96 3.03 3.09 3.15 3.21 3.30 3.36 3.42 3.55 3.62 3.69 3.77 3.89 4.00 4.11 4.22 4.31 4.39 4.46 4.54 4.65 4.83 4.92 5.02 5.10 5.19 5.29 5.35 5.42 5.46 5.52 5.56 5.60 5.62 5.65 5.01 3.82 1.84 2.89 3.19 3.03 3.12 2.84 2.76 2.52 3.64 2.37 2.08 1.35 0.97 1.34 1.67 0.09 0.00 0.00 0.00 0.00 0.00 0.00 0.00 0.00 0.00 0.00 0.00 0.00
1.51 1.58 1.68 1.75 1.82 1.89 1.96 2.02 2.10 2.17 2.27 2.33 2.39 2.46 2.60 2.67 2.78 2.85 2.92 2.98 3.04 3.10 3.17 3.23 3.32 3.38 3.50 3.57 3.64 3.71 3.78 3.91 4.02 4.14 4.24 4.34 4.42 4.49 4.56 4.68 4.84 4.92 5.01 5.08 5.15 5.26 5.34 5.40 5.45 5.52 5.56 5.59 5.65 5.66 4.65 3.41 2.08 3.04 3.07 3.14 3.08 2.61 2.57 2.60 4.25 3.15 2.12 1.29 0.85 1.30 1.29 0.00 0.00 0.00 0.00 0.00 0.00 0.00 0.00 0.00 0.00 0.00 0.00 0.00
1.51 1.58 1.69 1.76 1.83 1.89 1.96 2.03 2.10 2.17 2.27 2.34 2.40 2.55 2.62 2.69 2.76 2.87 2.93 2.99 3.05 3.12 3.18 3.24 3.33 3.39 3.45 3.58 3.65 3.72 3.80 3.92 4.03 4.16 4.27 4.37 4.46 4.53 4.60 4.77 4.84 4.92 4.99 5.05 5.12 5.19 4.94 5.21 5.47 5.52 5.56 5.60 5.62 5.66 5.06 3.01 2.03 2.84 2.61 3.07 2.68 2.45 2.74 3.69 4.30 2.39 2.33 1.42 0.87 1.11 0.93 0.00 0.00 0.00 0.00 0.00 0.00 0.00 0.00 0.00 0.00 0.00 0.00 0.00
1.52 1.59 1.67 1.78 1.85 1.92 1.97 2.04 2.11 2.18 2.29 2.35 2.42 2.56 2.63 2.71 2.78 2.88 2.95 3.01 3.07 3.13 3.19 3.25 3.31 3.47 3.54 3.61 3.67 3.75 3.82 3.94 4.04 4.16 4.28 4.39 4.48 4.55 4.62 4.72 4.84 4.90 4.96 5.03 5.08 4.86 1.86 3.92 5.33 5.53 5.57 5.60 5.64 5.66 5.66 2.58 2.10 2.72 2.46 2.68 2.42 3.99 4.24 4.27 2.68 1.77 1.96 1.06 0.52 0.56 0.33 0.01 0.00 0.00 0.00 0.00 0.00 0.00 0.00 0.00 0.00 0.00 0.00 0.00
1.52 1.60 1.68 1.79 1.86 1.93 1.99 2.06 2.12 2.19 2.27 2.36 2.43 2.58 2.65 2.72 2.79 2.90 2.96 3.02 3.09 3.14 3.20 3.27 3.33 3.43 3.56 3.62 3.69 3.76 3.83 3.90 4.05 4.16 4.28 4.39 4.50 4.57 4.64 4.79 4.85 4.90 4.94 4.97 4.04 1.35 1.44 3.84 4.90 5.51 5.58 5.60 5.64 5.66 5.65 2.07 2.05 2.50 2.29 2.40 2.51 4.17 4.19 4.21 2.26 1.97 1.76 0.96 0.59 0.43 0.04 0.00 0.00 0.00 0.00 0.00 0.00 0.00 0.00 0.00 0.00 0.00 0.00 0.00
1.53 1.61 1.69 1.80 1.86 1.93 2.00 2.08 2.14 2.21 2.28 2.37 2.53 2.59 2.66 2.74 2.81 2.91 2.98 3.04 3.10 3.16 3.22 3.28 3.34 3.51 3.58 3.64 3.71 3.78 3.85 3.92 4.05 4.17 4.28 4.39 4.51 4.60 4.72 4.81 4.85 4.90 4.93 4.95 2.29 0.86 1.12 3.48 4.11 4.45 4.95 5.63 5.66 5.67 4.91 1.21 1.20 1.75 1.97 2.41 2.42 3.83 4.16 4.19 2.89 1.77 1.54 0.80 0.28 0.08 0.00 0.00 0.00 0.00 0.00 0.00 0.00 0.00 0.00 0.00 0.00 0.00 0.00 0.00
1.53 1.61 1.69 1.80 1.87 1.94 2.01 2.08 2.15 2.21 2.28 2.39 2.46 2.61 2.67 2.74 2.82 2.89 2.99 3.05 3.11 3.17 3.23 3.30 3.36 3.52 3.59 3.66 3.73 3.79 3.86 3.93 4.06 4.17 4.28 4.39 4.50 4.61 4.74 4.82 4.86 4.90 4.93 4.92 0.44 0.72 1.75 3.48 3.51 3.45 3.94 5.65 5.67 5.69 4.07 1.00 0.92 0.98 1.71 2.32 2.29 3.93 4.13 4.16 2.59 1.73 1.54 0.87 0.03 -0.00 -0.00 0.00 0.00 0.00 0.00 0.00 0.00 0.00 0.00 0.00 0.00 0.00 0.00 0.00
1.54 1.62 1.70 1.80 1.87 1.94 2.02 2.08 2.15 2.22 2.29 2.39 2.54 2.61 2.69 2.76 2.83 2.90 3.00 3.06 3.13 3.18 3.25 3.31 3.38 3.54 3.61 3.67 3.74 3.81 3.87 3.94 4.07 4.18 4.28 4.38 4.50 4.60 4.69 4.84 4.88 4.93 4.98 2.50 0.41 1.04 2.31 3.53 3.56 3.50 4.12 5.39 5.69 5.71 3.34 1.11 1.06 1.03 1.87 2.22 2.57 4.09 4.12 3.00 2.06 1.81 1.54 0.72 0.02 -0.00 -0.00 0.00 0.00 0.00 0.00 0.00 0.00 0.00 0.00 0.00 0.00 0.00 0.00 0.00
1.54 1.62 1.70 1.77 1.88 1.95 2.02 2.09 2.16 2.23 2.29 2.40 2.55 2.62 2.69 2.76 2.84 2.91 3.01 3.07 3.14 3.21 3.27 3.34 3.40 3.47 3.64 3.69 3.75 3.82 3.89 3.97 4.09 4.19 4.28 4.39 4.49 4.59 4.75 4.84 4.91 4.96 5.00 2.13 0.80 2.00 3.21 3.48 3.53 3.53 4.27 5.68 5.70 5.72 2.54 1.23 1.13 1.38 2.16 2.24 3.27 4.07 3.35 2.05 1.80 1.61 1.13 0.22 0.00 0.00 0.00 0.00 0.00 0.00 0.00 0.00 0.00 0.00 0.00 0.00 0.00 0.00 0.00 0.00
1.55 1.63 1.71 1.78 1.89 1.96 2.03 2.10 2.17 2.23 2.30 2.38 2.55 2.62 2.70 2.77 2.84 2.92 3.02 3.08 3.15 3.22 3.29 3.35 3.49 3.59 3.66 3.71 3.80 3.87 3.91 3.99 4.06 4.21 4.28 4.40 4.50 4.59 4.66 4.85 4.92 4.97 4.87 1.41 1.40 2.67 3.28 3.57 3.62 3.52 4.29 5.70 5.72 5.73 1.92 1.31 1.19 1.91 2.16 2.23 3.38 4.02 3.25 1.98 1.28 1.37 0.27 0.00 0.00 0.00 0.00 0.00 0.00 0.00 0.00 0.00 0.00 0.00 0.00 0.00 0.00 0.00 0.00 0.00
1.55 1.63 1.71 1.79 1.89 1.97 2.04 2.11 2.17 2.24 2.31 2.39 2.56 2.63 2.70 2.77 2.85 2.92 3.02 3.09 3.16 3.23 3.30 3.36 3.43 3.60 3.68 3.75 3.82 3.89 3.96 4.04 4.08 4.22 4.30 4.41 4.50 4.59 4.72 4.85 4.91 4.97 4.63 1.13 1.83 3.09 3.20 3.56 3.63 3.59 4.48 5.73 5.75 4.51 1.40 1.16 1.17 1.86 1.89 1.90 3.83 3.94 3.32 1.85 1.15 0.80 0.03 0.00 0.00 -0.00 -0.00 0.00 0.00 0.00 0.00 0.00 0.00 0.00 0.00 0.00 0.00 0.00 0.00 0.00
1.56 1.63 1.71 1.79 1.90 1.98 2.05 2.12 2.18 2.25 2.33 2.50 2.56 2.63 2.70 2.78 2.85 2.93 3.00 3.10 3.17 3.24 3.31 3.37 3.51 3.62 3.69 3.77 3.84 3.91 3.98 4.06 4.13 4.22 4.31 4.42 4.51 4.58 4.72 4.82 4.91 4.96 3.81 1.04 2.08 3.22 3.24 3.56 3.65 4.25 5.78 5.78 5.24 1.88 1.49 1.30 1.16 1.49 1.76 2.31 3.90 3.91 3.02 1.75 1.04 0.06 0.00 0.00 0.00 0.00 0.00 0.00 0.00 0.00 0.00 0.00 0.00 0.00 0.00 0.00 0.00 0.00 0.00 0.00
1.56 1.64 1.72 1.79 1.91 1.98 2.05 2.12 2.19 2.26 2.33 2.50 2.57 2.64 2.71 2.78 2.86 2.93 3.00 3.10 3.17 3.24 3.31 3.38 3.45 3.59 3.71 3.78 3.86 3.92 4.00 4.08 4.14 4.23 4.32 4.43 4.52 4.58 4.75 4.84 4.92 4.49 0.94 1.40 3.04 3.30 3.25 3.50 3.69 4.65 5.79 5.81 3.30 1.59 1.46 1.22 1.18 1.51 1.76 2.88 3.88 3.89 2.66 1.14 0.89 0.03 0.00 0.00 0.00 0.00 0.00 0.00 0.00 0.00 0.00 0.00 0.00 0.00 0.00 0.00 0.00 0.00 0.00 0.00
1.57 1.64 1.72 1.79 1.87 1.98 2.05 2.12 2.19 2.26 2.34 2.51 2.57 2.64 2.71 2.79 2.86 2.94 3.01 3.11 3.18 3.25 3.32 3.39 3.46 3.60 3.72 3.80 3.88 3.95 4.02 4.09 4.16 4.23 4.34 4.44 4.52 4.65 4.76 4.85 3.52 1.01 0.99 1.97 3.05 3.31 3.20 3.39 3.72 5.07 5.81 5.31 2.35 1.62 1.50 1.07 1.33 1.69 1.88 3.32 3.86 3.86 2.67 1.61 0.85 0.02 0.00 0.00 0.00 0.00 0.00 0.00 0.00 0.00 0.00 0.00 0.00 0.00 0.00 0.00 0.00 0.00 0.00 0.00
1.57 1.65 1.72 1.79 1.87 1.98 2.06 2.12 2.19 2.27 2.41 2.48 2.58 2.65 2.72 2.79 2.87 2.94 3.01 3.11 3.18 3.25 3.33 3.40 3.54 3.62 3.73 3.81 3.89 3.96 4.02 4.09 4.17 4.24 4.35 4.45 4.53 4.66 4.76 4.84 0.97 1.13 1.11 2.24 3.00 3.33 3.23 3.42 4.39 5.83 5.82 2.74 2.22 1.60 1.51 1.20 1.58 1.79 1.89 3.44 3.83 3.83 2.91 2.02 0.34 0.01 0.00 0.00 0.00 0.00 0.00 0.00 0.00 0.00 0.00 0.00 0.00 0.00 0.00 0.00 0.00 0.00 0.00 0.00
1.58 1.65 1.72 1.80 1.87 1.98 2.06 2.13 2.20 2.27 2.41 2.48 2.58 2.65 2.72 2.80 2.88 2.95 3.02 3.12 3.19 3.26 3.33 3.40 3.55 3.62 3.74 3.82 3.89 3.96 4.03 4.10 4.18 4.25 4.35 4.44 4.52 4.64 4.77 4.84 2.28 1.26 1.08 2.07 3.08 3.41 3.31 3.44 4.62 5.85 3.68 2.61 2.25 1.77 1.51 1.76 1.86 2.06 1.74 3.71 3.78 3.68 2.85 1.90 0.49 0.01 0.00 0.00 0.00 0.00 0.00 0.00 0.00 0.00 0.00 0.00 0.00 0.00 0.00 0.00 0.00 0.00 0.00 0.00
1.58 1.66 1.73 1.80 1.87 1.99 2.06 2.13 2.20 2.27 2.41 2.48 2.59 2.66 2.73 2.80 2.88 2.95 3.02 3.09 3.19 3.26 3.33 3.48 3.55 3.62 3.74 3.82 3.90 3.97 4.04 4.11 4.19 4.26 4.36 4.44 4.52 4.63 4.76 4.81 2.54 1.45 1.05 2.05 3.19 3.44 3.44 3.53 3.97 5.88 2.90 2.60 2.20 1.76 1.54 1.70 2.14 2.19 1.95 2.37 3.62 3.49 2.78 1.75 0.07 0.00 0.00 0.00 0.00 0.00 0.00 0.00 0.00 0.00 0.00 0.00 0.00 0.00 0.00 0.00 0.00 0.00 0.00 0.00
1.59 1.66 1.73 1.80 1.87 1.99 2.06 2.14 2.21 2.28 2.35 2.48 2.59 2.66 2.73 2.81 2.88 2.95 3.02 3.09 3.19 3.26 3.33 3.48 3.55 3.63 3.70 3.82 3.90 3.97 4.04 4.11 4.20 4.27 4.36 4.44 4.56 4.63 4.73 2.27 1.71 1.35 1.59 2.48 3.37 3.54 3.53 3.59 4.00 5.89 2.78 2.57 1.95 1.68 1.49 1.30 2.00 2.26 1.49 2.18 3.56 2.83 2.45 0.14 0.02 0.00 0.00 0.00 0.00 0.00 0.00 0.00 0.00 0.00 0.00 0.00 0.00 0.00 0.00 0.00 0.00 0.00 0.00 0.00
1.60 1.67 1.73 1.80 1.87 1.95 2.07 2.14 2.21 2.28 2.35 2.49 2.60 2.67 2.74 2.81 2.88 2.96 3.03 3.09 3.19 3.26 3.33 3.48 3.55 3.63 3.70 3.83 3.90 3.97 4.05 4.12 4.20 4.28 4.32 4.43 4.49 4.63 3.09 0.89 1.49 1.28 1.75 2.68 3.51 3.63 3.61 3.68 4.14 5.91 2.75 2.53 1.86 1.70 1.44 1.22 2.11 1.95 1.15 2.71 3.49 2.59 0.69 0.02 0.00 0.00 0.00 0.00 0.00 0.00 0.00 0.00 0.00 0.00 0.00 0.00 0.00 0.00 0.00 0.00 0.00 0.00 0.00 0.00
1.61 1.67 1.74 1.80 1.87 1.95 2.07 2.15 2.22 2.29 2.42 2.49 2.56 2.67 2.74 2.81 2.89 2.96 3.03 3.10 3.20 3.27 3.34 3.41 3.55 3.62 3.70 3.83 3.91 3.98 4.05 4.12 4.20 4.27 4.32 4.42 4.48 4.63 4.39 1.84 1.06 1.40 1.86 3.15 3.66 3.78 3.73 3.83 4.53 5.92 2.75 2.57 1.82 1.70 1.45 1.48 1.79 1.32 0.99 2.92 3.39 2.08 0.48 0.00 0.00 0.00 0.00 0.00 0.00 0.00 0.00 0.00 0.00 0.00 0.00 0.00 0.00 0.00 0.00 0.00 0.00 0.00 0.00 0.00
1.61 1.68 1.74 1.81 1.87 1.95 2.07 2.15 2.22 2.29 2.43 2.49 2.57 2.68 2.75 2.82 2.89 2.96 3.03 3.09 3.20 3.27 3.34 3.41 3.55 3.62 3.70 3.83 3.92 3.99 4.05 4.12 4.19 4.27 4.31 4.41 4.46 4.62 4.67 4.43 1.12 1.29 1.99 3.43 3.80 4.23 4.00 3.83 5.02 5.93 2.76 2.68 1.87 1.71 1.52 1.78 1.59 1.52 1.36 2.90 3.23 1.90 0.31 0.00 0.00 0.00 0.00 0.00 0.00 0.00 0.00 0.00 0.00 0.00 0.00 0.00 0.00 0.00 0.00 0.00 0.00 0.00 0.00 0.00
