tsunami_inundation/2790.asc
ncols        89
nrows        96
xllcorner    425855.973699999973
yllcorner    5091051.504999999888
cellsize     55.000000000000
NODATA_value  -9999.00
[rows 0 to 36 of 96, columns 0 to 83 of 89]
-9999.00 0.93 0.98 1.09 1.12 1.19 1.27 1.34 1.40 1.46 1.52 1.58 1.64 1.69 1.79 1.86 1.92 2.03 2.09 2.16 2.22 2.32 2.37 2.42 2.47 2.52 2.58 2.64 2.73 2.78 2.87 2.91 2.96 3.02 3.11 3.25 3.33 3.40 3.48 3.56 3.56 0.08 0.17 0.68 0.62 0.05 0.04 0.02 1.43 3.58 5.45 5.76 5.86 5.93 6.01 6.08 6.23 6.27 6.32 4.39 5.06 5.19 4.81 4.24 2.67 0.77 0.63 1.20 0.07 0.00 0.00 0.00 0.00 0.00 0.00 0.00 0.00 0.00 0.00 0.00 0.00 0.00 0.00 0.00
-9999.00 0.92 0.97 1.07 1.11 1.16 1.24 1.31 1.37 1.44 1.51 1.57 1.63 1.69 1.79 1.85 1.97 2.03 2.09 2.15 2.22 2.32 2.37 2.42 2.47 2.52 2.58 2.63 2.78 2.83 2.88 2.92 2.97 3.04 3.13 3.26 3.34 3.41 3.49 3.57 3.62 0.05 0.02 0.37 0.64 0.50 0.03 1.63 3.87 5.30 5.63 5.65 5.68 5.77 5.88 5.97 6.13 6.22 6.27 4.43 5.06 5.25 5.09 4.26 2.38 0.69 0.46 1.11 0.05 0.00 0.00 0.00 0.00 0.00 0.00 0.00 0.00 0.00 0.00 0.00 0.00 0.00 0.00 0.00
-9999.00 0.92 1.02 1.06 1.11 1.15 1.20 1.30 1.36 1.43 1.50 1.57 1.61 1.67 1.78 1.90 1.96 2.02 2.08 2.14 2.21 2.31 2.37 2.42 2.46 2.52 2.57 2.63 2.69 2.83 2.88 2.93 2.99 3.08 3.17 3.25 3.37 3.44 3.51 3.57 3.63 0.10 0.00 0.13 0.41 0.48 1.83 3.54 5.13 5.63 5.51 5.48 5.52 5.62 5.75 5.97 6.06 6.18 6.03 4.73 4.94 5.34 5.22 4.15 3.22 0.61 0.41 1.19 1.19 0.05 0.00 0.00 0.00 0.00 0.00 0.00 0.00 0.00 0.00 0.00 0.00 0.00 0.00 0.00
-9999.00 0.91 1.01 1.05 1.10 1.15 1.20 1.29 1.36 1.43 1.49 1.55 1.60 1.66 1.76 1.83 1.94 2.00 2.06 2.13 2.19 2.30 2.36 2.41 2.46 2.51 2.57 2.63 2.78 2.84 2.89 2.94 3.01 3.09 3.18 3.27 3.40 3.48 3.54 3.58 3.63 1.04 0.04 0.07 0.16 0.13 2.09 4.46 5.52 5.59 5.42 5.33 5.39 5.51 5.64 5.88 5.98 6.14 6.10 5.16 4.98 5.29 5.11 3.95 2.94 1.70 1.81 1.58 1.29 1.00 0.06 0.00 0.00 0.00 0.00 0.00 0.00 0.00 0.00 0.00 0.00 0.00 0.00 0.00
-9999.00 0.89 1.00 1.04 1.09 1.14 1.19 1.28 1.35 1.42 1.48 1.54 1.60 1.65 1.71 1.85 1.91 1.96 2.02 2.10 2.15 2.27 2.34 2.40 2.45 2.51 2.57 2.63 2.69 2.85 2.90 2.95 3.02 3.10 3.20 3.29 3.43 3.50 3.56 3.60 3.62 2.54 0.06 0.06 0.14 0.08 3.36 4.99 5.58 5.54 5.40 5.29 5.34 5.45 5.69 5.79 5.90 6.02 6.11 5.56 5.04 5.52 4.81 3.67 2.53 1.66 1.89 1.96 1.48 1.55 0.69 0.00 0.00 0.00 0.00 0.00 0.00 0.00 0.00 0.00 0.00 0.00 0.00 0.00
-9999.00 0.88 0.98 1.03 1.08 1.13 1.18 1.27 1.34 1.41 1.47 1.53 1.59 1.64 1.70 1.85 1.90 1.95 2.01 2.07 2.14 2.20 2.32 2.39 2.44 2.51 2.57 2.64 2.80 2.86 2.90 2.95 3.02 3.11 3.21 3.31 3.45 3.53 3.58 3.62 3.64 2.59 0.08 0.08 0.10 0.38 3.73 5.34 5.57 5.53 5.49 5.43 5.43 5.47 5.61 5.68 5.74 5.84 5.90 5.83 5.80 5.75 5.34 4.33 2.19 1.44 2.02 2.21 1.78 1.92 1.39 0.01 0.00 0.00 0.00 0.00 0.00 0.00 0.00 0.00 0.00 0.00 0.00 0.00
-9999.00 0.91 0.97 1.02 1.07 1.12 1.17 1.23 1.33 1.40 1.46 1.52 1.58 1.64 1.70 1.84 1.90 1.95 2.01 2.06 2.13 2.20 2.30 2.37 2.44 2.50 2.57 2.64 2.77 2.86 2.90 2.95 3.02 3.12 3.23 3.34 3.48 3.55 3.61 3.65 3.69 0.01 0.11 0.10 0.30 1.28 3.06 4.86 5.53 5.52 5.52 5.50 5.49 5.51 5.56 5.61 5.64 5.66 5.63 5.56 5.57 5.63 5.37 4.89 3.38 1.61 2.17 2.37 1.89 2.16 1.76 0.22 0.00 0.00 0.00 0.00 0.00 0.00 0.00 0.00 0.00 0.00 0.00 0.00
-9999.00 0.91 0.96 1.01 1.07 1.12 1.17 1.23 1.33 1.39 1.45 1.51 1.57 1.64 1.70 1.84 1.90 1.95 2.01 2.06 2.13 2.19 2.30 2.36 2.43 2.50 2.56 2.63 2.77 2.86 2.92 2.98 3.06 3.17 3.25 3.36 3.45 3.59 3.66 3.73 3.79 3.84 0.10 0.20 0.79 1.81 3.23 4.76 5.49 5.51 5.52 5.53 5.52 5.53 5.59 5.58 5.57 5.58 4.14 4.46 5.47 5.45 5.41 5.34 5.22 3.99 2.29 2.53 2.04 2.30 1.99 0.96 0.00 0.00 0.00 0.00 0.00 0.00 0.00 0.00 0.00 0.00 0.00 0.00
-9999.00 0.90 0.95 1.01 1.06 1.12 1.17 1.23 1.33 1.39 1.45 1.51 1.57 1.63 1.70 1.85 1.90 1.96 2.01 2.07 2.13 2.20 2.30 2.36 2.42 2.48 2.54 2.69 2.76 2.87 2.94 3.01 3.08 3.18 3.28 3.38 3.50 3.65 3.75 3.84 3.86 1.88 0.39 0.53 1.34 2.36 3.71 4.95 5.45 5.48 5.51 5.52 5.53 5.55 5.58 5.58 5.56 5.53 3.19 3.01 4.03 5.44 5.42 5.37 5.27 5.25 2.67 2.32 2.01 2.41 2.28 1.65 0.59 0.00 0.00 0.00 0.00 0.00 0.00 0.00 0.00 0.00 0.00 0.00
-9999.00 0.85 0.95 1.00 1.06 1.12 1.17 1.23 1.33 1.39 1.45 1.51 1.58 1.64 1.70 1.86 1.91 1.97 2.02 2.08 2.14 2.20 2.26 2.35 2.41 2.47 2.54 2.61 2.76 2.88 2.95 3.02 3.09 3.18 3.29 3.41 3.52 3.69 3.80 3.91 4.01 2.99 1.15 1.18 2.04 3.10 4.58 5.37 5.41 5.46 5.47 5.50 5.53 5.55 5.60 5.60 5.60 4.18 2.69 3.06 3.45 3.96 3.64 3.68 5.12 5.26 2.85 2.27 2.20 2.52 2.18 1.57 0.57 0.00 0.00 0.00 0.00 0.00 0.00 0.00 0.00 0.00 0.00 0.00
-9999.00 0.83 0.94 1.00 1.06 1.12 1.17 1.24 1.34 1.40 1.46 1.53 1.59 1.66 1.72 1.88 1.93 1.98 2.03 2.07 2.13 2.19 2.25 2.35 2.41 2.47 2.54 2.61 2.76 2.84 2.95 3.02 3.09 3.19 3.30 3.42 3.54 3.72 3.85 3.97 4.08 4.41 4.52 3.70 2.88 4.35 5.24 5.34 5.38 5.41 5.44 5.46 5.49 5.53 5.59 5.62 4.71 2.97 2.89 3.38 3.43 3.46 3.30 3.21 4.67 5.17 3.55 2.43 2.29 2.58 2.34 1.56 0.70 0.00 0.00 0.00 0.00 0.00 0.00 0.00 0.00 0.00 0.00 0.00
-9999.00 0.82 0.94 1.00 1.07 1.13 1.19 1.25 1.31 1.41 1.47 1.53 1.60 1.67 1.79 1.88 1.94 1.98 2.03 2.07 2.13 2.19 2.25 2.35 2.41 2.48 2.54 2.69 2.76 2.84 2.94 3.01 3.08 3.19 3.31 3.44 3.57 3.69 3.89 4.02 4.14 4.47 4.62 4.78 4.99 5.09 5.18 5.25 5.31 5.36 5.41 5.46 5.45 5.52 5.56 5.59 4.17 2.58 2.49 3.37 3.43 3.57 3.39 3.31 4.32 5.06 3.65 2.72 2.52 2.61 2.23 1.45 0.75 0.00 0.00 0.00 0.00 0.00 0.00 0.00 0.00 0.00 0.00 0.00
0.83 0.90 0.95 1.01 1.07 1.14 1.19 1.25 1.32 1.42 1.48 1.54 1.60 1.73 1.80 1.89 1.94 1.99 2.03 2.07 2.13 2.19 2.25 2.35 2.42 2.49 2.56 2.69 2.76 2.83 2.92 2.99 3.08 3.19 3.32 3.47 3.60 3.73 3.94 4.07 4.33 4.49 4.64 4.77 4.95 5.06 5.15 5.21 5.26 5.31 5.36 5.44 5.46 5.50 5.50 5.47 3.15 2.41 2.55 3.24 3.29 3.28 3.17 3.12 3.89 4.94 2.71 2.55 2.26 2.55 2.25 1.30 0.39 0.00 0.00 0.00 0.00 0.00 0.00 0.00 0.00 0.00 0.00 0.00
0.82 0.90 0.95 1.01 1.08 1.14 1.20 1.25 1.32 1.41 1.47 1.53 1.60 1.67 1.80 1.86 1.95 1.99 2.04 2.08 2.14 2.20 2.27 2.37 2.43 2.50 2.57 2.70 2.76 2.82 2.91 2.98 3.09 3.22 3.35 3.49 3.62 3.76 3.97 4.23 4.37 4.50 4.64 4.76 4.88 5.03 5.12 5.17 5.22 5.28 5.33 5.39 5.46 5.47 5.48 4.39 2.79 2.27 3.02 3.19 3.14 3.09 2.99 3.08 3.66 4.82 2.56 2.01 1.64 2.62 2.05 1.19 0.20 0.00 0.00 0.00 0.00 0.00 0.00 0.00 0.00 0.00 0.00 0.00
0.81 0.89 0.94 1.01 1.07 1.13 1.19 1.25 1.31 1.41 1.47 1.53 1.59 1.73 1.80 1.86 1.95 2.00 2.05 2.10 2.16 2.22 2.29 2.35 2.45 2.51 2.57 2.70 2.77 2.83 2.92 2.99 3.10 3.24 3.38 3.51 3.65 3.78 3.99 4.25 4.38 4.51 4.62 4.73 4.86 5.01 5.09 5.15 5.19 5.26 5.32 5.36 5.45 5.45 5.46 3.68 2.38 2.31 3.01 2.97 2.91 2.88 3.14 2.76 3.34 4.56 2.55 2.02 1.48 2.44 1.72 0.84 0.06 0.00 0.00 0.00 0.00 0.00 0.00 0.00 0.00 0.00 0.00 0.00
0.79 0.85 0.93 1.00 1.06 1.13 1.19 1.25 1.31 1.41 1.47 1.53 1.59 1.73 1.80 1.87 1.96 2.02 2.07 2.12 2.18 2.24 2.30 2.36 2.45 2.51 2.58 2.71 2.78 2.84 2.91 3.01 3.12 3.25 3.40 3.53 3.67 3.81 4.02 4.14 4.39 4.51 4.63 4.74 4.85 4.98 5.06 5.14 5.19 5.24 5.30 5.35 5.38 5.41 5.30 3.65 1.49 2.36 2.91 2.91 2.73 2.80 2.72 2.48 3.39 2.53 2.24 1.63 2.16 2.27 1.78 0.68 0.02 0.00 0.00 0.00 0.00 0.00 0.00 0.00 0.00 0.00 0.00 0.00
0.78 0.83 0.92 0.99 1.05 1.12 1.18 1.25 1.31 1.38 1.48 1.54 1.60 1.74 1.81 1.88 1.97 2.03 2.08 2.13 2.19 2.24 2.30 2.36 2.45 2.51 2.58 2.72 2.79 2.86 2.93 3.03 3.14 3.27 3.41 3.55 3.69 3.83 3.97 4.16 4.39 4.50 4.61 4.72 4.82 4.95 5.04 5.11 5.17 5.23 5.27 5.31 5.34 5.38 4.73 3.55 1.61 2.73 3.07 2.96 3.09 2.84 2.77 2.54 3.66 2.40 2.13 1.37 2.02 2.07 2.19 0.76 0.06 0.00 0.00 0.00 0.00 0.00 0.00 0.00 0.00 0.00 0.00 0.00
0.76 0.82 0.92 0.99 1.06 1.12 1.19 1.26 1.32 1.39 1.49 1.55 1.61 1.68 1.82 1.88 1.97 2.03 2.08 2.13 2.19 2.25 2.31 2.36 2.45 2.52 2.65 2.73 2.80 2.88 2.95 3.05 3.15 3.28 3.42 3.56 3.70 3.84 3.98 4.17 4.37 4.48 4.58 4.67 4.77 4.91 5.01 5.08 5.15 5.21 5.26 5.30 5.35 5.36 4.36 3.12 1.85 2.85 2.93 3.05 3.05 2.62 2.58 2.62 4.26 3.16 2.17 1.35 1.92 1.98 1.87 0.34 0.01 0.00 0.00 0.00 0.00 0.00 0.00 0.00 0.00 0.00 0.00 0.00
0.75 0.82 0.93 0.99 1.06 1.13 1.19 1.26 1.33 1.40 1.49 1.55 1.61 1.75 1.81 1.88 1.94 2.02 2.08 2.13 2.19 2.25 2.31 2.37 2.46 2.53 2.59 2.74 2.82 2.90 2.97 3.07 3.17 3.30 3.44 3.58 3.72 3.87 4.00 4.26 4.36 4.45 4.54 4.64 4.72 4.81 4.59 4.89 5.16 5.21 5.26 5.29 5.31 5.36 4.77 2.72 1.78 2.62 2.45 2.97 2.67 2.48 2.77 3.69 4.32 2.41 2.40 1.52 1.79 1.81 1.59 0.11 0.00 0.00 0.00 0.00 0.00 0.00 0.00 0.00 0.00 0.00 0.00 0.00
0.74 0.81 0.89 0.99 1.06 1.13 1.20 1.26 1.33 1.40 1.49 1.55 1.61 1.74 1.81 1.87 1.93 2.02 2.08 2.14 2.19 2.25 2.31 2.38 2.44 2.61 2.69 2.76 2.84 2.92 2.99 3.09 3.19 3.32 3.46 3.59 3.73 3.87 4.00 4.16 4.34 4.43 4.51 4.58 4.66 4.48 1.49 3.61 5.03 5.23 5.26 5.28 5.33 5.35 5.36 2.29 1.85 2.50 2.28 2.58 2.44 4.05 4.27 4.28 2.70 1.80 2.05 1.12 1.16 1.31 1.05 0.40 0.00 0.00 0.00 0.00 0.00 0.00 0.00 0.00 0.00 0.00 0.00 0.00
0.73 0.80 0.87 0.98 1.05 1.12 1.20 1.26 1.33 1.39 1.44 1.54 1.60 1.74 1.80 1.86 1.93 2.02 2.08 2.14 2.20 2.27 2.33 2.40 2.46 2.56 2.70 2.78 2.86 2.94 3.01 3.07 3.21 3.34 3.49 3.60 3.74 3.88 4.00 4.25 4.32 4.40 4.46 4.52 3.64 0.96 1.19 3.55 4.60 5.19 5.26 5.28 5.33 5.35 5.34 1.78 1.81 2.29 2.12 2.29 2.49 4.21 4.22 4.22 2.29 2.09 1.86 1.09 0.95 1.06 0.94 0.36 0.00 0.00 0.00 0.00 0.00 0.00 0.00 0.00 0.00 0.00 0.00 0.00
0.71 0.78 0.86 0.97 1.04 1.11 1.18 1.25 1.31 1.38 1.44 1.53 1.67 1.73 1.80 1.86 1.93 2.03 2.09 2.15 2.21 2.28 2.35 2.41 2.48 2.65 2.72 2.79 2.87 2.96 3.03 3.09 3.23 3.37 3.51 3.62 3.76 3.89 4.10 4.24 4.30 4.36 4.41 4.46 1.80 0.63 0.91 3.22 3.83 4.14 4.64 5.31 5.34 5.36 4.59 0.92 0.97 1.55 1.82 2.31 2.38 3.85 4.17 4.19 2.89 1.91 1.68 0.91 0.68 0.78 0.68 0.08 0.00 0.00 0.00 0.00 0.00 0.00 0.00 0.00 0.00 0.00 0.00 0.00
0.69 0.77 0.84 0.95 1.02 1.10 1.17 1.25 1.31 1.37 1.44 1.53 1.60 1.74 1.80 1.87 1.95 2.01 2.10 2.16 2.23 2.29 2.36 2.43 2.50 2.67 2.74 2.81 2.89 2.97 3.04 3.11 3.25 3.39 3.52 3.64 3.78 3.90 4.09 4.21 4.27 4.32 4.38 4.37 0.02 0.50 1.55 3.26 3.26 3.18 3.65 5.34 5.36 5.38 3.76 0.72 0.71 0.78 1.60 2.24 2.25 3.92 4.13 4.15 2.58 1.92 1.73 1.10 0.62 0.55 0.22 0.00 0.00 0.00 0.00 0.00 0.00 0.00 0.00 0.00 0.00 0.00 0.00 0.00
0.68 0.76 0.84 0.95 1.02 1.10 1.17 1.24 1.31 1.37 1.44 1.54 1.68 1.75 1.82 1.89 1.96 2.03 2.12 2.17 2.25 2.31 2.38 2.45 2.51 2.68 2.75 2.82 2.90 2.98 3.05 3.13 3.28 3.41 3.53 3.66 3.79 3.90 4.00 4.17 4.24 4.31 4.35 1.84 0.17 0.83 2.10 3.31 3.33 3.25 3.84 5.09 5.38 5.40 3.03 0.85 0.85 0.86 1.77 2.14 2.55 4.07 4.11 2.98 2.05 2.06 1.77 1.05 0.54 0.33 0.01 0.00 0.00 0.00 0.00 0.00 0.00 0.00 0.00 0.00 0.00 0.00 0.00 0.00
0.68 0.76 0.84 0.92 1.03 1.10 1.18 1.25 1.31 1.38 1.44 1.55 1.69 1.76 1.83 1.90 1.97 2.04 2.14 2.20 2.26 2.33 2.40 2.47 2.53 2.61 2.79 2.84 2.91 2.99 3.06 3.15 3.30 3.44 3.54 3.68 3.81 3.91 4.06 4.16 4.26 4.31 4.37 1.43 0.64 1.80 3.00 3.26 3.29 3.27 3.99 5.38 5.39 5.41 2.23 0.96 0.91 1.23 2.06 2.18 3.25 4.04 3.33 2.04 1.81 1.90 1.47 0.93 0.06 0.01 0.00 -0.00 0.00 0.00 0.00 0.00 0.00 0.00 0.00 0.00 0.00 0.00 0.00 0.00
0.69 0.77 0.85 0.92 1.03 1.11 1.18 1.25 1.32 1.38 1.45 1.52 1.70 1.77 1.84 1.91 1.99 2.05 2.15 2.21 2.28 2.35 2.41 2.48 2.62 2.73 2.81 2.87 2.96 3.02 3.08 3.16 3.24 3.44 3.53 3.69 3.82 3.92 3.99 4.19 4.28 4.33 4.24 0.81 1.26 2.49 3.07 3.33 3.36 3.25 3.99 5.39 5.41 5.41 1.61 1.06 0.96 1.77 2.07 2.21 3.38 4.00 3.25 1.99 1.51 1.78 1.06 0.21 0.01 0.00 0.00 -0.00 0.00 0.00 0.00 0.00 0.00 0.00 0.00 0.00 0.00 0.00 0.00 0.00
0.70 0.77 0.85 0.93 1.04 1.12 1.19 1.26 1.32 1.39 1.46 1.53 1.71 1.78 1.85 1.93 2.00 2.07 2.16 2.22 2.29 2.36 2.42 2.49 2.56 2.75 2.83 2.90 2.97 3.04 3.11 3.19 3.24 3.40 3.50 3.69 3.83 3.92 4.05 4.21 4.29 4.36 4.03 0.74 1.68 2.91 2.99 3.30 3.34 3.28 4.16 5.41 5.42 4.17 1.09 0.93 0.96 1.74 1.85 1.93 3.85 3.95 3.34 1.90 1.42 1.41 0.89 0.04 0.00 0.00 0.00 0.00 0.00 0.00 0.00 0.00 0.00 0.00 0.00 0.00 0.00 0.00 0.00 0.00
0.71 0.78 0.86 0.94 1.05 1.12 1.20 1.26 1.32 1.39 1.47 1.65 1.72 1.79 1.86 1.93 2.01 2.08 2.14 2.23 2.30 2.37 2.43 2.50 2.64 2.76 2.84 2.92 2.99 3.05 3.12 3.20 3.28 3.36 3.50 3.68 3.81 3.90 4.06 4.19 4.31 4.37 3.19 0.82 1.93 3.05 3.03 3.29 3.35 3.93 5.45 5.44 4.90 1.54 1.22 1.08 0.97 1.41 1.76 2.36 3.92 3.93 3.05 1.82 1.33 0.79 0.07 0.00 0.00 0.00 0.00 0.00 0.00 0.00 0.00 0.00 0.00 0.00 0.00 0.00 0.00 0.00 0.00 0.00
0.72 0.79 0.87 0.94 1.05 1.13 1.20 1.26 1.32 1.39 1.47 1.65 1.72 1.79 1.87 1.94 2.02 2.09 2.15 2.24 2.31 2.38 2.44 2.51 2.58 2.73 2.85 2.93 3.00 3.06 3.13 3.22 3.28 3.37 3.50 3.68 3.79 3.87 4.07 4.18 4.31 3.90 0.76 1.25 2.86 3.12 3.04 3.26 3.40 4.34 5.47 5.47 2.94 1.27 1.21 1.02 1.01 1.43 1.80 2.92 3.92 3.92 2.73 1.33 1.44 0.74 0.03 0.00 0.00 0.00 0.00 -0.00 0.00 0.00 0.00 0.00 0.00 0.00 0.00 0.00 0.00 0.00 0.00 0.00
0.73 0.80 0.87 0.95 1.02 1.13 1.20 1.26 1.32 1.40 1.47 1.66 1.73 1.80 1.87 1.95 2.02 2.09 2.16 2.25 2.32 2.39 2.46 2.52 2.59 2.74 2.86 2.94 3.02 3.08 3.14 3.22 3.29 3.40 3.54 3.69 3.79 3.92 4.07 4.18 2.84 0.62 0.82 1.79 2.86 3.12 2.98 3.15 3.45 4.77 5.50 4.98 2.03 1.32 1.25 0.88 1.15 1.61 1.94 3.38 3.91 3.91 2.76 1.73 1.61 0.71 0.02 0.00 0.00 0.00 0.00 0.00 0.00 0.00 0.00 0.00 0.00 0.00 0.00 0.00 0.00 0.00 0.00 0.00
0.74 0.81 0.88 0.95 1.02 1.13 1.20 1.26 1.33 1.40 1.55 1.63 1.74 1.81 1.88 1.96 2.03 2.10 2.17 2.26 2.33 2.39 2.47 2.54 2.68 2.75 2.87 2.95 3.02 3.09 3.15 3.22 3.32 3.42 3.55 3.69 3.78 3.92 4.07 4.15 0.42 0.87 0.93 2.05 2.80 3.12 3.00 3.18 4.12 5.55 5.52 2.43 1.91 1.32 1.26 1.00 1.40 1.69 1.97 3.53 3.91 3.91 3.02 2.15 0.97 0.15 0.01 0.00 0.00 0.00 0.00 0.00 0.00 0.00 0.00 0.00 0.00 0.00 0.00 0.00 0.00 0.00 0.00 0.00
0.75 0.82 0.89 0.96 1.03 1.13 1.20 1.27 1.33 1.41 1.56 1.64 1.75 1.82 1.89 1.97 2.04 2.11 2.18 2.27 2.34 2.40 2.47 2.54 2.69 2.76 2.88 2.96 3.03 3.10 3.16 3.23 3.34 3.43 3.57 3.69 3.78 3.90 4.07 4.14 1.57 0.97 0.89 1.87 2.87 3.19 3.08 3.20 4.35 5.57 3.39 2.32 1.95 1.50 1.26 1.55 1.68 1.94 1.84 3.82 3.89 3.80 2.98 2.06 1.12 0.18 0.00 0.00 0.00 0.00 0.00 0.00 0.00 0.00 0.00 0.00 0.00 0.00 0.00 0.00 0.00 0.00 0.00 0.00
0.77 0.84 0.90 0.97 1.03 1.14 1.21 1.28 1.35 1.42 1.57 1.65 1.76 1.83 1.90 1.98 2.05 2.12 2.18 2.25 2.34 2.41 2.48 2.63 2.70 2.77 2.88 2.96 3.03 3.10 3.16 3.24 3.36 3.45 3.57 3.68 3.77 3.90 4.05 4.11 1.86 1.13 0.86 1.86 2.98 3.22 3.21 3.28 3.71 5.61 2.61 2.31 1.90 1.50 1.31 1.50 1.96 2.05 2.02 2.57 3.78 3.63 2.94 1.94 0.87 0.06 0.00 0.00 0.00 0.00 0.00 0.00 0.00 0.00 0.00 0.00 0.00 0.00 0.00 0.00 0.00 0.00 0.00 0.00
0.79 0.85 0.91 0.98 1.05 1.15 1.22 1.29 1.36 1.44 1.50 1.65 1.77 1.84 1.91 1.98 2.06 2.12 2.19 2.25 2.35 2.42 2.49 2.63 2.71 2.78 2.85 2.96 3.03 3.10 3.17 3.25 3.36 3.47 3.57 3.68 3.81 3.91 4.00 1.53 1.33 1.08 1.40 2.28 3.17 3.32 3.29 3.34 3.74 5.62 2.49 2.28 1.66 1.43 1.27 1.10 1.82 2.11 1.39 2.40 3.73 3.00 2.63 0.99 0.63 0.00 0.00 0.00 0.00 0.00 0.00 0.00 0.00 0.00 0.00 0.00 0.00 0.00 0.00 0.00 0.00 0.00 0.00 0.00
0.81 0.87 0.93 0.99 1.06 1.12 1.23 1.31 1.38 1.45 1.52 1.66 1.78 1.85 1.92 1.99 2.06 2.13 2.20 2.26 2.36 2.43 2.50 2.64 2.71 2.78 2.85 2.97 3.04 3.09 3.18 3.26 3.36 3.47 3.52 3.67 3.74 3.93 2.38 0.41 1.20 1.10 1.57 2.49 3.30 3.41 3.38 3.43 3.88 5.64 2.46 2.25 1.58 1.45 1.23 1.02 1.94 1.81 1.07 2.94 3.68 2.80 1.22 0.53 0.00 0.00 0.00 0.00 0.00 0.00 0.00 0.00 0.00 0.00 0.00 0.00 0.00 0.00 0.00 0.00 0.00 0.00 0.00 0.00
0.83 0.89 0.95 1.00 1.06 1.13 1.24 1.32 1.39 1.46 1.60 1.67 1.74 1.86 1.93 2.00 2.07 2.13 2.20 2.27 2.37 2.44 2.51 2.58 2.72 2.79 2.86 2.97 3.04 3.11 3.17 3.27 3.37 3.47 3.52 3.67 3.74 3.93 3.71 1.17 0.80 1.24 1.68 2.95 3.46 3.57 3.50 3.60 4.28 5.66 2.47 2.30 1.56 1.46 1.24 1.28 1.62 1.21 1.06 3.17 3.62 2.34 1.14 0.07 0.00 0.00 0.00 0.00 0.00 0.00 0.00 0.00 0.00 0.00 0.00 0.00 0.00 0.00 0.00 0.00 0.00 0.00 0.00 0.00
0.84 0.90 0.96 1.01 1.07 1.14 1.25 1.33 1.40 1.47 1.60 1.68 1.75 1.86 1.93 2.00 2.07 2.14 2.21 2.28 2.38 2.45 2.52 2.59 2.72 2.79 2.85 2.96 3.05 3.11 3.17 3.27 3.36 3.48 3.53 3.67 3.74 3.94 4.01 3.79 0.67 1.14 1.82 3.25 3.60 4.03 3.78 3.61 4.78 5.68 2.50 2.41 1.62 1.48 1.32 1.58 1.43 1.42 1.51 3.20 3.50 2.22 1.02 0.02 0.00 0.00 0.00 0.00 0.00 0.00 0.00 0.00 0.00 0.00 0.00 0.00 0.00 0.00 0.00 0.00 0.00 0.00 0.00 0.00
