tsunami_inundation/2790.asc
ncols        89
nrows        96
xllcorner    425855.973699999973
yllcorner    5091051.504999999888
cellsize     55.000000000000
NODATA_value  -9999.00
[rows 37 to 73 of 96, columns 0 to 83 of 89]
0.86 0.92 0.96 1.02 1.08 1.15 1.26 1.34 1.41 1.55 1.61 1.68 1.75 1.87 1.94 2.01 2.07 2.14 2.21 2.28 2.35 2.45 2.59 2.66 2.73 2.79 2.85 2.95 3.04 3.11 3.19 3.29 3.36 3.47 3.53 3.67 3.73 3.93 4.01 4.06 0.55 1.20 1.97 3.26 3.63 4.23 4.13 3.75 5.57 5.70 2.53 2.42 1.56 1.38 1.41 1.45 1.13 1.52 1.34 3.32 3.41 2.72 2.26 0.08 0.00 0.00 0.00 0.00 0.00 0.00 0.00 0.00 0.00 0.00 0.00 0.00 0.00 0.00 0.00 0.00 0.00 0.00 0.00 0.00
0.87 0.93 0.97 1.04 1.10 1.16 1.24 1.35 1.42 1.56 1.63 1.69 1.76 1.87 1.94 2.01 2.08 2.15 2.22 2.29 2.35 2.46 2.59 2.66 2.72 2.79 2.84 2.90 3.03 3.12 3.21 3.29 3.37 3.46 3.54 3.71 3.83 3.94 4.01 3.02 0.28 1.26 2.07 3.30 3.70 4.05 3.73 4.13 5.72 2.81 2.54 2.31 1.51 1.37 1.39 1.16 1.18 1.53 1.40 3.34 3.36 2.92 2.47 0.08 0.00 0.00 0.00 0.00 0.00 0.00 0.00 0.00 0.00 0.00 0.00 0.00 0.00 0.00 0.00 0.00 0.00 0.00 0.00 0.00
0.88 0.94 0.99 1.05 1.11 1.17 1.25 1.36 1.43 1.58 1.64 1.70 1.77 1.87 1.95 2.01 2.08 2.15 2.22 2.29 2.36 2.46 2.59 2.66 2.72 2.78 2.84 2.89 3.02 3.12 3.22 3.30 3.38 3.45 3.54 3.62 3.83 3.96 3.99 2.01 0.50 1.37 2.46 3.34 3.59 3.90 3.76 5.13 5.71 2.78 2.55 2.29 1.52 1.41 1.38 1.07 1.28 1.32 1.61 3.29 3.30 2.84 0.95 0.03 0.00 0.00 0.00 0.00 0.00 0.00 0.00 0.00 0.00 0.00 0.00 0.00 0.00 0.00 0.00 0.00 0.00 0.00 0.00 0.00
0.89 0.95 1.00 1.06 1.12 1.18 1.25 1.37 1.44 1.51 1.65 1.72 1.78 1.84 1.96 2.02 2.09 2.15 2.22 2.29 2.36 2.45 2.58 2.65 2.71 2.77 2.83 2.88 3.01 3.12 3.22 3.31 3.38 3.44 3.53 3.69 3.84 3.96 3.99 0.87 0.68 1.34 2.85 3.42 3.65 3.91 3.95 5.75 5.74 2.75 2.58 2.34 1.53 1.41 1.28 0.90 1.57 1.54 2.59 3.25 3.16 2.50 1.27 0.25 0.00 0.00 0.00 0.00 0.00 0.00 0.00 0.00 0.00 0.00 0.00 0.00 0.00 0.00 0.00 0.00 0.00 0.00 0.00 0.00
0.90 0.96 1.02 1.07 1.13 1.19 1.26 1.37 1.44 1.51 1.66 1.72 1.79 1.86 1.96 2.03 2.10 2.16 2.23 2.29 2.36 2.45 2.51 2.64 2.69 2.76 2.82 2.88 3.01 3.11 3.22 3.32 3.38 3.44 3.53 3.61 3.83 3.94 3.99 0.70 0.72 1.19 2.58 3.50 3.74 3.75 4.53 5.75 5.75 2.60 2.50 2.24 1.50 1.36 1.05 1.04 2.01 2.91 3.15 2.84 2.81 2.50 1.58 0.39 0.00 0.00 0.00 0.00 0.00 0.00 0.00 0.00 0.00 0.00 0.00 0.00 0.00 0.00 0.00 0.00 0.00 0.00 0.00 0.00
0.91 0.97 1.03 1.09 1.15 1.20 1.27 1.37 1.51 1.59 1.66 1.73 1.80 1.86 1.97 2.04 2.10 2.16 2.23 2.29 2.36 2.41 2.56 2.62 2.68 2.75 2.81 2.88 3.01 3.11 3.22 3.31 3.38 3.44 3.53 3.67 3.82 3.91 3.75 0.36 1.15 1.56 2.75 3.47 3.82 3.78 5.34 5.76 5.75 2.82 2.49 2.10 1.43 1.33 0.95 1.65 3.15 3.52 2.26 1.08 1.86 2.50 1.21 0.21 0.00 0.00 0.00 0.00 0.00 0.00 0.00 0.00 0.00 0.00 0.00 0.00 0.00 0.00 0.00 0.00 0.00 0.00 0.00 0.00
0.92 0.98 1.05 1.11 1.16 1.22 1.29 1.35 1.44 1.58 1.65 1.72 1.79 1.86 1.97 2.04 2.10 2.16 2.22 2.29 2.35 2.49 2.54 2.60 2.65 2.72 2.80 2.87 2.96 3.10 3.21 3.28 3.37 3.43 3.52 3.57 3.80 3.88 3.58 0.56 1.46 1.81 3.05 3.48 3.77 3.76 5.76 5.76 4.93 2.81 2.43 2.38 2.12 1.44 1.29 1.89 2.43 2.94 2.21 1.60 1.81 2.37 0.98 0.01 0.00 0.00 0.00 0.00 0.00 0.00 0.00 0.00 0.00 0.00 0.00 0.00 0.00 0.00 0.00 0.00 0.00 0.00 0.00 0.00
0.93 1.00 1.06 1.12 1.18 1.23 1.30 1.36 1.45 1.58 1.65 1.72 1.79 1.86 1.93 2.04 2.10 2.16 2.22 2.28 2.34 2.40 2.54 2.59 2.64 2.70 2.77 2.84 2.94 3.10 3.21 3.26 3.35 3.42 3.55 3.65 3.79 3.86 0.66 0.64 1.24 2.18 3.80 3.67 3.70 3.66 5.77 5.76 3.76 2.73 2.42 2.36 2.24 1.43 1.66 2.11 1.90 1.77 1.44 1.17 0.76 2.44 1.06 0.02 0.00 0.00 0.00 0.00 0.00 0.00 0.00 0.00 0.00 0.00 0.00 0.00 0.00 0.00 0.00 0.00 0.00 0.00 0.00 0.00
0.93 1.00 1.07 1.13 1.19 1.24 1.31 1.37 1.52 1.58 1.65 1.72 1.79 1.87 1.94 2.04 2.10 2.16 2.22 2.28 2.34 2.48 2.53 2.58 2.62 2.68 2.75 2.82 2.91 3.06 3.16 3.23 3.30 3.41 3.48 3.60 3.78 3.86 0.10 0.75 1.44 3.20 3.88 3.60 3.65 3.64 5.77 3.16 2.80 2.66 2.44 2.37 2.03 1.42 1.99 2.18 2.01 1.79 1.30 0.96 1.03 2.43 0.66 0.00 0.00 0.00 0.00 0.00 0.00 0.00 0.00 0.00 0.00 0.00 0.00 0.00 0.00 0.00 0.00 0.00 0.00 0.00 0.00 0.00
0.90 1.00 1.07 1.14 1.19 1.25 1.32 1.38 1.52 1.59 1.66 1.73 1.80 1.87 1.94 2.04 2.10 2.16 2.21 2.27 2.33 2.44 2.50 2.55 2.59 2.64 2.71 2.78 2.88 3.05 3.13 3.21 3.28 3.38 3.44 3.58 3.77 2.80 0.16 1.13 2.42 3.36 3.68 3.77 3.62 3.59 5.76 2.96 2.74 2.56 2.39 2.38 1.83 1.60 2.18 2.33 2.14 1.78 1.11 0.89 2.33 1.64 0.10 0.00 0.00 0.00 0.00 0.00 0.00 0.00 0.00 0.00 0.00 0.00 0.00 0.00 0.00 0.00 0.00 0.00 0.00 0.00 0.00 0.00
0.90 1.01 1.08 1.14 1.20 1.26 1.33 1.39 1.53 1.59 1.66 1.73 1.81 1.88 1.94 2.04 2.10 2.16 2.21 2.26 2.32 2.42 2.49 2.53 2.57 2.62 2.68 2.75 2.85 2.97 3.11 3.18 3.27 3.36 3.42 3.59 3.71 1.67 0.42 1.12 2.44 3.50 3.55 3.65 4.33 4.32 5.75 4.83 2.58 2.51 2.38 2.27 1.68 1.71 2.18 2.39 2.14 1.70 0.92 2.06 0.80 0.00 0.00 0.00 0.00 0.00 0.00 0.00 0.00 0.00 0.00 0.00 0.00 0.00 0.00 0.00 0.00 0.00 0.00 0.00 0.00 0.00 0.00 0.00
0.90 1.01 1.07 1.14 1.20 1.27 1.33 1.40 1.54 1.60 1.67 1.74 1.81 1.88 1.95 2.04 2.10 2.16 2.21 2.26 2.31 2.36 2.47 2.52 2.55 2.60 2.66 2.73 2.83 2.94 3.07 3.15 3.26 3.33 3.39 3.59 3.69 1.32 0.45 1.14 2.52 3.49 3.34 3.57 3.90 3.72 5.71 2.64 2.49 2.48 2.33 1.91 1.51 1.59 2.09 2.22 2.00 1.80 1.43 2.11 0.53 0.00 0.00 0.00 0.00 0.00 0.00 0.00 0.00 0.00 0.00 0.00 0.00 0.00 0.00 0.00 0.00 0.00 0.00 0.00 0.00 0.00 0.00 0.00
0.90 1.00 1.07 1.14 1.21 1.27 1.34 1.40 1.54 1.60 1.67 1.74 1.82 1.88 1.95 2.01 2.10 2.15 2.20 2.25 2.30 2.40 2.46 2.51 2.54 2.58 2.64 2.70 2.81 2.92 3.02 3.12 3.22 3.30 3.35 3.58 3.62 0.30 0.57 1.48 3.16 3.65 3.54 3.62 3.56 3.62 5.68 4.84 2.44 2.41 2.24 1.42 1.31 1.53 2.11 2.17 1.97 1.92 1.79 1.70 0.52 0.00 0.00 0.00 0.00 0.00 0.00 0.00 0.00 0.00 0.00 0.00 0.00 0.00 0.00 0.00 0.00 0.00 0.00 0.00 0.00 0.00 0.00 0.00
0.89 1.00 1.07 1.13 1.20 1.27 1.34 1.40 1.54 1.60 1.67 1.74 1.81 1.88 1.95 2.01 2.10 2.15 2.20 2.25 2.30 2.39 2.46 2.50 2.54 2.57 2.63 2.67 2.78 2.90 2.98 3.09 3.18 3.25 3.41 3.53 2.45 0.67 1.22 2.16 3.26 3.56 3.60 3.65 3.61 3.68 5.65 2.61 2.45 2.47 1.98 1.85 1.90 1.67 2.11 2.15 1.95 1.95 1.70 1.78 2.20 0.00 0.00 0.00 0.00 0.00 0.00 0.00 0.00 0.00 0.00 0.00 0.00 0.00 0.00 0.00 0.00 0.00 0.00 0.00 0.00 0.00 0.00 0.00
0.88 0.95 1.06 1.13 1.20 1.27 1.33 1.45 1.53 1.60 1.66 1.74 1.81 1.88 1.94 2.01 2.10 2.15 2.20 2.24 2.34 2.39 2.43 2.50 2.53 2.57 2.61 2.63 2.75 2.86 2.93 3.04 3.13 3.23 3.39 3.43 1.15 0.97 1.61 2.25 2.78 3.18 3.19 3.06 3.33 4.19 5.63 2.64 2.54 2.48 1.98 2.23 1.84 1.71 2.12 2.18 1.84 1.66 1.47 1.18 1.98 0.00 0.00 0.00 0.00 0.00 0.00 0.00 0.00 0.00 0.00 0.00 0.00 0.00 0.00 0.00 0.00 0.00 0.00 0.00 0.00 0.00 0.00 0.00
0.86 0.94 1.05 1.12 1.19 1.26 1.32 1.44 1.53 1.59 1.66 1.74 1.81 1.88 1.94 2.01 2.09 2.15 2.19 2.24 2.33 2.38 2.43 2.48 2.52 2.57 2.58 2.61 2.73 2.83 2.88 3.01 3.09 3.20 3.35 3.17 0.46 1.25 2.29 2.07 2.21 2.44 2.47 2.66 3.44 4.97 5.08 2.64 2.56 2.37 1.97 2.11 1.81 1.76 2.07 2.23 1.85 1.55 1.31 2.53 0.05 0.00 0.00 0.00 0.00 0.00 0.00 0.00 0.00 0.00 0.00 0.00 0.00 0.00 0.00 0.00 0.00 0.00 0.00 0.00 0.00 0.00 0.00 0.00
0.85 0.93 1.04 1.11 1.18 1.25 1.32 1.44 1.50 1.59 1.66 1.73 1.81 1.87 1.94 2.00 2.09 2.14 2.19 2.24 2.28 2.37 2.42 2.47 2.51 2.57 2.57 2.59 2.71 2.81 2.86 2.99 3.04 3.10 3.29 2.03 0.82 1.33 2.37 1.73 1.49 1.63 2.20 3.08 3.79 5.58 5.59 2.50 2.55 2.30 2.03 2.05 1.82 1.92 1.98 1.80 1.61 1.43 1.20 1.20 0.00 0.00 0.00 0.00 0.00 0.00 0.00 0.00 0.00 0.00 0.00 0.00 0.00 0.00 0.00 0.00 0.00 0.00 0.00 0.00 0.00 0.00 0.00 0.00
0.84 0.91 1.03 1.10 1.18 1.25 1.38 1.44 1.50 1.59 1.66 1.74 1.81 1.87 1.94 2.01 2.07 2.15 2.19 2.23 2.32 2.36 2.41 2.45 2.49 2.55 2.54 2.58 2.69 2.78 2.86 2.96 3.01 3.05 3.25 1.75 0.80 1.07 2.38 1.57 1.42 1.63 2.46 3.25 4.04 5.54 4.71 2.32 2.47 2.22 2.15 2.04 1.67 1.89 1.88 1.69 1.65 1.85 2.06 2.46 0.00 0.00 0.00 0.00 0.00 0.00 0.00 0.00 0.00 0.00 0.00 0.00 0.00 0.00 0.00 0.00 0.00 0.00 0.00 0.00 0.00 0.00 0.00 0.00
0.82 0.90 1.02 1.09 1.17 1.24 1.31 1.44 1.50 1.59 1.67 1.74 1.81 1.87 1.94 2.01 2.07 2.15 2.19 2.27 2.31 2.35 2.39 2.43 2.47 2.52 2.52 2.58 2.68 2.76 2.83 2.93 2.97 3.10 3.16 0.60 0.77 1.13 2.13 1.38 1.64 2.32 3.04 3.33 5.03 5.52 4.43 2.35 2.51 2.18 1.90 1.90 1.65 1.86 1.78 1.45 1.64 2.90 2.94 1.07 0.00 0.00 0.00 0.00 0.00 0.00 0.00 0.00 0.00 0.00 0.00 0.00 0.00 0.00 0.00 0.00 0.00 0.00 0.00 0.00 0.00 0.00 0.00 0.00
0.80 0.87 0.95 1.08 1.16 1.23 1.37 1.43 1.49 1.60 1.67 1.74 1.81 1.87 1.94 2.00 2.07 2.14 2.19 2.23 2.30 2.35 2.38 2.41 2.45 2.49 2.51 2.58 2.67 2.73 2.77 2.88 2.93 3.03 1.61 0.44 0.80 1.65 1.98 1.34 1.69 2.47 3.14 3.40 5.49 5.50 3.51 2.41 2.55 1.92 1.55 1.71 1.58 1.67 1.51 1.89 2.96 3.08 3.08 2.74 0.00 0.00 0.00 0.00 0.00 0.00 0.00 0.00 0.00 0.00 0.00 0.00 0.00 0.00 0.00 0.00 0.00 0.00 0.00 0.00 0.00 0.00 0.00 0.00
0.78 0.86 0.94 1.06 1.14 1.20 1.35 1.42 1.49 1.59 1.66 1.74 1.80 1.87 1.93 2.00 2.06 2.13 2.18 2.22 2.30 2.34 2.37 2.40 2.44 2.45 2.49 2.56 2.63 2.68 2.70 2.81 2.93 3.02 1.45 0.45 0.74 1.75 1.74 1.34 1.72 2.73 3.29 3.98 5.47 5.46 2.44 2.40 2.40 1.56 1.63 1.54 1.38 1.42 2.31 3.06 3.27 3.27 3.19 1.11 0.00 0.00 0.00 0.00 0.00 0.00 0.00 0.00 0.00 0.00 0.00 0.00 0.00 0.00 0.00 0.00 0.00 0.00 0.00 0.00 0.00 0.00 0.00 0.00
0.77 0.84 0.92 1.04 1.11 1.19 1.26 1.42 1.47 1.54 1.65 1.73 1.80 1.86 1.93 1.99 2.05 2.12 2.16 2.25 2.29 2.33 2.36 2.39 2.43 2.45 2.47 2.54 2.61 2.66 2.68 2.79 2.92 2.90 0.45 0.57 0.81 1.79 1.56 1.42 2.25 3.07 3.50 4.68 5.46 5.45 2.35 2.35 2.25 1.40 1.46 1.41 1.38 1.88 3.15 3.27 3.32 3.29 2.18 0.94 0.00 0.00 0.00 0.00 0.00 0.00 0.00 0.00 0.00 0.00 0.00 0.00 0.00 0.00 0.00 0.00 0.00 0.00 0.00 0.00 0.00 0.00 0.00 0.00
0.75 0.83 0.91 1.02 1.10 1.17 1.31 1.38 1.45 1.53 1.64 1.71 1.77 1.85 1.91 1.96 2.03 2.08 2.15 2.24 2.29 2.33 2.36 2.40 2.43 2.44 2.46 2.53 2.60 2.64 2.66 2.76 2.84 2.88 0.25 0.82 1.08 1.71 1.59 1.64 2.99 3.43 3.73 4.60 5.45 5.44 2.24 2.25 1.99 1.10 1.16 1.34 1.56 3.25 3.40 3.37 3.37 2.96 1.65 0.69 0.01 0.00 0.00 0.00 0.00 0.00 0.00 0.00 0.00 0.00 0.00 0.00 0.00 0.00 0.00 0.00 0.00 0.00 0.00 0.00 0.00 0.00 0.00 0.00
0.72 0.80 0.88 0.96 1.07 1.14 1.29 1.36 1.44 1.52 1.63 1.70 1.77 1.83 1.89 1.95 2.01 2.06 2.13 2.24 2.29 2.33 2.36 2.40 2.44 2.43 2.44 2.52 2.59 2.64 2.65 2.73 2.80 2.16 0.49 0.91 1.27 1.89 1.57 2.52 3.42 3.61 3.84 5.07 5.43 3.17 2.46 2.41 1.91 1.17 1.18 1.47 2.30 3.39 3.31 3.32 3.34 2.99 2.82 0.64 0.00 0.00 0.00 0.00 0.00 0.00 0.00 0.00 0.00 0.00 0.00 0.00 0.00 0.00 0.00 0.00 0.00 0.00 0.00 0.00 0.00 0.00 0.00 0.00
0.69 0.78 0.86 0.94 1.05 1.13 1.28 1.35 1.43 1.51 1.63 1.70 1.76 1.83 1.89 1.94 2.00 2.05 2.17 2.22 2.27 2.32 2.36 2.40 2.43 2.45 2.44 2.51 2.59 2.63 2.65 2.71 2.77 1.15 0.68 0.91 1.69 1.78 1.74 2.95 3.21 3.29 3.81 5.07 5.41 3.51 2.48 2.25 1.62 1.38 1.29 1.74 3.00 3.25 3.21 3.45 3.41 3.13 1.42 0.64 0.00 0.00 0.00 0.00 0.00 0.00 0.00 0.00 0.00 0.00 0.00 0.00 0.00 0.00 0.00 0.00 0.00 0.00 0.00 0.00 0.00 0.00 0.00 0.00
0.67 0.76 0.84 0.92 1.04 1.11 1.26 1.34 1.42 1.50 1.58 1.69 1.76 1.82 1.88 1.94 1.99 2.04 2.11 2.20 2.26 2.30 2.34 2.37 2.41 2.47 2.48 2.53 2.60 2.63 2.66 2.74 2.14 0.16 0.77 0.90 1.79 1.68 2.12 3.08 3.14 3.31 3.26 4.00 5.40 4.51 2.30 2.10 1.76 1.49 1.57 1.86 3.32 3.35 3.56 3.50 2.95 2.63 1.78 0.04 0.00 0.00 0.00 0.00 0.00 0.00 0.00 0.00 0.00 0.00 0.00 0.00 0.00 0.00 0.00 0.00 0.00 0.00 0.00 0.00 0.00 0.00 0.00 0.00
0.66 0.74 0.83 0.91 1.02 1.10 1.25 1.33 1.41 1.49 1.57 1.68 1.75 1.81 1.88 1.93 1.98 2.02 2.14 2.18 2.24 2.28 2.33 2.37 2.41 2.48 2.49 2.54 2.61 2.64 2.70 2.74 0.59 0.34 0.80 0.93 1.60 1.82 2.46 3.28 3.22 3.79 3.30 4.92 5.39 4.92 2.28 2.01 1.62 1.70 1.69 1.90 3.28 3.48 3.60 3.06 1.11 0.00 0.00 0.00 0.00 0.00 0.00 0.00 0.00 0.00 0.00 0.00 0.00 0.00 0.00 0.00 0.00 0.00 0.00 0.00 0.00 0.00 0.00 0.00 0.00 0.00 0.00 0.00
0.64 0.72 0.81 0.89 1.00 1.08 1.24 1.31 1.39 1.46 1.54 1.65 1.72 1.79 1.85 1.91 1.96 2.01 2.06 2.18 2.23 2.28 2.33 2.37 2.41 2.48 2.51 2.56 2.62 2.67 2.71 2.74 0.32 0.61 0.79 1.06 1.12 1.85 2.72 3.36 3.75 4.30 4.27 4.99 5.38 4.98 2.10 1.74 1.81 1.87 1.99 3.07 3.57 3.75 3.05 0.83 0.00 0.00 0.00 0.00 0.00 0.00 0.00 0.00 0.00 0.00 0.00 0.00 0.00 0.00 0.00 0.00 0.00 0.00 0.00 0.00 0.00 0.00 0.00 0.00 0.00 0.00 0.00 0.00
0.61 0.70 0.78 0.84 0.92 1.11 1.20 1.29 1.37 1.44 1.52 1.63 1.70 1.77 1.84 1.90 1.95 2.00 2.12 2.18 2.23 2.28 2.33 2.37 2.41 2.46 2.51 2.57 2.62 2.68 2.72 2.75 0.17 0.69 0.71 0.90 1.05 2.55 3.13 3.43 3.25 4.26 4.03 4.13 5.37 4.13 1.88 2.20 2.44 2.48 3.44 3.74 3.82 3.93 2.29 0.00 0.00 0.00 0.00 0.00 0.00 0.00 0.00 0.00 0.00 0.00 0.00 0.00 0.00 0.00 0.00 0.00 0.00 0.00 0.00 0.00 0.00 0.00 0.00 0.00 0.00 0.00 0.00 0.00
0.57 0.65 0.73 0.81 1.01 1.08 1.17 1.27 1.36 1.43 1.51 1.62 1.69 1.76 1.83 1.89 1.94 1.99 2.12 2.17 2.23 2.28 2.33 2.36 2.40 2.44 2.52 2.58 2.63 2.69 2.73 2.77 0.09 0.74 0.99 0.98 1.52 2.87 3.18 3.15 3.22 3.19 3.23 3.56 2.77 2.21 2.32 2.44 2.81 2.97 3.63 3.77 3.83 3.84 1.81 0.00 0.00 0.00 0.00 0.00 0.00 0.00 0.00 0.00 0.00 0.00 0.00 0.00 0.00 0.00 0.00 0.00 0.00 0.00 0.00 0.00 0.00 0.00 0.00 0.00 0.00 0.00 0.00 0.00
0.55 0.63 0.70 0.78 0.87 1.06 1.15 1.25 1.35 1.43 1.50 1.57 1.68 1.75 1.82 1.88 1.94 1.98 2.12 2.17 2.23 2.28 2.33 2.36 2.39 2.42 2.52 2.59 2.65 2.70 2.72 2.80 0.00 0.71 1.06 1.09 1.89 2.91 3.12 3.13 3.07 3.13 3.15 3.89 2.09 2.62 2.56 2.32 2.36 2.71 3.47 3.85 3.88 3.78 2.45 0.00 0.00 0.00 0.00 0.00 0.00 0.00 0.00 0.00 0.00 0.00 0.00 0.00 0.00 0.00 0.00 0.00 0.00 0.00 0.00 0.00 0.00 0.00 0.00 0.00 0.00 0.00 0.00 0.00
0.53 0.60 0.68 0.76 0.97 1.04 1.13 1.24 1.34 1.42 1.50 1.57 1.68 1.75 1.82 1.88 1.94 2.02 2.08 2.17 2.22 2.27 2.32 2.35 2.37 2.41 2.54 2.60 2.65 2.69 2.76 2.87 0.05 0.53 1.02 1.25 2.20 2.84 3.05 3.04 3.03 3.04 3.19 4.04 2.39 2.60 2.51 2.24 2.32 2.45 2.47 3.18 3.91 3.77 2.84 0.00 0.00 0.00 0.00 0.00 0.00 0.00 0.00 0.00 0.00 0.00 0.00 0.00 0.00 0.00 0.00 0.00 0.00 0.00 0.00 0.00 0.00 0.00 0.00 0.00 0.00 0.00 0.00 0.00
0.52 0.59 0.66 0.74 0.84 1.03 1.12 1.23 1.34 1.42 1.49 1.57 1.68 1.75 1.81 1.88 1.94 2.02 2.08 2.16 2.21 2.27 2.31 2.34 2.37 2.43 2.55 2.60 2.65 2.68 2.81 2.95 0.00 0.30 0.84 1.50 2.15 2.59 2.90 2.94 2.92 3.07 3.44 3.51 2.36 2.54 2.45 2.24 2.25 2.43 2.35 2.51 3.87 3.71 2.76 0.00 0.00 0.00 0.00 0.00 0.00 0.00 0.00 0.00 0.00 0.00 0.00 0.00 0.00 0.00 0.00 0.00 0.00 0.00 0.00 0.00 0.00 0.00 0.00 0.00 0.00 0.00 0.00 0.00
0.51 0.58 0.66 0.74 0.93 1.03 1.12 1.23 1.33 1.41 1.49 1.56 1.67 1.74 1.81 1.87 1.94 1.98 2.07 2.16 2.21 2.26 2.31 2.33 2.37 2.44 2.52 2.60 2.65 2.71 2.87 2.97 0.05 0.26 0.79 1.45 2.10 2.18 2.67 2.81 2.87 3.08 3.70 1.93 2.31 2.43 2.43 2.32 2.12 2.22 2.34 2.52 3.92 4.09 3.09 1.16 0.00 0.00 0.00 0.00 0.00 0.00 0.00 0.00 0.00 0.00 0.00 0.00 0.00 0.00 0.00 0.00 0.00 0.00 0.00 0.00 0.00 0.00 0.00 0.00 0.00 0.00 0.00 0.00
0.51 0.59 0.67 0.76 0.95 1.06 1.14 1.24 1.33 1.41 1.49 1.56 1.67 1.74 1.80 1.87 1.93 1.98 2.08 2.16 2.22 2.26 2.32 2.33 2.36 2.45 2.53 2.61 2.66 2.73 2.80 2.71 0.03 0.51 0.98 1.46 2.10 2.07 2.34 2.64 2.76 3.28 3.99 1.68 2.08 2.28 2.30 2.27 2.98 3.16 3.10 3.43 4.16 3.98 3.30 2.91 1.22 0.24 0.00 0.00 0.00 0.00 0.00 0.00 0.00 0.00 0.00 0.00 0.00 0.00 0.00 0.00 0.00 0.00 0.00 0.00 0.00 0.00 0.00 0.00 0.00 0.00 0.00 0.00
0.52 0.60 0.68 0.88 0.97 1.10 1.18 1.27 1.36 1.43 1.50 1.58 1.64 1.74 1.80 1.86 1.92 2.03 2.08 2.17 2.23 2.27 2.32 2.33 2.36 2.45 2.54 2.63 2.68 2.76 2.82 0.79 0.36 0.56 1.00 1.14 1.66 1.92 2.34 2.64 2.80 3.43 4.16 2.34 2.22 2.19 2.13 2.31 3.45 4.36 4.34 4.35 4.23 3.43 3.16 2.93 2.30 0.57 0.01 0.00 0.00 0.00 0.00 0.00 0.00 0.00 0.00 0.00 0.00 0.00 0.00 0.00 0.00 0.00 0.00 0.00 0.00 0.00 0.00 0.00 0.00 0.00 0.00 0.00
0.53 0.62 0.70 0.90 1.00 1.13 1.21 1.30 1.39 1.47 1.54 1.62 1.68 1.76 1.81 1.87 1.98 2.04 2.09 2.15 2.23 2.27 2.31 2.32 2.36 2.47 2.57 2.66 2.72 2.79 2.85 0.11 0.28 0.54 1.00 0.99 1.31 1.89 2.43 2.86 3.06 3.39 3.99 1.93 3.96 3.04 2.24 2.33 3.20 4.36 4.36 4.37 4.24 3.31 3.03 2.93 2.59 0.92 0.00 0.00 0.00 0.00 0.00 0.00 0.00 0.00 0.00 0.00 0.00 0.00 0.00 0.00 0.00 0.00 0.00 0.00 0.00 0.00 0.00 0.00 0.00 0.00 0.00 0.00
