tsunami_inundation/2820.asc
ncols        89
nrows        96
xllcorner    425855.973699999973
yllcorner    5091051.504999999888
cellsize     55.000000000000
NODATA_value  -9999.00
[rows 37 to 73 of 96, columns 0 to 83 of 89]
0.10 0.15 0.19 0.24 0.30 0.37 0.48 0.56 0.63 0.77 0.84 0.90 0.97 1.09 1.16 1.22 1.27 1.33 1.39 1.45 1.50 1.58 1.71 1.77 1.84 1.90 1.96 2.06 2.16 2.23 2.30 2.41 2.47 2.62 2.67 2.86 2.94 3.25 3.35 3.42 0.23 1.04 1.79 3.07 3.44 4.04 3.93 3.55 5.37 5.49 2.31 2.21 1.35 1.18 1.23 1.28 1.00 1.47 1.45 3.45 3.53 2.85 2.38 0.69 0.00 0.00 0.00 0.00 0.00 0.00 0.00 0.00 0.00 0.00 0.00 0.00 0.00 0.00 0.00 0.00 0.00 0.00 0.00 0.00
0.11 0.17 0.20 0.27 0.33 0.38 0.46 0.57 0.64 0.78 0.85 0.91 0.98 1.10 1.16 1.23 1.28 1.34 1.39 1.45 1.51 1.59 1.71 1.78 1.84 1.91 1.96 2.02 2.16 2.25 2.34 2.43 2.50 2.60 2.68 2.92 3.12 3.27 3.36 2.36 0.13 1.11 1.89 3.11 3.51 3.85 3.53 3.94 5.52 2.60 2.33 2.10 1.31 1.18 1.21 1.01 1.06 1.51 1.56 3.49 3.50 3.05 2.60 0.57 0.00 0.00 0.00 0.00 0.00 0.00 0.00 0.00 0.00 0.00 0.00 0.00 0.00 0.00 0.00 0.00 0.00 0.00 0.00 0.00
0.13 0.18 0.24 0.29 0.34 0.41 0.48 0.58 0.65 0.80 0.86 0.92 0.99 1.10 1.17 1.23 1.29 1.34 1.40 1.45 1.51 1.60 1.72 1.78 1.85 1.91 1.97 2.02 2.15 2.27 2.37 2.45 2.52 2.58 2.70 2.81 3.14 3.30 3.34 1.38 0.43 1.22 2.29 3.16 3.40 3.71 3.57 4.94 5.51 2.58 2.34 2.09 1.32 1.22 1.21 0.93 1.14 1.36 1.83 3.47 3.46 3.01 1.12 0.54 0.03 0.00 0.00 0.00 0.00 0.00 0.00 0.00 0.00 0.00 0.00 0.00 0.00 0.00 0.00 0.00 0.00 0.00 0.00 0.00
0.13 0.19 0.25 0.30 0.36 0.42 0.48 0.59 0.67 0.74 0.87 0.93 1.00 1.06 1.16 1.23 1.29 1.34 1.40 1.46 1.51 1.60 1.72 1.78 1.85 1.91 1.97 2.02 2.15 2.27 2.38 2.47 2.53 2.59 2.71 2.92 3.15 3.30 3.34 0.36 0.58 1.19 2.68 3.25 3.47 3.73 3.77 5.56 5.55 2.55 2.39 2.14 1.34 1.23 1.12 0.77 1.46 1.69 2.82 3.44 3.38 2.74 1.53 0.76 0.01 0.00 0.00 0.00 0.00 0.00 0.00 0.00 0.00 0.00 0.00 0.00 0.00 0.00 0.00 0.00 0.00 0.00 0.00 0.00
0.14 0.20 0.26 0.31 0.37 0.43 0.49 0.60 0.67 0.74 0.88 0.94 1.00 1.07 1.16 1.23 1.29 1.35 1.40 1.46 1.52 1.60 1.66 1.78 1.84 1.91 1.97 2.03 2.16 2.26 2.38 2.48 2.55 2.60 2.72 2.81 3.15 3.29 3.35 0.28 0.62 1.03 2.41 3.33 3.57 3.57 4.35 5.57 5.57 2.41 2.31 2.05 1.32 1.19 0.91 0.91 1.93 2.99 3.36 3.21 3.18 2.89 1.97 0.91 0.02 0.00 0.00 0.00 0.00 0.00 0.00 0.00 0.00 0.00 0.00 0.00 0.00 0.00 0.00 0.00 0.00 0.00 0.00 0.00
0.14 0.21 0.27 0.32 0.38 0.43 0.50 0.60 0.74 0.81 0.88 0.95 1.01 1.08 1.17 1.23 1.29 1.34 1.40 1.46 1.52 1.58 1.71 1.77 1.83 1.90 1.96 2.02 2.16 2.26 2.38 2.48 2.56 2.62 2.73 2.94 3.16 3.27 3.08 0.27 1.01 1.40 2.58 3.30 3.65 3.60 5.17 5.58 5.58 2.64 2.30 1.91 1.25 1.17 0.82 1.52 3.05 3.46 2.26 1.19 2.39 3.02 1.73 0.81 0.01 0.00 0.00 0.00 0.00 0.00 0.00 0.00 0.00 0.00 0.00 0.00 0.00 0.00 0.00 0.00 0.00 0.00 0.00 0.00
0.15 0.22 0.28 0.34 0.39 0.45 0.51 0.58 0.67 0.81 0.89 0.95 1.02 1.08 1.17 1.23 1.29 1.34 1.40 1.46 1.52 1.65 1.70 1.75 1.80 1.87 1.95 2.01 2.10 2.26 2.39 2.46 2.56 2.62 2.74 2.81 3.15 3.27 2.97 0.47 1.32 1.65 2.88 3.31 3.60 3.59 5.59 5.59 4.76 2.63 2.26 2.21 1.95 1.29 1.15 1.75 2.31 2.85 2.15 1.67 2.36 2.96 1.65 0.50 0.00 0.00 0.00 0.00 0.00 0.00 0.00 0.00 0.00 0.00 0.00 0.00 0.00 0.00 0.00 0.00 0.00 0.00 0.00 0.00
0.15 0.23 0.30 0.35 0.40 0.46 0.52 0.58 0.67 0.81 0.89 0.96 1.02 1.09 1.15 1.23 1.29 1.34 1.39 1.45 1.52 1.57 1.70 1.74 1.79 1.85 1.92 1.99 2.08 2.26 2.39 2.45 2.56 2.64 2.81 2.97 3.17 3.26 0.22 0.56 1.10 2.02 3.64 3.50 3.53 3.49 5.60 5.59 3.58 2.55 2.25 2.19 2.08 1.29 1.52 1.97 1.78 1.66 1.36 1.15 1.33 2.97 1.69 0.40 0.00 0.00 0.00 0.00 0.00 0.00 0.00 0.00 0.00 0.00 0.00 0.00 0.00 0.00 0.00 0.00 0.00 0.00 0.00 0.00
0.16 0.23 0.30 0.36 0.41 0.47 0.53 0.59 0.74 0.81 0.89 0.96 1.03 1.09 1.15 1.24 1.29 1.34 1.39 1.45 1.51 1.64 1.69 1.73 1.77 1.83 1.90 1.98 2.06 2.24 2.35 2.43 2.53 2.65 2.74 2.92 3.18 3.32 0.05 0.64 1.30 3.05 3.72 3.44 3.48 3.47 5.60 2.99 2.63 2.48 2.27 2.20 1.87 1.28 1.84 2.04 1.89 1.69 1.21 0.96 1.62 2.93 1.28 0.32 0.00 0.00 0.00 0.00 0.00 0.00 0.00 0.00 0.00 0.00 0.00 0.00 0.00 0.00 0.00 0.00 0.00 0.00 0.00 0.00
0.12 0.23 0.30 0.36 0.42 0.47 0.54 0.60 0.75 0.82 0.89 0.96 1.03 1.10 1.16 1.24 1.29 1.34 1.39 1.45 1.50 1.61 1.68 1.71 1.75 1.79 1.87 1.94 2.04 2.23 2.33 2.42 2.50 2.64 2.73 2.95 3.18 2.22 0.06 0.99 2.27 3.21 3.53 3.62 3.46 3.43 5.59 2.80 2.57 2.40 2.23 2.22 1.68 1.46 2.04 2.20 2.02 1.67 1.02 1.34 2.85 2.17 0.71 0.00 0.00 0.00 0.00 0.00 0.00 0.00 0.00 0.00 0.00 0.00 0.00 0.00 0.00 0.00 0.00 0.00 0.00 0.00 0.00 0.00
0.12 0.23 0.30 0.37 0.42 0.48 0.55 0.61 0.75 0.82 0.89 0.96 1.03 1.10 1.16 1.24 1.29 1.34 1.39 1.44 1.49 1.60 1.67 1.71 1.73 1.78 1.84 1.91 2.01 2.14 2.30 2.38 2.50 2.63 2.71 2.99 3.15 1.14 0.39 0.98 2.29 3.35 3.39 3.51 4.18 4.17 5.59 4.67 2.42 2.35 2.22 2.12 1.54 1.57 2.04 2.26 2.02 1.60 0.85 2.66 1.46 0.59 0.00 0.00 0.00 0.00 0.00 0.00 0.00 0.00 0.00 0.00 0.00 0.00 0.00 0.00 0.00 0.00 0.00 0.00 0.00 0.00 0.00 0.00
0.12 0.23 0.30 0.36 0.43 0.49 0.56 0.62 0.76 0.83 0.90 0.97 1.04 1.11 1.16 1.24 1.29 1.34 1.39 1.44 1.49 1.54 1.67 1.71 1.73 1.77 1.82 1.88 1.98 2.11 2.25 2.34 2.50 2.61 2.70 3.00 3.14 0.82 0.40 1.00 2.37 3.34 3.20 3.43 3.75 3.57 5.56 2.48 2.34 2.32 2.18 1.76 1.38 1.45 1.95 2.09 1.89 1.70 1.37 2.56 0.96 0.06 0.00 0.00 0.00 0.00 0.00 0.00 0.00 0.00 0.00 0.00 0.00 0.00 0.00 0.00 0.00 0.00 0.00 0.00 0.00 0.00 0.00 0.00
0.12 0.23 0.29 0.36 0.43 0.49 0.56 0.63 0.77 0.84 0.91 0.98 1.05 1.11 1.16 1.22 1.30 1.34 1.39 1.44 1.48 1.59 1.66 1.71 1.74 1.77 1.81 1.85 1.96 2.09 2.19 2.33 2.49 2.60 2.68 3.02 3.08 0.18 0.49 1.36 3.03 3.51 3.40 3.47 3.40 3.47 5.53 4.69 2.30 2.27 2.09 1.28 1.16 1.39 1.98 2.04 1.85 1.82 1.70 2.04 0.82 0.00 0.00 0.00 0.00 0.00 0.00 0.00 0.00 0.00 0.00 0.00 0.00 0.00 0.00 0.00 0.00 0.00 0.00 0.00 0.00 0.00 0.00 0.00
0.10 0.21 0.28 0.35 0.42 0.49 0.56 0.63 0.78 0.84 0.91 0.98 1.05 1.11 1.17 1.22 1.30 1.34 1.39 1.44 1.48 1.58 1.66 1.70 1.74 1.76 1.80 1.81 1.93 2.07 2.14 2.32 2.47 2.57 2.85 3.00 1.87 0.62 1.12 2.05 3.13 3.42 3.46 3.51 3.46 3.53 5.50 2.47 2.31 2.34 1.84 1.70 1.75 1.53 1.97 2.03 1.84 1.86 1.62 2.13 2.58 0.00 0.00 0.00 0.00 0.00 0.00 0.00 0.00 0.00 0.00 0.00 0.00 0.00 0.00 0.00 0.00 0.00 0.00 0.00 0.00 0.00 0.00 0.00
0.09 0.16 0.27 0.34 0.41 0.48 0.56 0.68 0.77 0.84 0.91 0.98 1.05 1.11 1.16 1.22 1.30 1.35 1.39 1.44 1.53 1.58 1.63 1.70 1.73 1.77 1.80 1.79 1.92 2.05 2.11 2.30 2.46 2.61 2.85 2.90 0.70 0.88 1.51 2.14 2.66 3.05 3.06 2.92 3.19 4.05 5.48 2.50 2.40 2.35 1.84 2.08 1.69 1.56 1.98 2.05 1.73 1.58 1.38 1.81 3.02 0.00 0.00 0.00 0.00 0.00 0.00 0.00 0.00 0.00 0.00 0.00 0.00 0.00 0.00 0.00 0.00 0.00 0.00 0.00 0.00 0.00 0.00 0.00
0.07 0.15 0.26 0.33 0.40 0.48 0.55 0.68 0.77 0.83 0.90 0.98 1.04 1.10 1.16 1.22 1.30 1.35 1.39 1.44 1.53 1.57 1.62 1.67 1.71 1.78 1.78 1.79 1.93 2.04 2.08 2.30 2.43 2.60 2.81 2.65 0.24 1.16 2.19 1.97 2.10 2.33 2.35 2.53 3.31 4.83 4.95 2.51 2.43 2.23 1.82 1.95 1.65 1.62 1.94 2.12 1.75 1.47 1.28 3.10 0.90 0.00 0.00 0.00 0.00 0.00 0.00 0.00 0.00 0.00 0.00 0.00 0.00 0.00 0.00 0.00 0.00 0.00 0.00 0.00 0.00 0.00 0.00 0.00
0.05 0.13 0.24 0.32 0.39 0.47 0.54 0.67 0.73 0.83 0.90 0.97 1.04 1.10 1.15 1.22 1.30 1.35 1.39 1.44 1.48 1.57 1.61 1.66 1.70 1.78 1.77 1.79 1.93 2.04 2.07 2.28 2.39 2.49 2.77 1.48 0.77 1.23 2.26 1.62 1.38 1.52 2.08 2.96 3.67 5.45 5.46 2.37 2.41 2.16 1.87 1.88 1.66 1.78 1.85 1.71 1.55 1.44 1.47 2.14 0.00 0.00 0.00 0.00 0.00 0.00 0.00 0.00 0.00 0.00 0.00 0.00 0.00 0.00 0.00 0.00 0.00 0.00 0.00 0.00 0.00 0.00 0.00 0.00
0.04 0.11 0.23 0.31 0.38 0.46 0.60 0.66 0.72 0.82 0.89 0.96 1.03 1.09 1.15 1.21 1.27 1.34 1.39 1.43 1.52 1.57 1.61 1.65 1.70 1.77 1.75 1.80 1.93 2.03 2.10 2.26 2.37 2.47 2.75 1.24 0.75 0.99 2.28 1.45 1.29 1.50 2.34 3.13 3.92 5.42 4.58 2.18 2.32 2.06 1.98 1.87 1.52 1.76 1.77 1.63 1.73 2.09 2.49 3.24 0.00 0.00 0.00 0.00 0.00 0.00 0.00 0.00 0.00 0.00 0.00 0.00 0.00 0.00 0.00 0.00 0.00 0.00 0.00 0.00 0.00 0.00 0.00 0.00
0.02 0.09 0.21 0.29 0.37 0.45 0.52 0.66 0.72 0.81 0.88 0.96 1.02 1.08 1.14 1.21 1.26 1.34 1.39 1.48 1.52 1.57 1.61 1.64 1.69 1.76 1.75 1.82 1.94 2.03 2.09 2.26 2.35 2.58 2.66 0.38 0.72 1.04 2.03 1.26 1.51 2.19 2.91 3.21 4.91 5.40 4.30 2.21 2.36 2.02 1.74 1.73 1.50 1.74 1.71 1.51 1.84 3.10 3.24 2.16 0.00 0.00 0.00 0.00 0.00 0.00 0.00 0.00 0.00 0.00 0.00 0.00 0.00 0.00 0.00 0.00 0.00 0.00 0.00 0.00 0.00 0.00 0.00 0.00
-0.01 0.07 0.15 0.28 0.36 0.44 0.59 0.65 0.71 0.81 0.88 0.95 1.01 1.07 1.14 1.20 1.26 1.34 1.39 1.43 1.52 1.57 1.61 1.64 1.69 1.74 1.75 1.84 1.95 2.02 2.06 2.26 2.34 2.52 1.13 0.47 0.73 1.55 1.88 1.22 1.56 2.34 3.01 3.27 5.37 5.37 3.38 2.25 2.39 1.75 1.39 1.55 1.45 1.59 1.58 2.10 3.15 3.28 3.30 3.05 0.00 0.00 0.00 0.00 0.00 0.00 0.00 0.00 0.00 0.00 0.00 0.00 0.00 0.00 0.00 0.00 0.00 0.00 0.00 0.00 0.00 0.00 0.00 0.00
-0.02 0.05 0.13 0.26 0.35 0.41 0.56 0.64 0.71 0.80 0.87 0.94 1.01 1.07 1.13 1.20 1.26 1.34 1.39 1.43 1.52 1.57 1.61 1.64 1.69 1.71 1.74 1.84 1.94 2.02 2.04 2.20 2.40 2.53 1.02 0.44 0.67 1.66 1.64 1.23 1.60 2.61 3.17 3.86 5.35 5.34 2.30 2.24 2.24 1.40 1.47 1.39 1.25 1.50 2.52 3.26 3.47 3.47 3.40 1.72 0.00 0.00 0.00 0.00 0.00 0.00 0.00 0.00 0.00 0.00 0.00 0.00 0.00 0.00 0.00 0.00 0.00 0.00 0.00 0.00 0.00 0.00 0.00 0.00
-0.03 0.04 0.12 0.24 0.32 0.40 0.47 0.63 0.69 0.76 0.86 0.94 1.00 1.06 1.13 1.20 1.26 1.34 1.39 1.49 1.53 1.58 1.62 1.66 1.70 1.71 1.74 1.84 1.94 2.00 2.04 2.20 2.40 2.44 0.19 0.54 0.74 1.70 1.46 1.31 2.14 2.95 3.38 4.55 5.34 5.32 2.21 2.20 2.09 1.24 1.31 1.27 1.29 2.10 3.35 3.49 3.53 3.50 2.40 1.22 0.63 0.00 0.00 0.00 0.00 0.00 0.00 0.00 0.00 0.00 0.00 0.00 0.00 0.00 0.00 0.00 0.00 0.00 0.00 0.00 0.00 0.00 0.00 0.00
-0.04 0.03 0.11 0.23 0.31 0.38 0.53 0.60 0.67 0.75 0.86 0.92 0.99 1.06 1.13 1.20 1.26 1.32 1.40 1.50 1.54 1.59 1.63 1.67 1.71 1.71 1.74 1.83 1.94 2.00 2.03 2.19 2.31 2.42 0.12 0.77 1.01 1.63 1.49 1.53 2.88 3.31 3.61 4.47 5.32 5.31 2.10 2.10 1.83 0.96 1.02 1.24 1.70 3.47 3.61 3.59 3.57 3.17 1.86 0.95 0.18 0.00 0.00 0.00 0.00 0.00 0.00 0.00 0.00 0.00 0.00 0.00 0.00 0.00 0.00 0.00 0.00 0.00 0.00 0.00 0.00 0.00 0.00 0.00
-0.06 0.02 0.10 0.18 0.29 0.37 0.52 0.59 0.66 0.74 0.85 0.92 0.99 1.06 1.13 1.20 1.26 1.32 1.40 1.50 1.56 1.60 1.64 1.68 1.73 1.73 1.74 1.84 1.94 2.02 2.04 2.18 2.29 1.71 0.47 0.85 1.20 1.81 1.47 2.42 3.31 3.50 3.72 4.95 5.30 3.04 2.32 2.26 1.77 1.04 1.05 1.49 2.50 3.59 3.51 3.52 3.53 3.21 3.03 0.97 0.04 0.00 0.00 0.00 0.00 0.00 0.00 0.00 0.00 0.00 0.00 0.00 0.00 0.00 0.00 0.00 0.00 0.00 0.00 0.00 0.00 0.00 0.00 0.00
-0.07 0.01 0.10 0.18 0.29 0.36 0.51 0.58 0.66 0.74 0.85 0.92 0.99 1.06 1.13 1.20 1.26 1.32 1.46 1.52 1.57 1.61 1.65 1.69 1.74 1.77 1.75 1.85 1.96 2.03 2.06 2.18 2.29 0.78 0.66 0.85 1.61 1.70 1.65 2.85 3.11 3.18 3.70 4.95 5.29 3.39 2.35 2.11 1.49 1.27 1.20 1.85 3.17 3.43 3.39 3.65 3.61 3.36 1.66 1.04 0.06 0.00 0.00 0.00 0.00 0.00 0.00 0.00 0.00 0.00 0.00 0.00 0.00 0.00 0.00 0.00 0.00 0.00 0.00 0.00 0.00 0.00 0.00 0.00
-0.08 0.01 0.09 0.17 0.29 0.36 0.50 0.58 0.66 0.74 0.82 0.92 0.99 1.06 1.13 1.20 1.26 1.32 1.40 1.51 1.57 1.62 1.67 1.71 1.74 1.80 1.81 1.87 1.96 2.04 2.09 2.27 1.71 0.13 0.73 0.84 1.71 1.60 2.03 2.98 3.04 3.20 3.15 3.88 5.28 4.39 2.17 1.97 1.63 1.39 1.54 2.00 3.48 3.52 3.73 3.69 3.19 2.86 2.00 0.42 0.00 0.00 0.00 0.00 0.00 0.00 0.00 0.00 0.00 0.00 0.00 0.00 0.00 0.00 0.00 0.00 0.00 0.00 0.00 0.00 0.00 0.00 0.00 0.00
-0.08 0.00 0.09 0.17 0.29 0.36 0.50 0.58 0.66 0.74 0.82 0.93 1.00 1.07 1.14 1.20 1.27 1.32 1.45 1.50 1.56 1.61 1.67 1.71 1.75 1.82 1.83 1.87 1.96 2.03 2.11 2.27 0.33 0.34 0.76 0.87 1.52 1.74 2.38 3.18 3.12 3.69 3.20 4.80 5.28 4.80 2.16 1.89 1.51 1.65 1.73 2.05 3.42 3.63 3.75 3.25 1.42 0.04 0.00 0.00 0.00 0.00 0.00 0.00 0.00 0.00 0.00 0.00 0.00 0.00 0.00 0.00 0.00 0.00 0.00 0.00 0.00 0.00 0.00 0.00 0.00 0.00 0.00 0.00
-0.08 0.01 0.10 0.18 0.29 0.36 0.51 0.59 0.66 0.74 0.82 0.93 1.01 1.08 1.15 1.21 1.27 1.32 1.37 1.50 1.56 1.61 1.67 1.71 1.75 1.82 1.84 1.89 1.96 2.04 2.12 2.25 0.16 0.58 0.75 1.01 1.05 1.77 2.64 3.27 3.65 4.20 4.16 4.88 5.27 4.87 1.98 1.64 1.75 1.89 2.10 3.20 3.70 3.88 3.18 0.96 0.00 0.00 0.00 0.00 0.00 0.00 0.00 0.00 0.00 0.00 0.00 0.00 0.00 0.00 0.00 0.00 0.00 0.00 0.00 0.00 0.00 0.00 0.00 0.00 0.00 0.00 0.00 0.00
-0.07 0.02 0.11 0.20 0.27 0.45 0.53 0.61 0.69 0.76 0.83 0.93 1.01 1.08 1.15 1.22 1.27 1.32 1.45 1.50 1.56 1.62 1.67 1.71 1.75 1.80 1.85 1.91 1.97 2.05 2.14 2.30 0.21 0.66 0.66 0.85 0.99 2.48 3.05 3.34 3.16 4.16 3.93 4.02 5.26 4.02 1.80 2.16 2.45 2.57 3.54 3.86 3.95 4.05 2.40 0.00 0.00 0.00 0.00 0.00 0.00 0.00 0.00 0.00 0.00 0.00 0.00 0.00 0.00 0.00 0.00 0.00 0.00 0.00 0.00 0.00 0.00 0.00 0.00 0.00 0.00 0.00 0.00 0.00
-0.03 0.05 0.14 0.22 0.40 0.47 0.55 0.64 0.72 0.78 0.84 0.95 1.02 1.09 1.16 1.23 1.28 1.33 1.46 1.51 1.56 1.62 1.67 1.70 1.74 1.78 1.87 1.94 2.00 2.08 2.17 2.38 0.05 0.71 0.94 0.94 1.45 2.80 3.11 3.08 3.14 3.10 3.14 3.46 2.67 2.12 2.24 2.42 2.85 3.05 3.73 3.89 3.96 3.96 1.92 0.00 0.00 0.00 0.00 0.00 0.00 0.00 0.00 0.00 0.00 0.00 0.00 0.00 0.00 0.00 0.00 0.00 0.00 0.00 0.00 0.00 0.00 0.00 0.00 0.00 0.00 0.00 0.00 0.00
-0.00 0.08 0.16 0.23 0.31 0.49 0.57 0.67 0.76 0.83 0.88 0.94 1.04 1.11 1.17 1.24 1.29 1.33 1.46 1.51 1.56 1.62 1.67 1.70 1.73 1.77 1.90 1.98 2.04 2.12 2.20 2.46 0.05 0.69 1.01 1.04 1.84 2.85 3.06 3.06 2.99 3.05 3.06 3.80 2.01 2.56 2.50 2.31 2.43 2.80 3.58 3.97 4.00 3.89 2.55 0.00 0.00 0.00 0.00 0.00 0.00 0.00 0.00 0.00 0.00 0.00 0.00 0.00 0.00 0.00 0.00 0.00 0.00 0.00 0.00 0.00 0.00 0.00 0.00 0.00 0.00 0.00 0.00 0.00
0.01 0.08 0.15 0.23 0.43 0.50 0.59 0.70 0.80 0.87 0.93 1.00 1.09 1.15 1.21 1.26 1.31 1.38 1.43 1.51 1.56 1.61 1.67 1.70 1.72 1.77 1.92 2.00 2.05 2.12 2.31 2.49 0.05 0.53 0.97 1.20 2.15 2.78 2.98 2.97 2.96 2.97 3.11 3.96 2.31 2.54 2.48 2.27 2.40 2.54 2.57 3.29 4.01 3.88 2.93 0.00 0.00 0.00 0.00 0.00 0.00 0.00 0.00 0.00 0.00 0.00 0.00 0.00 0.00 0.00 0.00 0.00 0.00 0.00 0.00 0.00 0.00 0.00 0.00 0.00 0.00 0.00 0.00 0.00
0.01 0.08 0.15 0.23 0.32 0.50 0.59 0.71 0.82 0.90 0.97 1.04 1.15 1.21 1.28 1.33 1.36 1.40 1.44 1.51 1.56 1.61 1.67 1.70 1.71 1.77 1.92 2.00 2.07 2.12 2.32 2.48 0.04 0.31 0.79 1.43 2.10 2.54 2.84 2.88 2.85 3.00 3.37 3.43 2.31 2.50 2.44 2.28 2.33 2.52 2.44 2.60 3.96 3.79 2.86 0.00 0.00 0.00 0.00 0.00 0.00 0.00 0.00 0.00 0.00 0.00 0.00 0.00 0.00 0.00 0.00 0.00 0.00 0.00 0.00 0.00 0.00 0.00 0.00 0.00 0.00 0.00 0.00 0.00
-0.00 0.06 0.14 0.22 0.40 0.50 0.58 0.70 0.81 0.90 0.98 1.07 1.20 1.27 1.33 1.39 1.42 1.43 1.46 1.52 1.57 1.62 1.67 1.69 1.71 1.79 1.88 2.00 2.06 2.13 2.32 2.46 0.04 0.27 0.78 1.38 2.04 2.12 2.61 2.75 2.80 3.02 3.63 1.86 2.27 2.42 2.44 2.36 2.21 2.31 2.43 2.61 4.01 4.17 3.20 1.31 0.00 0.00 0.00 0.00 0.00 0.00 0.00 0.00 0.00 0.00 0.00 0.00 0.00 0.00 0.00 0.00 0.00 0.00 0.00 0.00 0.00 0.00 0.00 0.00 0.00 0.00 0.00 0.00
-0.02 0.03 0.10 0.19 0.38 0.49 0.57 0.68 0.79 0.88 0.97 1.06 1.20 1.28 1.36 1.43 1.48 1.51 1.52 1.55 1.59 1.63 1.69 1.68 1.71 1.81 1.90 1.99 2.06 2.14 2.21 2.14 0.03 0.51 1.00 1.43 2.03 1.99 2.25 2.56 2.69 3.21 3.92 1.63 2.06 2.28 2.32 2.32 3.08 3.25 3.19 3.52 4.26 4.09 3.44 3.12 1.83 1.37 0.38 0.00 0.00 0.00 0.00 0.00 0.00 0.00 0.00 0.00 0.00 0.00 0.00 0.00 0.00 0.00 0.00 0.00 0.00 0.00 0.00 0.00 0.00 0.00 0.00 0.00
-0.07 0.00 0.07 0.26 0.36 0.48 0.56 0.66 0.77 0.86 0.95 1.04 1.14 1.28 1.36 1.44 1.51 1.60 1.60 1.61 1.62 1.64 1.69 1.69 1.72 1.83 1.92 2.00 2.06 2.13 2.19 0.37 0.36 0.51 1.01 1.15 1.65 1.88 2.27 2.55 2.72 3.36 4.09 2.28 2.21 2.19 2.16 2.38 3.56 4.46 4.43 4.44 4.34 3.57 3.36 3.21 2.78 1.75 0.80 0.00 0.00 0.00 0.00 0.00 0.00 0.00 0.00 0.00 0.00 0.00 0.00 0.00 0.00 0.00 0.00 0.00 0.00 0.00 0.00 0.00 0.00 0.00 0.00 0.00
-0.10 -0.03 0.05 0.24 0.34 0.46 0.55 0.65 0.74 0.84 0.93 1.03 1.12 1.27 1.36 1.44 1.59 1.65 1.68 1.69 1.68 1.67 1.70 1.69 1.75 1.89 1.98 2.03 2.06 2.11 2.20 0.00 0.26 0.48 0.96 0.99 1.32 1.88 2.40 2.81 3.01 3.33 3.95 1.89 3.96 3.05 2.27 2.39 3.30 4.45 4.45 4.46 4.35 3.49 3.29 3.27 3.08 2.09 0.55 0.00 0.00 0.00 0.00 0.00 0.00 0.00 0.00 0.00 0.00 0.00 0.00 0.00 0.00 0.00 0.00 0.00 0.00 0.00 0.00 0.00 0.00 0.00 0.00 0.00
