tsunami_inundation/2820.asc
ncols        89
nrows        96
xllcorner    425855.973699999973
yllcorner    5091051.504999999888
cellsize     55.000000000000
NODATA_value  -9999.00
[rows 0 to 36 of 96, columns 0 to 83 of 89]
-9999.00 0.23 0.28 0.37 0.41 0.47 0.55 0.60 0.66 0.72 0.78 0.84 0.89 0.94 1.03 1.09 1.15 1.26 1.31 1.37 1.44 1.54 1.60 1.66 1.72 1.79 1.85 1.92 2.02 2.09 2.20 2.25 2.30 2.37 2.47 2.56 2.61 2.67 2.73 2.81 2.83 0.08 0.14 0.64 0.59 0.04 0.03 0.02 1.35 3.52 5.36 5.67 5.75 5.80 5.86 5.92 6.03 6.06 6.10 4.20 4.88 5.01 4.63 4.07 2.51 0.68 0.64 1.35 0.93 0.21 0.00 0.00 0.00 0.00 0.00 0.00 0.00 0.00 0.00 0.00 0.00 0.00 0.00 0.00
-9999.00 0.23 0.28 0.37 0.41 0.45 0.53 0.59 0.65 0.71 0.78 0.83 0.88 0.94 1.03 1.09 1.20 1.25 1.31 1.37 1.43 1.54 1.60 1.66 1.71 1.78 1.85 1.91 2.09 2.15 2.21 2.25 2.29 2.37 2.47 2.59 2.65 2.71 2.77 2.85 2.88 0.08 0.01 0.33 0.60 0.47 0.02 1.55 3.79 5.24 5.56 5.57 5.59 5.66 5.74 5.81 5.94 6.01 6.06 4.23 4.88 5.06 4.91 4.08 2.20 0.60 0.41 1.42 1.13 0.31 0.00 0.00 0.00 0.00 0.00 0.00 0.00 0.00 0.00 0.00 0.00 0.00 0.00 0.00
-9999.00 0.23 0.32 0.37 0.41 0.45 0.50 0.58 0.64 0.70 0.76 0.82 0.87 0.92 1.02 1.14 1.20 1.25 1.31 1.37 1.43 1.53 1.60 1.66 1.71 1.78 1.84 1.91 1.98 2.15 2.20 2.24 2.29 2.38 2.49 2.60 2.74 2.81 2.87 2.93 2.96 0.06 0.00 0.11 0.37 0.44 1.79 3.47 5.05 5.55 5.45 5.42 5.44 5.52 5.62 5.79 5.87 5.97 5.81 4.53 4.76 5.15 5.03 3.97 3.04 0.53 0.39 1.45 1.56 1.15 0.44 0.00 0.00 0.00 0.00 0.00 0.00 0.00 0.00 0.00 0.00 0.00 0.00 0.00
-9999.00 0.22 0.32 0.36 0.40 0.44 0.49 0.57 0.64 0.70 0.76 0.81 0.86 0.92 1.02 1.08 1.19 1.25 1.30 1.36 1.43 1.53 1.60 1.66 1.72 1.78 1.84 1.91 2.09 2.16 2.21 2.25 2.30 2.39 2.50 2.62 2.78 2.87 2.94 3.01 3.12 0.66 0.03 0.05 0.14 0.07 2.04 4.38 5.44 5.50 5.35 5.26 5.30 5.40 5.51 5.71 5.80 5.92 5.87 4.95 4.79 5.11 4.92 3.78 2.79 1.62 1.80 1.70 1.67 1.83 1.36 0.05 0.00 0.00 0.00 0.00 0.00 0.00 0.00 0.00 0.00 0.00 0.00 0.00
-9999.00 0.21 0.31 0.35 0.39 0.43 0.48 0.56 0.63 0.69 0.75 0.80 0.86 0.91 0.98 1.13 1.19 1.24 1.30 1.36 1.43 1.54 1.61 1.67 1.72 1.78 1.85 1.91 1.99 2.16 2.21 2.26 2.32 2.41 2.52 2.63 2.80 2.90 2.98 3.06 3.14 2.08 0.04 0.05 0.11 0.06 3.29 4.91 5.50 5.45 5.30 5.19 5.22 5.32 5.54 5.63 5.72 5.82 5.90 5.37 4.88 5.36 4.65 3.51 2.40 1.61 1.88 2.01 1.84 2.16 1.75 0.27 0.00 0.00 0.00 0.00 0.00 0.00 0.00 0.00 0.00 0.00 0.00 0.00
-9999.00 0.19 0.29 0.34 0.38 0.42 0.47 0.55 0.61 0.67 0.73 0.79 0.85 0.91 0.97 1.13 1.19 1.25 1.31 1.37 1.43 1.50 1.61 1.67 1.73 1.79 1.85 1.92 2.10 2.16 2.21 2.26 2.33 2.43 2.55 2.65 2.81 2.91 2.99 3.07 3.15 2.10 0.05 0.06 0.09 0.31 3.64 5.24 5.47 5.42 5.37 5.29 5.29 5.33 5.46 5.52 5.58 5.67 5.73 5.69 5.67 5.62 5.20 4.20 2.08 1.41 2.02 2.24 2.11 2.41 1.99 0.55 0.00 0.00 0.00 0.00 0.00 0.00 0.00 0.00 0.00 0.00 0.00 0.00
-9999.00 0.22 0.27 0.32 0.37 0.41 0.46 0.51 0.60 0.67 0.73 0.78 0.84 0.91 0.97 1.13 1.19 1.25 1.31 1.37 1.43 1.50 1.60 1.66 1.72 1.78 1.85 1.92 2.06 2.16 2.21 2.26 2.34 2.46 2.57 2.68 2.83 2.92 3.01 3.09 3.16 0.01 0.07 0.07 0.21 1.17 2.96 4.75 5.41 5.40 5.38 5.35 5.33 5.35 5.39 5.46 5.49 5.52 5.51 5.48 5.50 5.52 5.27 4.80 3.31 1.59 2.17 2.40 2.20 2.57 2.21 0.85 0.00 0.00 0.00 0.00 0.00 0.00 0.00 0.00 0.00 0.00 0.00 0.00
-9999.00 0.20 0.26 0.31 0.36 0.41 0.45 0.50 0.60 0.66 0.72 0.78 0.84 0.90 0.97 1.13 1.19 1.25 1.31 1.37 1.43 1.50 1.59 1.66 1.72 1.78 1.84 1.91 2.06 2.17 2.23 2.29 2.37 2.48 2.59 2.70 2.81 2.98 3.06 3.13 3.19 3.25 0.11 0.12 0.65 1.67 3.10 4.63 5.36 5.37 5.38 5.37 5.36 5.36 5.41 5.41 5.42 5.44 4.05 4.38 5.37 5.36 5.32 5.26 5.15 3.93 2.29 2.56 2.31 2.67 2.41 1.41 0.62 0.00 0.00 0.00 0.00 0.00 0.00 0.00 0.00 0.00 0.00 0.00
-9999.00 0.19 0.25 0.30 0.36 0.40 0.45 0.50 0.59 0.65 0.71 0.77 0.83 0.89 0.96 1.12 1.19 1.25 1.31 1.37 1.43 1.50 1.59 1.65 1.71 1.77 1.83 1.98 2.06 2.18 2.24 2.30 2.37 2.48 2.61 2.73 2.89 3.05 3.14 3.21 3.24 1.30 0.19 0.37 1.17 2.20 3.57 4.79 5.32 5.34 5.37 5.37 5.36 5.37 5.39 5.41 5.40 5.39 3.08 2.91 3.93 5.34 5.34 5.29 5.21 5.19 2.65 2.38 2.23 2.72 2.65 2.04 1.46 0.00 0.00 0.00 0.00 0.00 0.00 0.00 0.00 0.00 0.00 0.00
-9999.00 0.14 0.24 0.30 0.35 0.40 0.45 0.50 0.59 0.65 0.70 0.76 0.82 0.88 0.95 1.11 1.18 1.24 1.30 1.36 1.43 1.49 1.56 1.64 1.70 1.77 1.83 1.90 2.06 2.18 2.25 2.30 2.37 2.47 2.62 2.77 2.91 3.08 3.18 3.27 3.37 2.46 0.77 0.94 1.85 2.92 4.41 5.23 5.26 5.31 5.35 5.35 5.36 5.37 5.40 5.41 5.42 4.03 2.58 2.96 3.36 3.87 3.56 3.61 5.06 5.21 2.85 2.31 2.41 2.80 2.52 1.94 1.30 0.00 0.00 0.00 0.00 0.00 0.00 0.00 0.00 0.00 0.00 0.00
-9999.00 0.11 0.23 0.29 0.34 0.39 0.44 0.49 0.58 0.64 0.69 0.74 0.80 0.87 0.93 1.10 1.17 1.23 1.29 1.35 1.42 1.49 1.55 1.64 1.70 1.77 1.83 1.90 2.06 2.14 2.24 2.30 2.37 2.48 2.63 2.79 2.94 3.11 3.22 3.34 3.46 3.96 4.12 3.34 2.66 4.14 5.05 5.17 5.22 5.27 5.30 5.32 5.34 5.35 5.39 5.41 4.51 2.81 2.78 3.28 3.34 3.37 3.22 3.14 4.61 5.12 3.54 2.46 2.48 2.84 2.66 1.89 1.36 0.00 0.00 0.00 0.00 0.00 0.00 0.00 0.00 0.00 0.00 0.00
-9999.00 0.11 0.22 0.28 0.33 0.38 0.43 0.48 0.54 0.62 0.68 0.73 0.79 0.86 0.99 1.09 1.16 1.22 1.28 1.34 1.41 1.48 1.54 1.64 1.71 1.77 1.84 1.98 2.06 2.13 2.23 2.30 2.38 2.50 2.66 2.81 2.95 3.08 3.28 3.41 3.55 4.08 4.28 4.48 4.73 4.87 4.97 5.05 5.11 5.16 5.21 5.27 5.29 5.34 5.37 5.38 3.97 2.43 2.38 3.27 3.34 3.49 3.32 3.26 4.27 5.02 3.66 2.76 2.70 2.86 2.54 1.75 1.36 0.26 0.00 0.00 0.00 0.00 0.00 0.00 0.00 0.00 0.00 0.00
0.09 0.15 0.20 0.26 0.32 0.38 0.43 0.47 0.53 0.61 0.67 0.73 0.79 0.92 0.98 1.08 1.15 1.21 1.27 1.33 1.40 1.47 1.54 1.64 1.71 1.78 1.84 1.98 2.05 2.12 2.22 2.29 2.39 2.52 2.68 2.83 2.97 3.12 3.36 3.51 3.85 4.10 4.29 4.47 4.69 4.82 4.92 4.99 5.05 5.10 5.14 5.21 5.25 5.33 5.30 5.29 2.97 2.28 2.45 3.14 3.21 3.21 3.11 3.07 3.85 4.91 2.72 2.59 2.46 2.82 2.55 1.62 1.06 0.05 0.00 0.00 0.00 0.00 0.00 0.00 0.00 0.00 0.00 0.00
0.08 0.15 0.20 0.26 0.32 0.37 0.42 0.47 0.53 0.61 0.66 0.72 0.78 0.85 0.98 1.04 1.15 1.21 1.27 1.33 1.40 1.47 1.54 1.64 1.71 1.78 1.84 1.97 2.04 2.11 2.21 2.29 2.40 2.54 2.69 2.84 2.98 3.14 3.40 3.72 3.89 4.10 4.28 4.45 4.60 4.78 4.87 4.94 5.00 5.05 5.09 5.14 5.20 5.25 5.26 4.19 2.60 2.15 2.92 3.11 3.08 3.03 2.94 3.04 3.63 4.80 2.57 2.05 1.91 2.94 2.38 1.54 0.93 0.02 0.00 0.00 0.00 0.00 0.00 0.00 0.00 0.00 0.00 0.00
0.07 0.14 0.19 0.25 0.31 0.37 0.42 0.47 0.52 0.61 0.66 0.72 0.78 0.91 0.97 1.04 1.15 1.21 1.27 1.33 1.40 1.47 1.54 1.61 1.70 1.76 1.83 1.96 2.04 2.11 2.21 2.29 2.40 2.53 2.69 2.84 2.99 3.16 3.43 3.75 3.92 4.08 4.25 4.40 4.56 4.72 4.81 4.90 4.96 5.02 5.08 5.12 5.17 5.20 5.21 3.46 2.19 2.19 2.91 2.91 2.86 2.84 3.12 2.75 3.33 4.54 2.54 2.05 1.85 2.82 2.07 1.29 0.72 0.04 0.00 0.00 0.00 0.00 0.00 0.00 0.00 0.00 0.00 0.00
0.06 0.11 0.19 0.25 0.31 0.36 0.41 0.46 0.52 0.61 0.67 0.72 0.78 0.91 0.98 1.05 1.15 1.22 1.28 1.34 1.41 1.47 1.54 1.60 1.69 1.76 1.82 1.96 2.04 2.11 2.18 2.27 2.37 2.52 2.68 2.84 3.00 3.18 3.45 3.61 3.92 4.08 4.24 4.38 4.51 4.67 4.76 4.85 4.94 5.00 5.05 5.08 5.11 5.16 5.06 3.44 1.34 2.26 2.82 2.83 2.67 2.76 2.69 2.46 3.36 2.50 2.24 1.91 2.60 2.68 2.21 1.13 0.34 0.01 0.00 0.00 0.00 0.00 0.00 0.00 0.00 0.00 0.00 0.00
0.04 0.10 0.18 0.24 0.30 0.36 0.41 0.46 0.52 0.59 0.68 0.73 0.79 0.93 0.99 1.06 1.16 1.22 1.28 1.34 1.41 1.47 1.53 1.59 1.68 1.75 1.82 1.96 2.04 2.11 2.17 2.25 2.35 2.51 2.68 2.85 3.01 3.19 3.38 3.62 3.91 4.06 4.20 4.34 4.45 4.61 4.70 4.80 4.89 4.96 5.02 5.07 5.09 5.14 4.51 3.34 1.48 2.64 2.99 2.89 3.03 2.79 2.73 2.51 3.63 2.36 2.11 1.62 2.47 2.51 2.58 1.11 0.40 0.00 0.00 0.00 0.00 0.00 0.00 0.00 0.00 0.00 0.00 0.00
0.03 0.09 0.18 0.24 0.30 0.36 0.41 0.47 0.53 0.59 0.68 0.74 0.80 0.87 1.00 1.06 1.16 1.22 1.28 1.34 1.40 1.46 1.53 1.59 1.68 1.75 1.89 1.96 2.04 2.11 2.16 2.24 2.34 2.50 2.68 2.85 3.02 3.20 3.38 3.62 3.89 4.01 4.14 4.26 4.37 4.54 4.64 4.76 4.86 4.95 5.02 5.06 5.11 5.12 4.14 2.92 1.71 2.75 2.85 2.99 3.00 2.57 2.54 2.58 4.22 3.12 2.15 1.62 2.37 2.42 2.30 0.75 0.31 0.00 0.00 0.00 0.00 0.00 0.00 0.00 0.00 0.00 0.00 0.00
0.03 0.09 0.18 0.24 0.30 0.36 0.42 0.48 0.54 0.60 0.69 0.74 0.81 0.94 1.00 1.06 1.12 1.22 1.28 1.34 1.40 1.46 1.53 1.59 1.69 1.76 1.82 1.96 2.03 2.10 2.16 2.23 2.34 2.50 2.68 2.85 3.02 3.20 3.38 3.73 3.86 3.98 4.09 4.19 4.30 4.40 4.23 4.56 4.88 4.95 5.01 5.05 5.08 5.11 4.53 2.49 1.63 2.50 2.38 2.91 2.63 2.46 2.74 3.65 4.28 2.37 2.39 1.86 2.24 2.24 1.95 0.51 0.03 0.00 0.00 0.00 0.00 0.00 0.00 0.00 0.00 0.00 0.00 0.00
0.02 0.09 0.15 0.24 0.30 0.36 0.42 0.48 0.54 0.60 0.69 0.74 0.81 0.94 1.00 1.06 1.12 1.22 1.28 1.34 1.40 1.47 1.53 1.60 1.67 1.83 1.90 1.96 2.03 2.10 2.15 2.24 2.34 2.51 2.69 2.85 3.02 3.20 3.37 3.58 3.83 3.93 4.04 4.12 4.22 4.01 1.12 3.34 4.76 4.98 5.01 5.04 5.08 5.09 5.10 2.04 1.66 2.35 2.18 2.52 2.42 4.02 4.24 4.24 2.67 1.79 2.06 1.27 1.83 1.77 1.40 0.95 0.14 0.00 0.00 0.00 0.00 0.00 0.00 0.00 0.00 0.00 0.00 0.00
0.02 0.08 0.15 0.24 0.29 0.35 0.42 0.48 0.54 0.60 0.65 0.74 0.80 0.94 1.00 1.06 1.12 1.22 1.29 1.35 1.42 1.48 1.55 1.62 1.68 1.78 1.90 1.96 2.03 2.10 2.16 2.21 2.35 2.52 2.70 2.84 3.02 3.20 3.36 3.69 3.79 3.89 3.98 4.06 3.12 0.55 0.93 3.30 4.35 4.95 5.01 5.03 5.07 5.08 5.07 1.51 1.60 2.11 2.01 2.25 2.47 4.19 4.20 4.19 2.27 2.13 1.90 1.25 1.63 1.57 1.39 1.12 0.68 0.00 0.00 0.00 0.00 0.00 0.00 0.00 0.00 0.00 0.00 0.00
0.00 0.07 0.14 0.23 0.29 0.35 0.41 0.47 0.53 0.59 0.65 0.74 0.88 0.94 1.01 1.07 1.13 1.23 1.30 1.36 1.42 1.48 1.55 1.62 1.68 1.84 1.90 1.97 2.04 2.10 2.16 2.21 2.35 2.52 2.70 2.82 3.02 3.19 3.48 3.66 3.75 3.84 3.92 3.99 1.37 0.51 0.67 2.98 3.58 3.90 4.39 5.05 5.07 5.08 4.30 0.63 0.74 1.37 1.72 2.28 2.37 3.84 4.15 4.17 2.88 1.96 1.75 1.00 1.41 1.39 1.30 1.06 0.26 0.00 0.00 0.00 0.00 0.00 0.00 0.00 0.00 0.00 0.00 0.00
-0.01 0.06 0.13 0.22 0.28 0.35 0.41 0.48 0.53 0.59 0.65 0.75 0.82 0.96 1.02 1.08 1.14 1.21 1.30 1.36 1.42 1.48 1.55 1.62 1.68 1.85 1.91 1.98 2.04 2.11 2.16 2.21 2.35 2.52 2.69 2.82 3.02 3.19 3.46 3.62 3.70 3.79 3.87 3.89 0.00 0.38 1.36 3.04 3.04 2.94 3.40 5.07 5.08 5.09 3.46 0.44 0.53 0.61 1.52 2.21 2.26 3.92 4.12 4.15 2.58 2.02 1.83 1.20 1.15 1.18 1.04 0.44 0.00 0.00 0.00 0.00 0.00 0.00 0.00 0.00 0.00 0.00 0.00 0.00
-0.01 0.06 0.13 0.23 0.29 0.35 0.42 0.48 0.54 0.60 0.66 0.75 0.89 0.96 1.02 1.08 1.15 1.21 1.29 1.35 1.40 1.47 1.54 1.61 1.68 1.85 1.92 1.99 2.05 2.11 2.16 2.21 2.35 2.52 2.66 2.82 3.02 3.18 3.31 3.55 3.66 3.76 3.82 1.33 0.06 0.69 1.95 3.12 3.12 3.02 3.59 4.84 5.10 5.11 2.74 0.58 0.66 0.71 1.70 2.12 2.56 4.07 4.11 2.99 2.07 2.18 1.90 1.17 0.85 0.96 0.86 0.21 0.00 0.00 0.00 0.00 0.00 0.00 0.00 0.00 0.00 0.00 0.00 0.00
-0.00 0.07 0.14 0.20 0.30 0.36 0.43 0.48 0.54 0.60 0.66 0.76 0.89 0.96 1.02 1.08 1.14 1.20 1.29 1.34 1.40 1.46 1.53 1.60 1.68 1.75 1.96 2.00 2.07 2.12 2.17 2.22 2.35 2.52 2.63 2.83 3.01 3.16 3.38 3.52 3.66 3.74 3.79 0.93 0.52 1.67 2.85 3.08 3.09 3.06 3.75 5.13 5.12 5.13 1.94 0.72 0.71 1.10 1.98 2.16 3.26 4.03 3.32 2.06 1.85 2.04 1.61 1.09 0.61 0.64 0.08 0.00 0.00 0.00 0.00 0.00 0.00 0.00 0.00 0.00 0.00 0.00 0.00 0.00
0.00 0.07 0.14 0.21 0.30 0.36 0.43 0.48 0.54 0.60 0.66 0.72 0.89 0.95 1.01 1.07 1.14 1.20 1.29 1.34 1.40 1.46 1.53 1.60 1.76 1.88 1.97 2.03 2.11 2.16 2.20 2.25 2.30 2.52 2.60 2.83 3.00 3.15 3.25 3.55 3.66 3.73 3.66 0.36 1.11 2.35 2.93 3.17 3.17 3.04 3.76 5.15 5.14 5.14 1.33 0.84 0.78 1.65 1.99 2.19 3.38 3.99 3.25 2.01 1.68 1.96 1.25 0.87 0.29 0.19 0.00 0.00 0.00 0.00 0.00 0.00 0.00 0.00 0.00 0.00 0.00 0.00 0.00 0.00
0.00 0.07 0.14 0.21 0.30 0.36 0.43 0.48 0.53 0.59 0.65 0.72 0.88 0.94 1.00 1.07 1.14 1.21 1.29 1.35 1.41 1.47 1.54 1.60 1.68 1.89 1.98 2.05 2.12 2.18 2.24 2.31 2.32 2.48 2.56 2.83 3.00 3.13 3.31 3.55 3.65 3.73 3.37 0.41 1.54 2.77 2.85 3.15 3.17 3.10 3.95 5.18 5.16 3.90 0.83 0.73 0.78 1.63 1.77 1.92 3.84 3.94 3.34 1.91 1.62 1.63 1.22 0.92 0.01 0.00 0.00 0.00 0.00 0.00 0.00 0.00 0.00 0.00 0.00 0.00 0.00 0.00 0.00 0.00
-0.00 0.07 0.14 0.20 0.30 0.36 0.42 0.47 0.52 0.58 0.65 0.82 0.88 0.94 1.00 1.07 1.14 1.21 1.27 1.36 1.42 1.48 1.55 1.61 1.76 1.89 1.98 2.06 2.13 2.19 2.25 2.33 2.40 2.43 2.57 2.83 3.00 3.10 3.31 3.50 3.65 3.70 2.47 0.70 1.78 2.90 2.88 3.15 3.19 3.75 5.22 5.20 4.64 1.28 0.98 0.87 0.79 1.32 1.71 2.35 3.92 3.93 3.05 1.83 1.57 1.10 0.81 0.08 0.00 0.00 0.00 0.00 0.00 0.00 0.00 0.00 0.00 0.00 0.00 0.00 0.00 0.00 0.00 0.00
-0.01 0.06 0.13 0.20 0.29 0.36 0.42 0.47 0.52 0.59 0.66 0.82 0.88 0.94 1.01 1.08 1.15 1.22 1.29 1.37 1.43 1.49 1.56 1.62 1.68 1.84 1.97 2.06 2.13 2.19 2.26 2.35 2.39 2.45 2.59 2.85 2.99 3.08 3.38 3.52 3.65 3.23 0.66 1.12 2.71 2.96 2.88 3.10 3.22 4.14 5.26 5.23 2.69 1.00 0.97 0.82 0.84 1.36 1.77 2.92 3.91 3.91 2.73 1.43 1.75 1.14 0.67 0.02 0.00 0.00 0.00 0.00 0.00 0.00 0.00 0.00 0.00 0.00 0.00 0.00 0.00 0.00 0.00 0.00
-0.01 0.06 0.13 0.20 0.26 0.36 0.42 0.47 0.53 0.59 0.66 0.83 0.89 0.95 1.02 1.09 1.17 1.24 1.30 1.38 1.44 1.51 1.57 1.63 1.69 1.84 1.97 2.05 2.12 2.19 2.25 2.33 2.39 2.50 2.64 2.86 2.99 3.18 3.40 3.53 2.14 0.45 0.69 1.65 2.71 2.96 2.81 2.96 3.25 4.56 5.28 4.73 1.76 1.04 0.99 0.70 1.00 1.54 1.93 3.37 3.90 3.90 2.77 1.76 1.91 1.12 0.60 0.02 0.00 0.00 0.00 0.00 0.00 0.00 0.00 0.00 0.00 0.00 0.00 0.00 0.00 0.00 0.00 0.00
-0.00 0.06 0.13 0.20 0.26 0.36 0.42 0.48 0.54 0.60 0.74 0.81 0.90 0.96 1.03 1.11 1.18 1.25 1.31 1.40 1.46 1.52 1.58 1.64 1.77 1.84 1.96 2.05 2.12 2.18 2.24 2.30 2.41 2.51 2.66 2.86 2.99 3.19 3.40 3.50 0.04 0.69 0.79 1.90 2.65 2.96 2.82 2.98 3.90 5.32 5.29 2.17 1.64 1.04 1.02 0.81 1.24 1.61 1.98 3.53 3.90 3.90 3.03 2.20 1.17 0.90 0.30 0.01 0.00 0.00 0.00 0.00 0.00 0.00 0.00 0.00 0.00 0.00 0.00 0.00 0.00 0.00 0.00 0.00
0.00 0.07 0.14 0.20 0.27 0.37 0.43 0.49 0.55 0.62 0.75 0.82 0.91 0.98 1.05 1.13 1.20 1.27 1.33 1.41 1.47 1.53 1.59 1.65 1.78 1.85 1.97 2.05 2.12 2.18 2.22 2.28 2.42 2.51 2.67 2.85 2.99 3.18 3.40 3.48 0.90 0.78 0.74 1.71 2.71 3.02 2.90 3.01 4.13 5.34 3.14 2.06 1.69 1.26 1.04 1.36 1.52 1.84 1.85 3.82 3.89 3.80 2.99 2.11 1.29 0.80 0.10 0.00 0.00 0.00 0.00 0.00 0.00 0.00 0.00 0.00 0.00 0.00 0.00 0.00 0.00 0.00 0.00 0.00
0.02 0.08 0.15 0.21 0.28 0.38 0.45 0.51 0.57 0.64 0.77 0.84 0.94 1.00 1.07 1.14 1.21 1.28 1.34 1.40 1.48 1.53 1.59 1.72 1.79 1.86 1.97 2.05 2.12 2.17 2.22 2.29 2.42 2.53 2.68 2.85 2.97 3.16 3.36 3.43 1.23 0.90 0.70 1.69 2.81 3.05 3.03 3.09 3.50 5.38 2.38 2.07 1.66 1.26 1.10 1.30 1.80 1.93 2.03 2.65 3.83 3.68 2.97 1.99 1.13 0.64 0.03 0.00 0.00 0.00 0.00 0.00 0.00 0.00 0.00 0.00 0.00 0.00 0.00 0.00 0.00 0.00 0.00 0.00
0.03 0.09 0.15 0.22 0.29 0.39 0.46 0.53 0.60 0.66 0.73 0.85 0.96 1.02 1.09 1.16 1.23 1.29 1.35 1.41 1.49 1.54 1.60 1.73 1.80 1.86 1.94 2.05 2.12 2.17 2.23 2.30 2.42 2.56 2.67 2.85 3.03 3.18 3.29 0.90 1.11 0.90 1.24 2.10 2.99 3.14 3.11 3.15 3.54 5.41 2.27 2.04 1.42 1.20 1.06 0.91 1.65 1.98 1.32 2.49 3.80 3.07 2.68 1.27 1.18 0.10 0.00 0.00 0.00 0.00 0.00 0.00 0.00 0.00 0.00 0.00 0.00 0.00 0.00 0.00 0.00 0.00 0.00 0.00
0.05 0.11 0.17 0.23 0.29 0.36 0.47 0.54 0.61 0.68 0.74 0.87 0.97 1.04 1.11 1.17 1.24 1.30 1.36 1.42 1.50 1.55 1.61 1.74 1.81 1.87 1.94 2.06 2.12 2.17 2.24 2.32 2.44 2.57 2.62 2.85 2.94 3.22 1.63 0.23 1.00 0.94 1.40 2.30 3.11 3.23 3.19 3.24 3.68 5.43 2.25 2.02 1.35 1.23 1.03 0.84 1.77 1.68 1.03 3.03 3.76 2.88 1.42 1.02 0.35 0.00 0.00 0.00 0.00 0.00 0.00 0.00 0.00 0.00 0.00 0.00 0.00 0.00 0.00 0.00 0.00 0.00 0.00 0.00
0.06 0.12 0.18 0.23 0.29 0.36 0.47 0.55 0.62 0.69 0.81 0.88 0.95 1.06 1.12 1.19 1.25 1.31 1.37 1.43 1.51 1.56 1.62 1.69 1.81 1.88 1.95 2.06 2.14 2.19 2.25 2.35 2.46 2.59 2.63 2.85 2.94 3.21 2.99 0.63 0.64 1.09 1.51 2.76 3.27 3.37 3.31 3.40 4.08 5.45 2.25 2.07 1.33 1.24 1.05 1.10 1.45 1.10 1.13 3.27 3.71 2.43 1.28 0.83 0.07 0.00 0.00 0.00 0.00 0.00 0.00 0.00 0.00 0.00 0.00 0.00 0.00 0.00 0.00 0.00 0.00 0.00 0.00 0.00
0.07 0.13 0.18 0.24 0.29 0.36 0.48 0.55 0.63 0.70 0.83 0.89 0.96 1.07 1.14 1.20 1.26 1.32 1.38 1.44 1.52 1.58 1.64 1.70 1.83 1.89 1.95 2.06 2.15 2.21 2.26 2.38 2.46 2.61 2.65 2.85 2.94 3.24 3.32 3.14 0.35 0.98 1.64 3.06 3.41 3.83 3.59 3.41 4.58 5.47 2.28 2.19 1.39 1.27 1.13 1.40 1.28 1.34 1.60 3.31 3.60 2.34 1.17 0.46 0.00 0.00 0.00 0.00 0.00 0.00 0.00 0.00 0.00 0.00 0.00 0.00 0.00 0.00 0.00 0.00 0.00 0.00 0.00 0.00
