tsunami_inundation/2850.asc
ncols        89
nrows        96
xllcorner    425855.973699999973
yllcorner    5091051.504999999888
cellsize     55.000000000000
NODATA_value  -9999.00
[rows 0 to 36 of 96, columns 0 to 82 of 89]
-9999.00 -0.28 -0.26 -0.18 -0.20 -0.13 -0.08 -0.04 0.00 0.04 0.09 0.13 0.17 0.21 0.30 0.37 0.42 0.53 0.58 0.65 0.72 0.83 0.89 0.95 1.01 1.08 1.14 1.21 1.33 1.40 1.50 1.53 1.57 1.65 1.76 1.92 2.00 2.07 2.13 2.18 2.15 0.07 0.11 0.61 0.56 0.03 0.03 0.02 1.18 3.38 5.22 5.53 5.60 5.64 5.69 5.73 5.83 5.86 5.88 3.99 4.67 4.80 4.41 3.86 2.30 0.53 0.56 1.37 1.30 1.30 0.21 0.00 0.00 0.00 0.00 0.00 0.00 0.00 0.00 0.00 0.00 0.00 0.00
-9999.00 -0.34 -0.31 -0.25 -0.22 -0.19 -0.14 -0.07 -0.03 0.02 0.08 0.12 0.16 0.21 0.30 0.36 0.48 0.53 0.59 0.65 0.72 0.83 0.90 0.96 1.01 1.08 1.14 1.21 1.40 1.45 1.49 1.52 1.56 1.65 1.77 1.93 2.01 2.09 2.16 2.24 2.25 0.07 0.01 0.29 0.57 0.44 0.02 1.40 3.65 5.10 5.44 5.45 5.47 5.52 5.58 5.65 5.75 5.81 5.85 4.03 4.67 4.85 4.69 3.86 1.99 0.46 0.33 1.50 1.66 1.67 0.72 0.00 0.00 0.00 0.00 0.00 0.00 0.00 0.00 0.00 0.00 0.00 0.00
-9999.00 -0.37 -0.30 -0.27 -0.24 -0.21 -0.17 -0.10 -0.05 0.01 0.07 0.12 0.16 0.21 0.30 0.42 0.48 0.53 0.59 0.66 0.72 0.84 0.90 0.96 1.02 1.08 1.14 1.21 1.28 1.45 1.49 1.51 1.55 1.66 1.79 1.90 2.04 2.12 2.20 2.27 2.30 0.04 0.00 0.09 0.33 0.42 1.64 3.33 4.91 5.42 5.34 5.32 5.33 5.39 5.47 5.62 5.69 5.77 5.60 4.33 4.55 4.94 4.82 3.76 2.82 0.40 0.33 1.54 1.76 2.01 1.63 0.01 0.00 0.00 0.00 0.00 0.00 0.00 0.00 0.00 0.00 0.00 0.00
-9999.00 -0.40 -0.33 -0.29 -0.26 -0.23 -0.19 -0.12 -0.06 0.01 0.06 0.11 0.16 0.21 0.30 0.36 0.48 0.53 0.59 0.66 0.73 0.84 0.91 0.96 1.02 1.08 1.14 1.20 1.39 1.45 1.49 1.51 1.56 1.67 1.80 1.92 2.06 2.14 2.22 2.31 2.40 0.35 0.03 0.04 0.13 0.02 1.89 4.23 5.29 5.36 5.23 5.17 5.20 5.27 5.37 5.55 5.62 5.73 5.66 4.75 4.59 4.90 4.71 3.57 2.59 1.48 1.70 1.85 2.12 2.33 1.91 0.57 0.00 0.00 0.00 0.00 0.00 0.00 0.00 0.00 0.00 0.00 0.00
-9999.00 -0.43 -0.35 -0.31 -0.28 -0.24 -0.20 -0.13 -0.06 -0.00 0.06 0.11 0.16 0.21 0.28 0.42 0.48 0.53 0.59 0.66 0.72 0.84 0.91 0.97 1.02 1.07 1.13 1.20 1.27 1.45 1.50 1.52 1.58 1.69 1.82 1.93 2.08 2.16 2.24 2.33 2.45 1.47 0.03 0.04 0.09 0.00 3.14 4.76 5.36 5.31 5.16 5.06 5.09 5.18 5.39 5.48 5.55 5.63 5.70 5.17 4.70 5.16 4.45 3.32 2.21 1.49 1.80 2.00 2.17 2.51 2.14 0.77 0.01 0.00 0.00 0.00 0.00 0.00 0.00 0.00 0.00 0.00 0.00
-9999.00 -0.45 -0.37 -0.33 -0.29 -0.25 -0.21 -0.13 -0.07 -0.01 0.05 0.10 0.16 0.21 0.28 0.42 0.48 0.54 0.59 0.66 0.72 0.79 0.90 0.96 1.00 1.06 1.12 1.19 1.38 1.45 1.50 1.53 1.59 1.71 1.85 1.96 2.11 2.20 2.28 2.37 2.48 1.46 0.04 0.05 0.08 0.20 3.50 5.10 5.33 5.27 5.20 5.11 5.10 5.16 5.31 5.37 5.43 5.52 5.56 5.52 5.51 5.46 5.03 4.03 1.92 1.32 1.96 2.23 2.36 2.69 2.30 0.90 0.03 0.00 0.00 0.00 0.00 0.00 0.00 0.00 0.00 0.00 0.00
-9999.00 -0.44 -0.40 -0.35 -0.30 -0.26 -0.22 -0.17 -0.07 -0.01 0.05 0.10 0.15 0.21 0.28 0.43 0.48 0.54 0.60 0.66 0.72 0.79 0.89 0.95 1.00 1.06 1.11 1.19 1.34 1.45 1.49 1.53 1.61 1.74 1.87 1.99 2.16 2.26 2.34 2.43 2.52 0.00 0.05 0.05 0.13 1.03 2.81 4.59 5.25 5.23 5.21 5.17 5.16 5.18 5.23 5.32 5.36 5.39 5.37 5.37 5.38 5.37 5.13 4.67 3.20 1.51 2.11 2.38 2.40 2.80 2.46 1.12 0.50 0.00 0.00 0.00 0.00 0.00 0.00 0.00 0.00 0.00 0.00
-9999.00 -0.46 -0.41 -0.36 -0.31 -0.27 -0.23 -0.17 -0.08 -0.02 0.04 0.09 0.15 0.21 0.27 0.43 0.48 0.54 0.60 0.66 0.72 0.79 0.88 0.94 1.00 1.06 1.12 1.19 1.35 1.45 1.51 1.55 1.62 1.73 1.89 2.02 2.14 2.32 2.40 2.46 2.53 2.58 0.11 0.06 0.51 1.51 2.93 4.46 5.19 5.21 5.21 5.21 5.20 5.20 5.26 5.28 5.30 5.32 3.96 4.28 5.24 5.24 5.20 5.14 5.04 3.84 2.23 2.54 2.49 2.87 2.65 1.70 1.41 0.00 0.00 0.00 0.00 0.00 0.00 0.00 0.00 0.00 0.00
-9999.00 -0.47 -0.42 -0.37 -0.32 -0.28 -0.23 -0.18 -0.08 -0.02 0.03 0.09 0.14 0.20 0.27 0.42 0.48 0.54 0.60 0.66 0.72 0.79 0.88 0.95 1.01 1.07 1.13 1.28 1.35 1.47 1.52 1.56 1.62 1.73 1.88 2.03 2.18 2.33 2.41 2.48 2.53 0.64 0.13 0.23 1.00 2.03 3.38 4.60 5.14 5.18 5.20 5.22 5.21 5.21 5.23 5.26 5.27 5.27 2.97 2.79 3.80 5.22 5.22 5.17 5.09 5.08 2.59 2.41 2.38 2.91 2.88 2.34 2.00 0.00 0.00 0.00 0.00 0.00 0.00 0.00 0.00 0.00 0.00
-9999.00 -0.52 -0.43 -0.38 -0.33 -0.28 -0.24 -0.19 -0.09 -0.03 0.03 0.08 0.14 0.20 0.26 0.42 0.49 0.54 0.60 0.65 0.72 0.79 0.85 0.95 1.01 1.07 1.14 1.20 1.36 1.47 1.53 1.57 1.62 1.73 1.89 2.05 2.19 2.36 2.45 2.54 2.63 1.82 0.44 0.74 1.66 2.73 4.23 5.03 5.09 5.13 5.18 5.20 5.20 5.21 5.24 5.25 5.27 3.89 2.45 2.83 3.23 3.74 3.44 3.49 4.95 5.10 2.80 2.32 2.56 2.97 2.74 2.23 1.86 0.00 0.00 0.00 0.00 0.00 0.00 0.00 0.00 0.00 0.00
-9999.00 -0.54 -0.45 -0.39 -0.34 -0.29 -0.25 -0.20 -0.10 -0.04 0.01 0.07 0.13 0.19 0.26 0.42 0.49 0.55 0.60 0.65 0.71 0.78 0.85 0.95 1.02 1.08 1.14 1.21 1.36 1.44 1.53 1.58 1.63 1.75 1.91 2.07 2.21 2.39 2.51 2.62 2.73 3.51 3.67 2.94 2.46 3.96 4.86 4.99 5.04 5.10 5.14 5.16 5.17 5.18 5.21 5.23 4.32 2.65 2.65 3.15 3.22 3.25 3.10 3.03 4.50 5.02 3.47 2.47 2.62 3.00 2.86 2.15 2.01 0.35 0.00 0.00 0.00 0.00 0.00 0.00 0.00 0.00 0.00
-9999.00 -0.56 -0.46 -0.41 -0.36 -0.31 -0.26 -0.21 -0.15 -0.06 -0.00 0.06 0.12 0.18 0.32 0.43 0.49 0.55 0.60 0.65 0.71 0.78 0.85 0.95 1.01 1.08 1.14 1.28 1.36 1.43 1.53 1.58 1.64 1.76 1.93 2.09 2.23 2.37 2.58 2.71 2.84 3.63 3.92 4.17 4.48 4.68 4.79 4.87 4.94 4.98 5.02 5.06 5.08 5.15 5.17 5.19 3.77 2.26 2.25 3.15 3.22 3.37 3.21 3.15 4.17 4.92 3.61 2.77 2.83 3.02 2.73 2.00 1.93 1.21 0.00 0.00 0.00 0.00 0.00 0.00 0.00 0.00 0.00
-0.58 -0.53 -0.49 -0.43 -0.37 -0.32 -0.27 -0.22 -0.16 -0.07 -0.01 0.05 0.11 0.25 0.32 0.43 0.50 0.55 0.60 0.64 0.70 0.77 0.84 0.94 1.01 1.08 1.14 1.28 1.35 1.43 1.52 1.57 1.65 1.78 1.94 2.12 2.28 2.43 2.68 2.85 3.28 3.66 3.94 4.17 4.46 4.62 4.73 4.81 4.88 4.93 4.97 5.01 5.04 5.11 5.09 5.08 2.78 2.12 2.32 3.03 3.10 3.10 3.01 2.98 3.76 4.81 2.69 2.60 2.61 3.00 2.75 1.84 1.54 0.93 0.07 0.00 0.00 0.00 0.00 0.00 0.00 0.00 0.00
-0.60 -0.55 -0.50 -0.44 -0.38 -0.33 -0.28 -0.23 -0.17 -0.08 -0.02 0.04 0.10 0.18 0.32 0.39 0.50 0.55 0.59 0.64 0.70 0.76 0.83 0.94 1.00 1.07 1.14 1.27 1.35 1.42 1.50 1.56 1.64 1.79 1.97 2.15 2.31 2.47 2.74 3.11 3.31 3.64 3.93 4.15 4.35 4.55 4.66 4.74 4.82 4.88 4.92 4.95 5.00 5.04 5.06 3.98 2.42 2.00 2.80 2.99 2.98 2.92 2.84 2.95 3.55 4.71 2.54 2.05 2.11 3.14 2.59 1.79 1.32 0.13 0.00 0.00 0.00 0.00 0.00 0.00 0.00 0.00 0.00
-0.62 -0.56 -0.51 -0.45 -0.39 -0.34 -0.29 -0.24 -0.18 -0.09 -0.03 0.03 0.10 0.24 0.31 0.38 0.49 0.54 0.59 0.64 0.69 0.76 0.82 0.89 0.99 1.06 1.13 1.27 1.35 1.42 1.49 1.54 1.63 1.80 2.00 2.17 2.33 2.50 2.79 3.17 3.37 3.61 3.88 4.10 4.28 4.48 4.58 4.67 4.75 4.84 4.89 4.93 4.98 5.01 5.01 3.27 2.03 2.06 2.79 2.80 2.76 2.75 3.03 2.68 3.26 4.47 2.48 2.09 2.08 3.04 2.31 1.57 1.20 0.51 0.00 0.00 0.00 0.00 0.00 0.00 0.00 0.00 0.00
-0.63 -0.59 -0.51 -0.46 -0.40 -0.34 -0.30 -0.25 -0.19 -0.09 -0.04 0.02 0.08 0.23 0.30 0.37 0.47 0.53 0.58 0.63 0.68 0.75 0.81 0.88 0.98 1.05 1.12 1.26 1.34 1.41 1.46 1.52 1.63 1.81 2.01 2.18 2.34 2.52 2.83 3.02 3.40 3.60 3.84 4.05 4.21 4.39 4.48 4.60 4.69 4.79 4.84 4.88 4.92 4.96 4.86 3.24 1.18 2.15 2.71 2.73 2.58 2.68 2.61 2.39 3.30 2.45 2.23 2.11 2.83 2.92 2.47 1.42 0.96 0.17 0.00 0.00 0.00 0.00 0.00 0.00 0.00 0.00 0.00
-0.64 -0.60 -0.52 -0.46 -0.40 -0.35 -0.30 -0.25 -0.20 -0.14 -0.05 0.00 0.06 0.21 0.28 0.36 0.46 0.52 0.57 0.62 0.68 0.74 0.80 0.87 0.97 1.04 1.11 1.25 1.33 1.40 1.45 1.51 1.63 1.81 2.01 2.18 2.34 2.54 2.76 3.04 3.41 3.60 3.80 3.99 4.14 4.33 4.40 4.49 4.61 4.70 4.78 4.84 4.88 4.93 4.31 3.14 1.31 2.52 2.88 2.80 2.95 2.72 2.67 2.45 3.57 2.32 2.10 1.83 2.72 2.76 2.83 1.36 0.95 0.07 0.00 0.00 0.00 0.00 0.00 0.00 0.00 0.00 0.00
-0.65 -0.60 -0.52 -0.47 -0.41 -0.36 -0.32 -0.26 -0.21 -0.15 -0.06 -0.01 0.05 0.12 0.27 0.34 0.44 0.51 0.56 0.61 0.67 0.73 0.80 0.86 0.96 1.03 1.16 1.24 1.31 1.38 1.43 1.50 1.62 1.81 1.99 2.16 2.34 2.56 2.77 3.06 3.39 3.56 3.72 3.87 4.02 4.18 4.33 4.46 4.58 4.68 4.76 4.81 4.89 4.90 3.92 2.70 1.56 2.63 2.75 2.90 2.93 2.52 2.49 2.53 4.17 3.07 2.13 1.82 2.62 2.66 2.55 1.02 0.94 0.07 0.00 0.00 0.00 0.00 0.00 0.00 0.00 0.00 0.00
-0.67 -0.61 -0.53 -0.47 -0.42 -0.37 -0.32 -0.27 -0.21 -0.15 -0.07 -0.02 0.04 0.19 0.26 0.33 0.40 0.49 0.55 0.61 0.66 0.73 0.79 0.86 0.96 1.03 1.09 1.21 1.29 1.36 1.42 1.49 1.60 1.76 1.96 2.14 2.34 2.56 2.78 3.21 3.36 3.51 3.65 3.79 3.91 4.01 3.83 4.24 4.60 4.70 4.76 4.80 4.84 4.89 4.31 2.29 1.51 2.39 2.28 2.83 2.57 2.41 2.70 3.61 4.23 2.33 2.38 2.05 2.48 2.48 2.21 0.81 0.43 0.00 0.00 0.00 0.00 0.00 0.00 0.00 0.00 0.00 0.00
-0.68 -0.62 -0.55 -0.47 -0.42 -0.37 -0.32 -0.27 -0.22 -0.16 -0.08 -0.03 0.03 0.18 0.25 0.32 0.39 0.48 0.54 0.60 0.66 0.72 0.79 0.85 0.91 1.07 1.12 1.18 1.26 1.34 1.40 1.45 1.54 1.74 1.94 2.12 2.33 2.56 2.77 3.04 3.33 3.46 3.58 3.71 3.77 3.58 0.75 3.08 4.51 4.73 4.77 4.80 4.86 4.88 4.90 1.85 1.55 2.25 2.11 2.46 2.37 3.98 4.20 4.20 2.63 1.76 2.04 1.45 2.11 2.04 1.70 1.49 0.71 0.00 0.00 0.00 0.00 0.00 0.00 0.00 0.00 0.00 0.00
-0.68 -0.62 -0.55 -0.47 -0.42 -0.37 -0.32 -0.27 -0.22 -0.16 -0.12 -0.04 0.03 0.17 0.24 0.31 0.38 0.48 0.54 0.60 0.65 0.71 0.77 0.83 0.89 0.98 1.10 1.16 1.24 1.32 1.37 1.40 1.50 1.72 1.95 2.09 2.32 2.56 2.76 3.16 3.29 3.41 3.53 3.59 2.71 0.21 0.69 3.06 4.12 4.72 4.78 4.81 4.86 4.88 4.88 1.33 1.49 2.03 1.95 2.21 2.43 4.15 4.16 4.14 2.23 2.11 1.90 1.46 1.93 1.89 1.82 1.76 1.03 0.00 0.00 0.00 0.00 0.00 0.00 0.00 0.00 0.00 0.00
-0.68 -0.62 -0.55 -0.47 -0.42 -0.37 -0.31 -0.26 -0.21 -0.16 -0.12 -0.04 0.11 0.17 0.24 0.31 0.38 0.48 0.54 0.59 0.64 0.70 0.76 0.82 0.87 1.02 1.08 1.15 1.22 1.29 1.34 1.36 1.47 1.70 1.94 2.06 2.33 2.56 2.90 3.13 3.25 3.36 3.46 3.56 0.99 0.43 0.46 2.75 3.36 3.68 4.18 4.86 4.88 4.90 4.13 0.44 0.58 1.29 1.68 2.24 2.33 3.80 4.11 4.12 2.84 1.97 1.75 1.20 1.76 1.77 1.80 1.72 0.97 0.00 0.00 0.00 0.00 0.00 0.00 0.00 0.00 0.00 0.00
-0.68 -0.61 -0.55 -0.46 -0.41 -0.35 -0.30 -0.25 -0.20 -0.15 -0.11 -0.02 0.04 0.18 0.25 0.32 0.38 0.45 0.53 0.58 0.63 0.68 0.74 0.80 0.86 1.01 1.08 1.14 1.21 1.27 1.30 1.32 1.45 1.68 1.92 2.06 2.34 2.55 2.87 3.09 3.19 3.31 3.40 3.40 0.01 0.27 1.16 2.85 2.84 2.74 3.20 4.88 4.90 4.91 3.28 0.24 0.37 0.50 1.48 2.18 2.23 3.88 4.09 4.11 2.55 2.05 1.86 1.21 1.62 1.62 1.52 1.27 0.75 0.00 0.00 0.00 0.00 0.00 0.00 0.00 0.00 0.00 0.00
-0.67 -0.61 -0.54 -0.45 -0.40 -0.34 -0.29 -0.24 -0.19 -0.15 -0.10 -0.01 0.12 0.18 0.25 0.32 0.38 0.45 0.52 0.57 0.61 0.67 0.72 0.78 0.84 1.00 1.07 1.13 1.19 1.24 1.27 1.30 1.45 1.68 1.86 2.07 2.33 2.53 2.67 2.97 3.14 3.26 3.32 0.86 0.03 0.56 1.78 2.94 2.93 2.83 3.40 4.64 4.92 4.93 2.55 0.38 0.49 0.62 1.67 2.09 2.54 4.04 4.07 2.96 2.05 2.23 1.95 1.20 1.50 1.52 1.48 1.14 0.41 0.00 0.00 0.00 0.00 0.00 0.00 0.00 0.00 0.00 0.00
-0.67 -0.60 -0.53 -0.47 -0.39 -0.33 -0.28 -0.23 -0.19 -0.14 -0.09 -0.01 0.12 0.18 0.25 0.31 0.38 0.44 0.52 0.56 0.61 0.66 0.72 0.78 0.83 0.89 1.05 1.13 1.18 1.22 1.26 1.28 1.42 1.66 1.78 2.07 2.31 2.50 2.74 2.94 3.12 3.23 3.29 0.51 0.43 1.53 2.69 2.91 2.91 2.87 3.56 4.94 4.94 4.94 1.74 0.52 0.52 1.04 1.96 2.14 3.24 4.01 3.30 2.04 1.85 2.10 1.68 1.14 1.28 1.32 0.94 0.55 0.00 0.00 0.00 0.00 0.00 0.00 0.00 0.00 0.00 0.00 0.00
-0.66 -0.59 -0.53 -0.47 -0.38 -0.33 -0.27 -0.23 -0.19 -0.14 -0.09 -0.03 0.11 0.17 0.24 0.31 0.38 0.45 0.53 0.57 0.62 0.68 0.73 0.78 0.88 0.97 1.04 1.11 1.17 1.22 1.26 1.29 1.33 1.65 1.71 2.06 2.30 2.47 2.58 2.95 3.10 3.21 3.15 0.09 1.00 2.20 2.77 2.99 2.99 2.85 3.57 4.96 4.95 4.95 1.12 0.65 0.61 1.57 1.96 2.19 3.38 3.98 3.24 2.02 1.77 2.05 1.35 1.02 0.93 0.94 0.13 0.01 0.00 0.00 0.00 0.00 0.00 0.00 0.00 0.00 0.00 0.00 0.00
-0.65 -0.59 -0.53 -0.47 -0.38 -0.33 -0.27 -0.23 -0.19 -0.14 -0.09 -0.03 0.11 0.17 0.23 0.31 0.38 0.45 0.53 0.58 0.63 0.68 0.73 0.77 0.82 0.96 1.04 1.11 1.17 1.22 1.28 1.34 1.34 1.51 1.63 2.04 2.28 2.43 2.62 2.95 3.09 3.19 2.86 0.21 1.41 2.62 2.70 2.98 2.99 2.91 3.76 4.99 4.97 3.72 0.63 0.55 0.63 1.55 1.75 1.92 3.84 3.93 3.34 1.93 1.72 1.73 1.36 1.16 0.51 0.27 0.01 0.00 0.00 0.00 0.00 0.00 0.00 0.00 0.00 0.00 0.00 0.00 0.00
-0.66 -0.60 -0.53 -0.47 -0.39 -0.33 -0.28 -0.23 -0.19 -0.14 -0.08 0.07 0.12 0.18 0.24 0.31 0.38 0.45 0.51 0.58 0.63 0.68 0.72 0.77 0.86 0.96 1.04 1.11 1.17 1.22 1.28 1.37 1.44 1.39 1.64 2.03 2.24 2.35 2.62 2.88 3.07 3.15 1.96 0.64 1.66 2.76 2.73 2.97 3.01 3.57 5.04 5.03 4.46 1.10 0.78 0.70 0.64 1.25 1.68 2.35 3.91 3.92 3.05 1.86 1.67 1.22 1.01 0.63 0.29 0.02 0.00 -0.00 0.00 0.00 0.00 0.00 0.00 0.00 0.00 0.00 0.00 0.00 0.00
-0.66 -0.60 -0.54 -0.48 -0.39 -0.33 -0.28 -0.23 -0.19 -0.13 -0.07 0.08 0.13 0.18 0.24 0.31 0.38 0.45 0.50 0.57 0.62 0.67 0.72 0.76 0.81 0.93 1.04 1.12 1.18 1.23 1.29 1.39 1.41 1.41 1.67 2.04 2.21 2.30 2.70 2.87 3.05 2.63 0.57 0.98 2.56 2.82 2.73 2.94 3.06 3.97 5.09 5.06 2.52 0.82 0.78 0.65 0.70 1.29 1.74 2.90 3.89 3.90 2.73 1.49 1.86 1.27 1.04 0.52 0.00 0.00 0.00 0.00 0.00 0.00 0.00 0.00 0.00 0.00 0.00 0.00 0.00 0.00 0.00
-0.65 -0.60 -0.54 -0.48 -0.42 -0.33 -0.28 -0.23 -0.18 -0.12 -0.06 0.09 0.14 0.19 0.25 0.31 0.38 0.44 0.49 0.56 0.61 0.67 0.72 0.76 0.81 0.93 1.05 1.13 1.20 1.25 1.29 1.35 1.40 1.53 1.73 2.04 2.20 2.40 2.71 2.88 1.48 0.42 0.57 1.50 2.56 2.82 2.67 2.82 3.09 4.40 5.12 4.57 1.59 0.86 0.80 0.54 0.86 1.46 1.90 3.35 3.88 3.89 2.77 1.77 2.01 1.23 1.00 0.60 0.00 0.00 0.00 0.00 0.00 0.00 0.00 0.00 0.00 0.00 0.00 0.00 0.00 0.00 0.00
-0.64 -0.59 -0.53 -0.47 -0.42 -0.33 -0.27 -0.23 -0.18 -0.12 0.01 0.06 0.14 0.19 0.25 0.31 0.37 0.43 0.49 0.55 0.60 0.66 0.72 0.78 0.89 0.96 1.07 1.15 1.21 1.26 1.29 1.33 1.45 1.57 1.76 2.04 2.19 2.42 2.72 2.86 0.01 0.58 0.67 1.75 2.49 2.80 2.68 2.84 3.76 5.18 5.13 2.01 1.47 0.86 0.83 0.64 1.11 1.52 1.94 3.50 3.87 3.87 3.02 2.20 1.27 1.06 0.97 0.37 0.00 0.00 0.00 0.00 0.00 0.00 0.00 0.00 0.00 0.00 0.00 0.00 0.00 0.00 0.00
-0.63 -0.58 -0.52 -0.47 -0.41 -0.33 -0.27 -0.22 -0.17 -0.11 0.00 0.06 0.14 0.20 0.25 0.31 0.37 0.43 0.48 0.55 0.60 0.66 0.72 0.78 0.91 0.98 1.09 1.16 1.22 1.27 1.29 1.33 1.52 1.60 1.80 2.04 2.19 2.45 2.74 2.85 0.42 0.66 0.61 1.56 2.55 2.86 2.75 2.85 3.99 5.19 2.98 1.89 1.51 1.06 0.84 1.18 1.38 1.74 1.81 3.79 3.85 3.77 2.97 2.12 1.38 1.04 0.77 0.25 0.00 0.00 0.00 0.00 0.00 0.00 0.00 0.00 0.00 0.00 0.00 0.00 0.00 0.00 0.00
-0.63 -0.57 -0.52 -0.47 -0.41 -0.33 -0.28 -0.23 -0.17 -0.12 -0.01 0.05 0.14 0.20 0.26 0.32 0.38 0.43 0.48 0.53 0.60 0.66 0.73 0.86 0.92 0.99 1.10 1.17 1.23 1.27 1.30 1.37 1.55 1.65 1.82 2.03 2.18 2.46 2.72 2.81 0.84 0.74 0.57 1.54 2.66 2.89 2.86 2.93 3.34 5.22 2.21 1.89 1.46 1.07 0.92 1.13 1.66 1.82 1.99 2.63 3.80 3.65 2.95 2.00 1.24 0.92 0.42 0.00 0.00 0.00 0.00 0.00 0.00 0.00 0.00 0.00 0.00 0.00 0.00 0.00 0.00 0.00 0.00
-0.62 -0.57 -0.52 -0.48 -0.43 -0.34 -0.28 -0.23 -0.17 -0.12 -0.07 0.05 0.14 0.20 0.26 0.32 0.38 0.44 0.49 0.54 0.61 0.67 0.73 0.86 0.93 0.99 1.06 1.18 1.24 1.28 1.33 1.41 1.56 1.71 1.81 2.04 2.28 2.52 2.66 0.46 0.97 0.76 1.09 1.95 2.83 2.98 2.95 2.98 3.37 5.24 2.09 1.86 1.23 1.01 0.89 0.74 1.51 1.87 1.24 2.48 3.77 3.04 2.66 1.37 1.33 0.75 0.52 0.00 0.00 0.00 0.00 0.00 0.00 0.00 0.00 0.00 0.00 0.00 0.00 0.00 0.00 0.00 0.00
-0.63 -0.58 -0.53 -0.48 -0.43 -0.38 -0.28 -0.22 -0.17 -0.11 -0.06 0.05 0.14 0.21 0.27 0.33 0.39 0.44 0.50 0.55 0.63 0.68 0.74 0.87 0.93 0.99 1.06 1.18 1.24 1.28 1.35 1.43 1.57 1.73 1.75 2.05 2.17 2.59 1.02 0.22 0.87 0.81 1.24 2.14 2.96 3.07 3.02 3.07 3.51 5.26 2.07 1.84 1.16 1.05 0.86 0.68 1.62 1.57 0.97 3.02 3.74 2.86 1.46 1.13 0.75 0.02 0.00 0.00 0.00 0.00 0.00 0.00 0.00 0.00 0.00 0.00 0.00 0.00 0.00 0.00 0.00 0.00 0.00
-0.63 -0.58 -0.54 -0.49 -0.44 -0.38 -0.28 -0.22 -0.16 -0.10 -0.00 0.05 0.12 0.22 0.28 0.34 0.39 0.45 0.51 0.56 0.64 0.69 0.75 0.82 0.93 0.99 1.05 1.17 1.26 1.30 1.34 1.46 1.59 1.74 1.75 2.04 2.16 2.57 2.36 0.32 0.54 0.95 1.35 2.60 3.11 3.21 3.14 3.23 3.91 5.28 2.08 1.89 1.15 1.07 0.89 0.93 1.31 0.99 1.13 3.26 3.70 2.42 1.31 1.08 1.39 0.00 0.00 0.00 0.00 0.00 0.00 0.00 0.00 0.00 0.00 0.00 0.00 0.00 0.00 0.00 0.00 0.00 0.00
-0.63 -0.58 -0.54 -0.50 -0.45 -0.39 -0.28 -0.21 -0.15 -0.09 0.01 0.07 0.13 0.23 0.29 0.34 0.40 0.46 0.52 0.57 0.66 0.71 0.77 0.83 0.95 1.00 1.05 1.16 1.26 1.31 1.35 1.48 1.57 1.76 1.77 2.04 2.15 2.61 2.71 2.51 0.20 0.85 1.47 2.89 3.24 3.67 3.42 3.24 4.40 5.30 2.10 2.01 1.22 1.10 0.96 1.24 1.14 1.29 1.62 3.32 3.61 2.35 1.19 1.00 0.57 0.00 0.00 0.00 0.00 0.00 0.00 0.00 0.00 0.00 0.00 0.00 0.00 0.00 0.00 0.00 0.00 0.00 0.00
