tsunami_inundation/2850.asc
ncols        89
nrows        96
xllcorner    425855.973699999973
yllcorner    5091051.504999999888
cellsize     55.000000000000
NODATA_value  -9999.00
[rows 37 to 73 of 96, columns 0 to 82 of 89]
-0.63 -0.58 -0.54 -0.50 -0.45 -0.39 -0.28 -0.21 -0.14 -0.03 0.03 0.08 0.14 0.25 0.31 0.36 0.41 0.47 0.53 0.59 0.64 0.72 0.84 0.90 0.96 1.01 1.06 1.15 1.25 1.33 1.39 1.52 1.57 1.76 1.78 2.03 2.14 2.61 2.74 2.82 0.00 0.91 1.61 2.90 3.27 3.87 3.76 3.38 5.20 5.32 2.14 2.03 1.18 1.02 1.07 1.13 0.88 1.46 1.49 3.48 3.56 2.87 2.41 1.24 0.00 0.00 0.00 0.00 0.00 0.00 0.00 0.00 0.00 0.00 0.00 0.00 0.00 0.00 0.00 0.00 0.00 0.00 0.00
-0.63 -0.57 -0.54 -0.48 -0.43 -0.38 -0.30 -0.20 -0.13 -0.01 0.05 0.10 0.16 0.25 0.31 0.37 0.42 0.48 0.53 0.59 0.65 0.73 0.85 0.91 0.96 1.02 1.06 1.10 1.25 1.35 1.45 1.55 1.61 1.73 1.81 2.10 2.43 2.64 2.73 1.72 0.03 0.96 1.71 2.94 3.34 3.68 3.36 3.76 5.35 2.43 2.15 1.93 1.14 1.02 1.06 0.87 1.00 1.52 1.61 3.54 3.54 3.09 2.65 0.94 0.26 0.00 0.00 0.00 0.00 0.00 0.00 0.00 0.00 0.00 0.00 0.00 0.00 0.00 0.00 0.00 0.00 0.00 0.00
-0.63 -0.57 -0.53 -0.48 -0.43 -0.37 -0.30 -0.20 -0.13 -0.00 0.05 0.11 0.16 0.26 0.32 0.38 0.43 0.48 0.54 0.60 0.66 0.74 0.85 0.91 0.97 1.02 1.06 1.09 1.24 1.38 1.49 1.58 1.65 1.71 1.85 1.99 2.47 2.67 2.72 0.80 0.34 1.06 2.11 2.99 3.23 3.54 3.40 4.76 5.33 2.41 2.17 1.92 1.16 1.07 1.07 0.81 1.06 1.42 1.91 3.53 3.52 3.09 1.23 0.86 0.73 0.00 0.00 0.00 0.00 0.00 0.00 0.00 0.00 0.00 0.00 0.00 0.00 0.00 0.00 0.00 0.00 0.00 0.00
-0.63 -0.57 -0.52 -0.48 -0.43 -0.37 -0.30 -0.20 -0.13 -0.07 0.05 0.11 0.17 0.23 0.33 0.38 0.44 0.49 0.55 0.61 0.67 0.75 0.85 0.91 0.96 1.02 1.06 1.10 1.24 1.38 1.52 1.63 1.69 1.74 1.90 2.13 2.49 2.67 2.75 0.06 0.49 1.02 2.50 3.07 3.29 3.56 3.59 5.39 5.38 2.38 2.22 1.98 1.18 1.09 0.99 0.65 1.42 1.77 2.91 3.52 3.49 2.88 1.71 1.02 0.20 0.00 0.00 0.00 0.00 0.00 0.00 0.00 0.00 0.00 0.00 0.00 0.00 0.00 0.00 0.00 0.00 0.00 0.00
-0.63 -0.57 -0.52 -0.47 -0.42 -0.37 -0.30 -0.20 -0.14 -0.07 0.05 0.11 0.17 0.23 0.33 0.39 0.45 0.51 0.56 0.62 0.67 0.75 0.80 0.90 0.95 1.01 1.06 1.11 1.27 1.39 1.54 1.66 1.72 1.76 1.91 2.02 2.51 2.68 2.77 0.06 0.50 0.87 2.23 3.15 3.39 3.40 4.18 5.40 5.39 2.24 2.14 1.89 1.17 1.05 0.79 0.80 1.93 3.05 3.47 3.39 3.38 3.12 2.25 1.24 0.15 0.00 0.00 0.00 0.00 0.00 0.00 0.00 0.00 0.00 0.00 0.00 0.00 0.00 0.00 0.00 0.00 0.00 0.00
-0.64 -0.57 -0.52 -0.47 -0.42 -0.36 -0.30 -0.20 -0.08 -0.01 0.05 0.11 0.18 0.24 0.34 0.40 0.46 0.51 0.57 0.62 0.68 0.73 0.85 0.89 0.95 1.01 1.07 1.12 1.28 1.40 1.55 1.66 1.74 1.79 1.93 2.21 2.54 2.69 2.47 0.24 0.88 1.25 2.41 3.13 3.47 3.43 5.00 5.41 5.41 2.47 2.14 1.76 1.11 1.04 0.69 1.43 3.04 3.49 2.33 1.42 2.65 3.28 2.03 1.22 0.15 0.00 0.00 0.00 0.00 0.00 0.00 0.00 0.00 0.00 0.00 0.00 0.00 0.00 0.00 0.00 0.00 0.00 0.00
-0.64 -0.57 -0.51 -0.46 -0.41 -0.35 -0.29 -0.23 -0.15 -0.02 0.05 0.12 0.18 0.25 0.34 0.40 0.46 0.51 0.57 0.62 0.68 0.80 0.84 0.89 0.94 0.99 1.07 1.13 1.23 1.42 1.58 1.64 1.75 1.80 1.95 2.03 2.57 2.72 2.43 0.44 1.19 1.49 2.72 3.14 3.43 3.42 5.42 5.42 4.59 2.47 2.11 2.06 1.81 1.17 1.02 1.63 2.26 2.86 2.19 1.93 2.65 3.25 1.97 1.04 0.08 0.00 0.00 0.00 0.00 0.00 0.00 0.00 0.00 0.00 0.00 0.00 0.00 0.00 0.00 0.00 0.00 0.00 0.00
-0.64 -0.57 -0.50 -0.45 -0.40 -0.35 -0.28 -0.23 -0.15 -0.02 0.05 0.12 0.19 0.25 0.32 0.40 0.46 0.51 0.56 0.62 0.67 0.72 0.84 0.88 0.93 0.99 1.06 1.12 1.22 1.43 1.59 1.64 1.74 1.83 2.05 2.33 2.61 2.75 0.06 0.48 0.95 1.87 3.49 3.35 3.37 3.33 5.44 5.43 3.42 2.40 2.10 2.05 1.94 1.17 1.38 1.85 1.67 1.58 1.35 1.40 1.68 3.26 2.02 1.00 0.00 0.00 0.00 0.00 0.00 0.00 0.00 0.00 0.00 0.00 0.00 0.00 0.00 0.00 0.00 0.00 0.00 0.00 0.00
-0.64 -0.56 -0.49 -0.44 -0.39 -0.34 -0.28 -0.22 -0.09 -0.02 0.05 0.13 0.19 0.26 0.32 0.41 0.46 0.51 0.56 0.62 0.67 0.79 0.84 0.88 0.92 0.98 1.05 1.12 1.22 1.43 1.56 1.62 1.72 1.86 1.97 2.25 2.64 2.80 0.04 0.51 1.15 2.89 3.56 3.29 3.33 3.31 5.44 2.84 2.48 2.34 2.13 2.06 1.74 1.16 1.71 1.91 1.77 1.58 1.16 1.27 1.96 3.25 1.66 0.88 0.00 0.00 0.00 0.00 0.00 0.00 0.00 0.00 0.00 0.00 0.00 0.00 0.00 0.00 0.00 0.00 0.00 0.00 0.00
-0.68 -0.56 -0.49 -0.43 -0.39 -0.33 -0.27 -0.21 -0.09 -0.02 0.05 0.12 0.20 0.26 0.33 0.41 0.46 0.51 0.56 0.62 0.67 0.77 0.84 0.87 0.90 0.96 1.03 1.10 1.20 1.43 1.53 1.62 1.71 1.90 2.00 2.33 2.63 1.64 0.02 0.86 2.13 3.06 3.38 3.47 3.31 3.28 5.44 2.65 2.43 2.25 2.09 2.08 1.56 1.33 1.90 2.07 1.90 1.56 0.97 1.75 3.20 2.52 1.18 0.00 0.00 0.00 0.00 0.00 0.00 0.00 0.00 0.00 0.00 0.00 0.00 0.00 0.00 0.00 0.00 0.00 0.00 0.00 0.00
-0.68 -0.57 -0.50 -0.44 -0.39 -0.33 -0.27 -0.21 -0.09 -0.02 0.05 0.12 0.20 0.27 0.33 0.42 0.47 0.52 0.57 0.62 0.67 0.77 0.84 0.87 0.89 0.94 1.01 1.08 1.18 1.34 1.52 1.60 1.74 1.90 1.99 2.40 2.62 0.66 0.32 0.85 2.15 3.20 3.25 3.36 4.03 4.02 5.44 4.52 2.28 2.21 2.08 1.98 1.41 1.44 1.90 2.13 1.90 1.49 0.94 3.09 1.88 1.10 0.00 0.00 0.00 0.00 0.00 0.00 0.00 0.00 0.00 0.00 0.00 0.00 0.00 0.00 0.00 0.00 0.00 0.00 0.00 0.00 0.00
-0.68 -0.57 -0.50 -0.44 -0.39 -0.33 -0.27 -0.21 -0.09 -0.02 0.05 0.12 0.20 0.27 0.33 0.42 0.48 0.52 0.57 0.62 0.67 0.72 0.85 0.88 0.90 0.93 0.99 1.06 1.17 1.32 1.48 1.56 1.77 1.89 1.97 2.42 2.61 0.44 0.32 0.87 2.23 3.20 3.05 3.28 3.60 3.42 5.42 2.35 2.20 2.18 2.04 1.64 1.25 1.32 1.81 1.96 1.77 1.60 1.49 3.20 1.54 0.70 0.00 0.00 0.00 0.00 0.00 0.00 0.00 0.00 0.00 0.00 0.00 0.00 0.00 0.00 0.00 0.00 0.00 0.00 0.00 0.00 0.00
-0.69 -0.58 -0.51 -0.45 -0.39 -0.33 -0.27 -0.21 -0.09 -0.02 0.05 0.12 0.20 0.27 0.33 0.40 0.48 0.53 0.58 0.63 0.68 0.78 0.85 0.89 0.91 0.93 0.97 1.03 1.17 1.32 1.40 1.57 1.77 1.88 1.95 2.45 2.53 0.17 0.38 1.23 2.90 3.37 3.26 3.33 3.27 3.33 5.40 4.56 2.17 2.14 1.96 1.16 1.04 1.25 1.84 1.91 1.73 1.71 1.61 2.88 1.61 0.53 0.00 0.00 0.00 0.00 0.00 0.00 0.00 0.00 0.00 0.00 0.00 0.00 0.00 0.00 0.00 0.00 0.00 0.00 0.00 0.00 0.00
-0.70 -0.59 -0.52 -0.46 -0.40 -0.33 -0.27 -0.21 -0.09 -0.03 0.04 0.12 0.20 0.27 0.34 0.40 0.49 0.54 0.59 0.64 0.69 0.79 0.86 0.90 0.92 0.93 0.97 0.97 1.15 1.32 1.34 1.56 1.75 1.86 2.28 2.45 1.35 0.57 1.01 1.92 3.00 3.29 3.33 3.38 3.33 3.40 5.38 2.34 2.19 2.21 1.72 1.57 1.63 1.40 1.84 1.90 1.72 1.74 1.57 3.00 3.34 0.26 0.00 0.00 0.00 0.00 0.00 0.00 0.00 0.00 0.00 0.00 0.00 0.00 0.00 0.00 0.00 0.00 0.00 0.00 0.00 0.00 0.00
-0.71 -0.63 -0.53 -0.47 -0.40 -0.33 -0.27 -0.17 -0.09 -0.03 0.05 0.13 0.20 0.27 0.34 0.41 0.50 0.55 0.59 0.64 0.74 0.79 0.84 0.91 0.94 0.96 0.98 0.96 1.15 1.29 1.29 1.55 1.74 1.95 2.30 2.38 0.37 0.80 1.40 2.02 2.53 2.93 2.93 2.80 3.06 3.92 5.36 2.37 2.28 2.23 1.71 1.96 1.57 1.44 1.86 1.93 1.62 1.48 1.41 2.49 3.43 0.00 0.00 0.00 0.00 0.00 0.00 0.00 0.00 0.00 0.00 0.00 0.00 0.00 0.00 0.00 0.00 0.00 0.00 0.00 0.00 0.00 0.00
-0.72 -0.64 -0.54 -0.47 -0.40 -0.34 -0.27 -0.17 -0.09 -0.03 0.05 0.13 0.21 0.28 0.34 0.41 0.50 0.55 0.60 0.65 0.74 0.79 0.84 0.90 0.94 1.01 0.98 0.96 1.15 1.29 1.29 1.56 1.71 1.98 2.29 2.11 0.14 1.07 2.09 1.85 1.97 2.20 2.23 2.40 3.18 4.71 4.83 2.39 2.31 2.11 1.70 1.84 1.54 1.49 1.82 2.01 1.65 1.40 1.56 3.49 1.36 0.00 0.00 0.00 0.00 0.00 0.00 0.00 0.00 0.00 0.00 0.00 0.00 0.00 0.00 0.00 0.00 0.00 0.00 0.00 0.00 0.00 0.00
-0.72 -0.65 -0.54 -0.47 -0.41 -0.34 -0.28 -0.17 -0.12 -0.03 0.05 0.13 0.21 0.28 0.35 0.42 0.51 0.56 0.61 0.66 0.70 0.80 0.85 0.90 0.94 1.02 0.98 0.97 1.17 1.30 1.28 1.55 1.69 1.81 2.25 1.00 0.72 1.14 2.16 1.52 1.26 1.40 1.96 2.83 3.54 5.33 5.34 2.25 2.29 2.04 1.76 1.77 1.55 1.66 1.74 1.61 1.53 1.64 1.89 2.55 0.00 0.00 0.00 0.00 0.00 0.00 0.00 0.00 0.00 0.00 0.00 0.00 0.00 0.00 0.00 0.00 0.00 0.00 0.00 0.00 0.00 0.00 0.00
-0.73 -0.65 -0.54 -0.48 -0.41 -0.34 -0.23 -0.18 -0.12 -0.03 0.05 0.13 0.21 0.28 0.34 0.42 0.48 0.57 0.62 0.67 0.76 0.81 0.86 0.90 0.95 1.02 0.97 1.01 1.18 1.30 1.34 1.55 1.68 1.79 2.21 0.78 0.71 0.90 2.18 1.36 1.20 1.39 2.22 3.01 3.80 5.31 4.47 2.07 2.20 1.96 1.87 1.76 1.41 1.65 1.68 1.58 1.89 2.43 2.87 3.59 0.00 0.00 0.00 0.00 0.00 0.00 0.00 0.00 0.00 0.00 0.00 0.00 0.00 0.00 0.00 0.00 0.00 0.00 0.00 0.00 0.00 0.00 0.00
-0.73 -0.66 -0.55 -0.48 -0.41 -0.35 -0.29 -0.18 -0.13 -0.03 0.05 0.13 0.20 0.27 0.34 0.41 0.48 0.57 0.63 0.73 0.78 0.83 0.87 0.91 0.95 1.03 0.97 1.04 1.20 1.29 1.34 1.57 1.68 2.01 2.11 0.28 0.65 0.94 1.93 1.16 1.42 2.09 2.81 3.10 4.80 5.29 4.19 2.10 2.25 1.92 1.63 1.62 1.39 1.65 1.67 1.58 2.07 3.40 3.59 2.40 0.00 0.00 0.00 0.00 0.00 0.00 0.00 0.00 0.00 0.00 0.00 0.00 0.00 0.00 0.00 0.00 0.00 0.00 0.00 0.00 0.00 0.00 0.00
-0.74 -0.67 -0.59 -0.48 -0.42 -0.35 -0.23 -0.18 -0.12 -0.03 0.05 0.13 0.20 0.27 0.34 0.41 0.48 0.58 0.63 0.69 0.79 0.85 0.89 0.92 0.96 1.01 0.99 1.08 1.22 1.30 1.33 1.60 1.69 1.96 0.64 0.45 0.66 1.45 1.78 1.12 1.46 2.25 2.91 3.17 5.26 5.27 3.27 2.15 2.29 1.65 1.27 1.43 1.35 1.55 1.65 2.25 3.36 3.55 3.61 3.42 0.00 0.00 0.00 0.00 0.00 0.00 0.00 0.00 0.00 0.00 0.00 0.00 0.00 0.00 0.00 0.00 0.00 0.00 0.00 0.00 0.00 0.00 0.00
-0.74 -0.67 -0.59 -0.48 -0.42 -0.35 -0.23 -0.18 -0.12 -0.02 0.05 0.13 0.20 0.27 0.34 0.41 0.48 0.58 0.64 0.70 0.81 0.86 0.90 0.94 0.99 0.99 1.01 1.13 1.25 1.33 1.33 1.55 1.78 1.98 0.59 0.41 0.59 1.56 1.53 1.13 1.50 2.51 3.07 3.76 5.25 5.24 2.20 2.15 2.14 1.30 1.35 1.27 1.16 1.61 2.65 3.41 3.65 3.70 3.70 2.19 0.27 0.00 0.00 0.00 0.00 0.00 0.00 0.00 0.00 0.00 0.00 0.00 0.00 0.00 0.00 0.00 0.00 0.00 0.00 0.00 0.00 0.00 0.00
-0.73 -0.66 -0.59 -0.48 -0.42 -0.35 -0.29 -0.17 -0.10 -0.03 0.08 0.13 0.20 0.27 0.34 0.42 0.49 0.58 0.64 0.76 0.82 0.87 0.92 0.96 1.00 0.99 1.02 1.15 1.28 1.34 1.36 1.57 1.83 1.92 0.05 0.51 0.66 1.60 1.36 1.20 2.04 2.85 3.28 4.46 5.24 5.23 2.12 2.10 1.99 1.14 1.19 1.17 1.29 2.25 3.49 3.63 3.68 3.67 2.63 1.63 1.23 0.00 0.00 0.00 0.00 0.00 0.00 0.00 0.00 0.00 0.00 0.00 0.00 0.00 0.00 0.00 0.00 0.00 0.00 0.00 0.00 0.00 0.00
-0.71 -0.64 -0.57 -0.47 -0.40 -0.34 -0.21 -0.14 -0.08 -0.01 0.10 0.16 0.22 0.28 0.35 0.43 0.49 0.55 0.64 0.76 0.82 0.88 0.92 0.97 1.02 1.01 1.03 1.16 1.30 1.35 1.37 1.58 1.71 1.90 0.05 0.71 0.93 1.53 1.40 1.42 2.78 3.21 3.51 4.38 5.23 5.22 2.01 2.00 1.73 0.86 0.92 1.27 1.87 3.61 3.76 3.73 3.71 3.32 2.03 1.24 0.98 0.00 0.00 0.00 0.00 0.00 0.00 0.00 0.00 0.00 0.00 0.00 0.00 0.00 0.00 0.00 0.00 0.00 0.00 0.00 0.00 0.00 0.00
-0.67 -0.60 -0.53 -0.46 -0.36 -0.30 -0.18 -0.12 -0.05 0.01 0.11 0.17 0.23 0.30 0.37 0.43 0.49 0.55 0.64 0.76 0.83 0.88 0.93 0.98 1.04 1.03 1.03 1.17 1.30 1.36 1.37 1.58 1.71 1.20 0.48 0.79 1.11 1.72 1.37 2.31 3.21 3.40 3.62 4.86 5.21 2.95 2.23 2.17 1.67 0.94 0.97 1.64 2.66 3.75 3.67 3.67 3.67 3.35 3.18 1.18 0.47 0.02 0.00 0.00 0.00 0.00 0.00 0.00 0.00 0.00 0.00 0.00 0.00 0.00 0.00 0.00 0.00 0.00 0.00 0.00 0.00 0.00 0.00
-0.65 -0.57 -0.50 -0.42 -0.33 -0.27 -0.15 -0.09 -0.02 0.05 0.14 0.20 0.25 0.31 0.38 0.44 0.50 0.55 0.70 0.76 0.83 0.88 0.94 0.99 1.04 1.09 1.03 1.17 1.30 1.37 1.39 1.56 1.69 0.44 0.64 0.79 1.52 1.61 1.56 2.75 3.01 3.08 3.60 4.85 5.20 3.30 2.25 2.02 1.39 1.18 1.24 2.01 3.32 3.60 3.55 3.80 3.74 3.50 1.80 1.26 0.48 0.01 0.00 0.00 0.00 0.00 0.00 0.00 0.00 0.00 0.00 0.00 0.00 0.00 0.00 0.00 0.00 0.00 0.00 0.00 0.00 0.00 0.00
-0.64 -0.56 -0.48 -0.41 -0.31 -0.24 -0.11 -0.05 0.02 0.09 0.15 0.23 0.29 0.34 0.40 0.45 0.51 0.56 0.64 0.76 0.83 0.89 0.96 1.01 1.07 1.13 1.15 1.22 1.34 1.40 1.44 1.62 1.09 0.18 0.69 0.77 1.63 1.50 1.93 2.88 2.94 3.10 3.05 3.79 5.19 4.30 2.08 1.88 1.55 1.34 1.62 2.15 3.61 3.67 3.89 3.83 3.33 3.01 2.08 0.70 0.17 0.00 0.00 0.00 0.00 0.00 0.00 0.00 0.00 0.00 0.00 0.00 0.00 0.00 0.00 0.00 0.00 0.00 0.00 0.00 0.00 0.00 0.00
-0.64 -0.56 -0.48 -0.41 -0.30 -0.24 -0.09 -0.02 0.05 0.13 0.20 0.28 0.34 0.39 0.44 0.48 0.55 0.59 0.71 0.77 0.84 0.90 0.97 1.02 1.08 1.18 1.19 1.26 1.37 1.42 1.53 1.62 0.06 0.36 0.72 0.80 1.44 1.65 2.28 3.09 3.03 3.59 3.10 4.71 5.18 4.71 2.07 1.80 1.45 1.67 1.83 2.18 3.54 3.76 3.90 3.40 1.58 0.19 0.00 0.00 0.00 0.00 0.00 0.00 0.00 0.00 0.00 0.00 0.00 0.00 0.00 0.00 0.00 0.00 0.00 0.00 0.00 0.00 0.00 0.00 0.00 0.00 0.00
-0.65 -0.57 -0.49 -0.41 -0.30 -0.24 -0.09 -0.01 0.07 0.16 0.23 0.35 0.42 0.48 0.54 0.58 0.61 0.63 0.66 0.78 0.84 0.91 0.98 1.03 1.09 1.19 1.21 1.30 1.41 1.50 1.57 1.68 0.05 0.53 0.70 0.95 0.97 1.68 2.55 3.18 3.56 4.11 4.07 4.79 5.18 4.78 1.90 1.58 1.75 1.96 2.22 3.31 3.81 3.98 3.29 1.10 0.00 0.00 0.00 0.00 0.00 0.00 0.00 0.00 0.00 0.00 0.00 0.00 0.00 0.00 0.00 0.00 0.00 0.00 0.00 0.00 0.00 0.00 0.00 0.00 0.00 0.00 0.00
-0.66 -0.58 -0.50 -0.43 -0.35 -0.17 -0.08 0.01 0.09 0.17 0.24 0.36 0.44 0.52 0.59 0.64 0.68 0.71 0.76 0.80 0.85 0.92 0.98 1.03 1.09 1.16 1.23 1.34 1.43 1.53 1.60 1.78 0.32 0.63 0.62 0.79 0.91 2.40 2.97 3.25 3.07 4.06 3.83 3.93 5.17 3.93 1.76 2.16 2.49 2.64 3.63 3.95 4.04 4.13 2.48 0.00 0.00 0.00 0.00 0.00 0.00 0.00 0.00 0.00 0.00 0.00 0.00 0.00 0.00 0.00 0.00 0.00 0.00 0.00 0.00 0.00 0.00 0.00 0.00 0.00 0.00 0.00 0.00
-0.67 -0.59 -0.52 -0.44 -0.25 -0.18 -0.09 0.01 0.10 0.18 0.25 0.37 0.45 0.53 0.61 0.68 0.74 0.78 0.82 0.83 0.87 0.93 0.99 1.03 1.08 1.13 1.26 1.37 1.45 1.54 1.63 1.86 0.00 0.68 0.90 0.88 1.38 2.73 3.03 2.99 3.06 3.01 3.05 3.38 2.60 2.05 2.21 2.43 2.90 3.13 3.81 3.97 4.03 4.02 1.99 0.00 0.00 0.00 0.00 0.00 0.00 0.00 0.00 0.00 0.00 0.00 0.00 0.00 0.00 0.00 0.00 0.00 0.00 0.00 0.00 0.00 0.00 0.00 0.00 0.00 0.00 0.00 0.00
-0.67 -0.60 -0.53 -0.46 -0.38 -0.20 -0.11 0.01 0.11 0.18 0.25 0.33 0.46 0.54 0.62 0.70 0.76 0.82 0.90 0.90 0.91 0.95 1.00 1.03 1.06 1.11 1.29 1.38 1.45 1.54 1.64 1.94 0.00 0.66 0.97 0.99 1.77 2.78 2.98 2.98 2.91 2.97 2.98 3.72 1.95 2.52 2.47 2.33 2.47 2.86 3.65 4.04 4.07 3.96 2.62 0.00 0.00 0.00 0.00 0.00 0.00 0.00 0.00 0.00 0.00 0.00 0.00 0.00 0.00 0.00 0.00 0.00 0.00 0.00 0.00 0.00 0.00 0.00 0.00 0.00 0.00 0.00 0.00
-0.68 -0.61 -0.55 -0.48 -0.27 -0.21 -0.12 -0.00 0.11 0.18 0.25 0.33 0.46 0.54 0.62 0.71 0.78 0.88 0.95 0.99 1.03 1.03 1.04 1.04 1.05 1.11 1.31 1.39 1.45 1.53 1.72 1.99 0.03 0.49 0.92 1.14 2.09 2.71 2.91 2.89 2.88 2.89 3.04 3.89 2.24 2.51 2.46 2.29 2.43 2.59 2.63 3.36 4.10 3.95 3.02 0.00 0.00 0.00 0.00 0.00 0.00 0.00 0.00 0.00 0.00 0.00 0.00 0.00 0.00 0.00 0.00 0.00 0.00 0.00 0.00 0.00 0.00 0.00 0.00 0.00 0.00 0.00 0.00
-0.69 -0.63 -0.57 -0.49 -0.41 -0.23 -0.14 -0.02 0.10 0.18 0.25 0.33 0.46 0.54 0.63 0.71 0.79 0.90 0.97 1.07 1.11 1.12 1.11 1.07 1.06 1.12 1.32 1.40 1.47 1.52 1.73 2.02 0.04 0.27 0.74 1.38 2.04 2.47 2.78 2.81 2.78 2.92 3.30 3.36 2.26 2.47 2.43 2.30 2.36 2.57 2.50 2.69 4.07 3.92 3.00 0.00 0.00 0.00 0.00 0.00 0.00 0.00 0.00 0.00 0.00 0.00 0.00 0.00 0.00 0.00 0.00 0.00 0.00 0.00 0.00 0.00 0.00 0.00 0.00 0.00 0.00 0.00 0.00
-0.72 -0.66 -0.59 -0.51 -0.33 -0.24 -0.16 -0.04 0.08 0.16 0.24 0.32 0.46 0.55 0.63 0.72 0.80 0.87 0.99 1.10 1.16 1.20 1.19 1.12 1.07 1.15 1.28 1.40 1.46 1.52 1.77 2.03 0.04 0.23 0.73 1.33 1.98 2.07 2.55 2.69 2.74 2.95 3.56 1.81 2.23 2.39 2.43 2.37 2.25 2.37 2.50 2.71 4.15 4.32 3.37 1.63 0.00 0.00 0.00 0.00 0.00 0.00 0.00 0.00 0.00 0.00 0.00 0.00 0.00 0.00 0.00 0.00 0.00 0.00 0.00 0.00 0.00 0.00 0.00 0.00 0.00 0.00 0.00
-0.75 -0.70 -0.63 -0.54 -0.35 -0.24 -0.16 -0.05 0.06 0.15 0.23 0.32 0.46 0.56 0.64 0.73 0.82 0.90 1.04 1.15 1.21 1.26 1.28 1.20 1.11 1.18 1.30 1.41 1.46 1.52 1.60 1.69 0.03 0.47 0.95 1.37 1.98 1.93 2.20 2.50 2.63 3.14 3.86 1.59 2.02 2.26 2.31 2.33 3.13 3.32 3.28 3.63 4.40 4.25 3.65 3.39 2.47 2.31 1.69 0.00 0.00 0.00 0.00 0.00 0.00 0.00 0.00 0.00 0.00 0.00 0.00 0.00 0.00 0.00 0.00 0.00 0.00 0.00 0.00 0.00 0.00 0.00 0.00
-0.81 -0.74 -0.66 -0.46 -0.36 -0.24 -0.16 -0.06 0.05 0.14 0.23 0.33 0.42 0.56 0.65 0.74 0.83 1.00 1.08 1.20 1.27 1.33 1.36 1.30 1.18 1.23 1.33 1.42 1.46 1.52 1.60 0.20 0.33 0.50 0.95 1.09 1.59 1.83 2.22 2.50 2.66 3.30 4.03 2.22 2.18 2.18 2.15 2.39 3.62 4.53 4.53 4.55 4.47 3.73 3.55 3.44 3.09 2.30 1.89 0.76 0.00 0.00 0.00 0.00 0.00 0.00 0.00 0.00 0.00 0.00 0.00 0.00 0.00 0.00 0.00 0.00 0.00 0.00 0.00 0.00 0.00 0.00 0.00
-0.85 -0.78 -0.69 -0.48 -0.38 -0.25 -0.16 -0.06 0.04 0.13 0.23 0.33 0.43 0.57 0.66 0.76 0.94 1.03 1.11 1.20 1.30 1.37 1.44 1.40 1.32 1.39 1.42 1.45 1.47 1.52 1.65 0.04 0.22 0.47 0.93 0.92 1.25 1.82 2.35 2.76 2.95 3.27 3.89 1.84 3.94 3.03 2.27 2.41 3.37 4.54 4.56 4.56 4.47 3.63 3.45 3.45 3.30 2.33 0.73 0.00 0.00 0.00 0.00 0.00 0.00 0.00 0.00 0.00 0.00 0.00 0.00 0.00 0.00 0.00 0.00 0.00 0.00 0.00 0.00 0.00 0.00 0.00 0.00
