tsunami_inundation/2880.asc
ncols        89
nrows        96
xllcorner    425855.973699999973
yllcorner    5091051.504999999888
cellsize     55.000000000000
NODATA_value  -9999.00
[rows 37 to 73 of 96, columns 0 to 81 of 89]
-1.34 -1.30 -1.26 -1.22 -1.18 -1.13 -1.03 -0.97 -0.91 -0.80 -0.76 -0.71 -0.65 -0.56 -0.50 -0.45 -0.40 -0.35 -0.30 -0.25 -0.20 -0.13 -0.01 0.05 0.11 0.15 0.19 0.27 0.39 0.46 0.52 0.70 0.75 0.97 0.95 1.31 1.40 2.07 2.21 2.29 0.05 0.78 1.46 2.75 3.12 3.72 3.61 3.23 5.05 5.18 2.00 1.89 1.04 0.88 0.93 1.00 0.79 1.42 1.48 3.47 3.55 2.87 2.41 1.72 0.45 0.00 0.00 0.00 0.00 0.00 0.00 0.00 0.00 0.00 0.00 0.00 0.00 0.00 0.00 0.00 0.00 0.00
-1.36 -1.32 -1.26 -1.25 -1.22 -1.14 -1.10 -0.99 -0.92 -0.81 -0.76 -0.71 -0.66 -0.57 -0.51 -0.46 -0.41 -0.36 -0.30 -0.25 -0.20 -0.12 -0.00 0.06 0.12 0.16 0.19 0.22 0.38 0.50 0.61 0.73 0.79 0.94 1.00 1.34 1.86 2.11 2.21 1.20 0.02 0.82 1.56 2.78 3.19 3.53 3.21 3.62 5.21 2.28 2.01 1.79 1.00 0.89 0.93 0.75 0.96 1.51 1.62 3.55 3.54 3.10 2.67 1.20 0.70 0.00 0.00 0.00 0.00 0.00 0.00 0.00 0.00 0.00 0.00 0.00 0.00 0.00 0.00 0.00 0.00 0.00
-1.38 -1.34 -1.30 -1.27 -1.23 -1.18 -1.12 -1.00 -0.94 -0.83 -0.77 -0.72 -0.66 -0.57 -0.51 -0.46 -0.41 -0.36 -0.30 -0.25 -0.20 -0.12 -0.00 0.06 0.12 0.16 0.19 0.20 0.36 0.53 0.67 0.76 0.84 0.89 1.06 1.26 1.93 2.18 2.26 0.42 0.25 0.91 1.95 2.83 3.08 3.39 3.25 4.61 5.18 2.26 2.03 1.77 1.02 0.94 0.95 0.70 1.03 1.43 1.94 3.55 3.54 3.11 1.29 1.09 1.53 0.00 0.00 0.00 0.00 0.00 0.00 0.00 0.00 0.00 0.00 0.00 0.00 0.00 0.00 0.00 0.00 0.00
-1.40 -1.36 -1.32 -1.28 -1.24 -1.19 -1.13 -1.03 -0.96 -0.90 -0.78 -0.72 -0.66 -0.61 -0.51 -0.46 -0.40 -0.35 -0.30 -0.25 -0.19 -0.11 -0.01 0.05 0.11 0.16 0.18 0.20 0.37 0.54 0.70 0.82 0.87 0.92 1.14 1.44 2.00 2.20 2.30 0.04 0.38 0.86 2.34 2.91 3.14 3.40 3.44 5.24 5.23 2.23 2.07 1.83 1.04 0.96 0.87 0.54 1.43 1.82 2.95 3.55 3.52 2.95 1.79 1.14 0.86 0.00 0.00 0.00 0.00 0.00 0.00 0.00 0.00 0.00 0.00 0.00 0.00 0.00 0.00 0.00 0.00 0.00
-1.42 -1.37 -1.32 -1.28 -1.25 -1.20 -1.14 -1.04 -0.97 -0.91 -0.78 -0.72 -0.66 -0.60 -0.51 -0.45 -0.39 -0.34 -0.29 -0.23 -0.19 -0.11 -0.06 0.04 0.09 0.15 0.19 0.22 0.39 0.54 0.73 0.86 0.92 0.95 1.17 1.29 2.05 2.24 2.32 0.04 0.38 0.71 2.07 2.99 3.24 3.24 4.03 5.25 5.24 2.09 2.00 1.75 1.04 0.93 0.69 0.76 1.97 3.10 3.53 3.48 3.47 3.22 2.35 1.41 0.58 0.03 0.00 0.00 0.00 0.00 0.00 0.00 0.00 0.00 0.00 0.00 0.00 0.00 0.00 0.00 0.00 0.00
-1.43 -1.37 -1.32 -1.28 -1.25 -1.20 -1.14 -1.05 -0.92 -0.85 -0.79 -0.72 -0.66 -0.60 -0.50 -0.44 -0.38 -0.33 -0.28 -0.23 -0.18 -0.11 -0.02 0.03 0.08 0.14 0.19 0.23 0.41 0.56 0.76 0.87 0.95 1.00 1.18 1.58 2.10 2.28 2.00 0.25 0.76 1.09 2.25 2.97 3.32 3.27 4.84 5.26 5.26 2.33 2.00 1.62 0.99 0.93 0.58 1.43 3.08 3.54 2.40 1.55 2.79 3.41 2.16 1.41 0.66 0.03 0.00 0.00 0.00 0.00 0.00 0.00 0.00 0.00 0.00 0.00 0.00 0.00 0.00 0.00 0.00 0.00
-1.44 -1.38 -1.32 -1.28 -1.24 -1.19 -1.14 -1.08 -1.00 -0.86 -0.79 -0.72 -0.66 -0.60 -0.50 -0.44 -0.38 -0.33 -0.28 -0.22 -0.16 -0.04 -0.01 0.02 0.06 0.12 0.20 0.25 0.36 0.59 0.80 0.87 0.98 1.02 1.22 1.30 2.12 2.32 2.01 0.39 1.05 1.34 2.56 2.99 3.28 3.27 5.28 5.27 4.45 2.33 1.97 1.93 1.70 1.07 0.91 1.57 2.28 2.92 2.28 2.08 2.81 3.41 2.14 1.30 0.78 0.03 0.00 0.00 0.00 0.00 0.00 0.00 0.00 0.00 0.00 0.00 0.00 0.00 0.00 0.00 0.00 0.00
-1.44 -1.37 -1.31 -1.26 -1.23 -1.18 -1.13 -1.08 -1.00 -0.87 -0.79 -0.72 -0.66 -0.59 -0.53 -0.43 -0.38 -0.33 -0.27 -0.21 -0.15 -0.10 -0.01 0.02 0.06 0.11 0.19 0.27 0.36 0.63 0.83 0.87 0.99 1.08 1.30 1.78 2.17 2.34 0.05 0.39 0.81 1.72 3.33 3.19 3.22 3.18 5.29 5.29 3.28 2.26 1.97 1.92 1.83 1.07 1.27 1.75 1.61 1.59 1.48 1.60 1.89 3.44 2.22 1.29 0.27 0.00 0.00 0.00 0.00 0.00 0.00 0.00 0.00 0.00 0.00 0.00 0.00 0.00 0.00 0.00 0.00 0.00
-1.44 -1.37 -1.30 -1.26 -1.22 -1.17 -1.12 -1.06 -0.94 -0.87 -0.79 -0.72 -0.65 -0.58 -0.52 -0.43 -0.37 -0.32 -0.27 -0.21 -0.15 -0.03 -0.00 0.02 0.05 0.10 0.18 0.27 0.39 0.67 0.81 0.87 0.96 1.12 1.24 1.64 2.18 2.33 0.04 0.40 1.00 2.74 3.41 3.14 3.18 3.17 5.30 2.69 2.34 2.20 2.00 1.94 1.63 1.06 1.58 1.80 1.67 1.52 1.30 1.59 2.28 3.49 1.89 1.10 0.00 0.00 0.00 0.00 0.00 0.00 0.00 0.00 0.00 0.00 0.00 0.00 0.00 0.00 0.00 0.00 0.00 0.00
-1.47 -1.37 -1.30 -1.26 -1.22 -1.17 -1.11 -1.06 -0.94 -0.87 -0.79 -0.72 -0.64 -0.58 -0.51 -0.42 -0.36 -0.31 -0.26 -0.20 -0.15 -0.05 0.01 0.03 0.04 0.08 0.16 0.24 0.38 0.67 0.78 0.87 0.95 1.18 1.28 1.80 2.13 1.17 0.02 0.73 1.99 2.92 3.23 3.32 3.17 3.14 5.30 2.51 2.29 2.12 1.96 1.97 1.45 1.22 1.77 1.95 1.79 1.47 1.21 2.26 3.58 2.84 1.46 0.00 0.00 0.00 0.00 0.00 0.00 0.00 0.00 0.00 0.00 0.00 0.00 0.00 0.00 0.00 0.00 0.00 0.00 0.00
-1.47 -1.37 -1.31 -1.26 -1.21 -1.16 -1.10 -1.05 -0.93 -0.86 -0.79 -0.71 -0.64 -0.57 -0.50 -0.41 -0.35 -0.30 -0.25 -0.19 -0.14 -0.04 0.02 0.04 0.04 0.08 0.15 0.21 0.37 0.58 0.76 0.83 1.01 1.19 1.27 1.88 2.13 0.32 0.26 0.72 2.02 3.07 3.11 3.22 3.90 3.88 5.30 4.39 2.15 2.08 1.96 1.87 1.30 1.32 1.78 2.01 1.79 1.40 1.39 3.60 2.40 1.68 0.00 0.00 0.00 0.00 0.00 0.00 0.00 0.00 0.00 0.00 0.00 0.00 0.00 0.00 0.00 0.00 0.00 0.00 0.00 0.00
-1.47 -1.38 -1.32 -1.27 -1.22 -1.16 -1.10 -1.04 -0.92 -0.86 -0.78 -0.70 -0.62 -0.55 -0.49 -0.39 -0.34 -0.29 -0.24 -0.18 -0.13 -0.08 0.03 0.06 0.06 0.07 0.13 0.20 0.35 0.56 0.71 0.77 1.07 1.20 1.26 1.92 2.13 0.27 0.23 0.74 2.10 3.07 2.92 3.15 3.48 3.29 5.29 2.22 2.08 2.06 1.92 1.53 1.14 1.20 1.69 1.84 1.66 1.53 1.94 3.68 2.12 1.47 0.00 0.00 0.00 0.00 0.00 0.00 0.00 0.00 0.00 0.00 0.00 0.00 0.00 0.00 0.00 0.00 0.00 0.00 0.00 0.00
-1.48 -1.39 -1.33 -1.27 -1.22 -1.15 -1.09 -1.04 -0.91 -0.85 -0.78 -0.70 -0.62 -0.54 -0.48 -0.41 -0.32 -0.27 -0.22 -0.17 -0.12 -0.02 0.05 0.08 0.08 0.09 0.12 0.16 0.34 0.55 0.60 0.83 1.08 1.19 1.26 1.96 2.03 0.19 0.28 1.10 2.76 3.24 3.13 3.21 3.15 3.21 5.28 4.44 2.05 2.02 1.85 1.05 0.93 1.13 1.72 1.79 1.63 1.66 1.81 3.30 2.16 1.32 0.00 0.00 0.00 0.00 0.00 0.00 0.00 0.00 0.00 0.00 0.00 0.00 0.00 0.00 0.00 0.00 0.00 0.00 0.00 0.00
-1.49 -1.39 -1.33 -1.27 -1.21 -1.15 -1.08 -1.03 -0.91 -0.85 -0.78 -0.69 -0.61 -0.54 -0.47 -0.40 -0.31 -0.26 -0.21 -0.15 -0.10 -0.00 0.06 0.10 0.11 0.12 0.15 0.11 0.34 0.55 0.51 0.86 1.08 1.19 1.78 1.97 0.88 0.50 0.90 1.80 2.88 3.16 3.20 3.25 3.21 3.29 5.26 2.22 2.07 2.10 1.61 1.47 1.52 1.29 1.72 1.80 1.63 1.72 1.77 3.39 3.72 0.82 0.00 0.00 0.00 0.00 0.00 0.00 0.00 0.00 0.00 0.00 0.00 0.00 0.00 0.00 0.00 0.00 0.00 0.00 0.00 0.00
-1.49 -1.42 -1.33 -1.27 -1.20 -1.14 -1.08 -0.98 -0.90 -0.84 -0.77 -0.69 -0.60 -0.53 -0.46 -0.39 -0.30 -0.24 -0.19 -0.14 -0.03 0.02 0.06 0.12 0.14 0.16 0.17 0.10 0.35 0.52 0.47 0.89 1.09 1.31 1.81 1.90 0.15 0.72 1.29 1.90 2.41 2.80 2.81 2.68 2.94 3.81 5.24 2.26 2.17 2.12 1.61 1.86 1.47 1.33 1.75 1.83 1.54 1.51 1.65 2.84 3.72 0.00 0.00 0.00 0.00 0.00 0.00 0.00 0.00 0.00 0.00 0.00 0.00 0.00 0.00 0.00 0.00 0.00 0.00 0.00 0.00 0.00
-1.49 -1.42 -1.32 -1.26 -1.19 -1.12 -1.06 -0.97 -0.89 -0.83 -0.76 -0.68 -0.60 -0.52 -0.46 -0.39 -0.29 -0.23 -0.18 -0.13 -0.02 0.04 0.08 0.14 0.16 0.23 0.17 0.13 0.38 0.53 0.50 0.92 1.08 1.36 1.80 1.60 0.16 0.98 1.98 1.75 1.86 2.08 2.11 2.29 3.07 4.60 4.71 2.28 2.20 2.00 1.60 1.73 1.44 1.39 1.72 1.92 1.61 1.53 1.80 3.74 1.62 0.00 0.00 0.00 0.00 0.00 0.00 0.00 0.00 0.00 0.00 0.00 0.00 0.00 0.00 0.00 0.00 0.00 0.00 0.00 0.00 0.00
-1.48 -1.41 -1.31 -1.24 -1.18 -1.11 -1.05 -0.95 -0.91 -0.82 -0.75 -0.67 -0.59 -0.52 -0.45 -0.37 -0.27 -0.22 -0.17 -0.11 -0.06 0.05 0.10 0.14 0.18 0.26 0.19 0.15 0.42 0.57 0.51 0.92 1.05 1.16 1.76 0.60 0.70 1.05 2.06 1.41 1.15 1.29 1.85 2.72 3.43 5.23 5.23 2.14 2.19 1.94 1.66 1.67 1.45 1.57 1.67 1.59 1.67 1.88 2.10 2.75 0.45 0.00 0.00 0.00 0.00 0.00 0.00 0.00 0.00 0.00 0.00 0.00 0.00 0.00 0.00 0.00 0.00 0.00 0.00 0.00 0.00 0.00
-1.46 -1.39 -1.29 -1.22 -1.16 -1.10 -0.98 -0.93 -0.88 -0.80 -0.73 -0.65 -0.57 -0.51 -0.44 -0.36 -0.29 -0.21 -0.16 -0.10 0.00 0.06 0.10 0.14 0.19 0.27 0.18 0.22 0.45 0.58 0.61 0.91 1.04 1.15 1.73 0.51 0.67 0.82 2.08 1.25 1.09 1.28 2.11 2.91 3.70 5.21 4.37 1.97 2.11 1.86 1.78 1.66 1.32 1.57 1.64 1.68 2.12 2.66 3.07 3.76 0.00 0.00 0.00 0.00 0.00 0.00 0.00 0.00 0.00 0.00 0.00 0.00 0.00 0.00 0.00 0.00 0.00 0.00 0.00 0.00 0.00 0.00
-1.44 -1.36 -1.25 -1.19 -1.12 -1.06 -1.00 -0.91 -0.86 -0.78 -0.71 -0.64 -0.57 -0.50 -0.43 -0.36 -0.28 -0.20 -0.14 -0.04 0.01 0.07 0.11 0.14 0.20 0.28 0.18 0.27 0.49 0.59 0.61 0.93 1.04 1.48 1.57 0.32 0.57 0.86 1.84 1.07 1.31 1.99 2.71 3.00 4.70 5.19 4.09 2.01 2.16 1.83 1.54 1.53 1.32 1.61 1.72 1.79 2.31 3.60 3.79 2.63 0.00 0.00 0.00 0.00 0.00 0.00 0.00 0.00 0.00 0.00 0.00 0.00 0.00 0.00 0.00 0.00 0.00 0.00 0.00 0.00 0.00 0.00
-1.37 -1.30 -1.23 -1.15 -1.09 -1.03 -0.92 -0.87 -0.83 -0.76 -0.69 -0.62 -0.56 -0.49 -0.42 -0.35 -0.27 -0.18 -0.13 -0.08 0.02 0.08 0.12 0.15 0.19 0.25 0.19 0.34 0.52 0.60 0.58 0.98 1.07 1.44 0.30 0.42 0.58 1.36 1.69 1.03 1.36 2.15 2.81 3.07 5.17 5.18 3.18 2.06 2.20 1.57 1.19 1.35 1.30 1.58 1.83 2.49 3.57 3.75 3.80 3.61 0.00 0.00 0.00 0.00 0.00 0.00 0.00 0.00 0.00 0.00 0.00 0.00 0.00 0.00 0.00 0.00 0.00 0.00 0.00 0.00 0.00 0.00
-1.36 -1.29 -1.22 -1.11 -1.06 -0.97 -0.85 -0.83 -0.79 -0.72 -0.66 -0.60 -0.54 -0.48 -0.41 -0.34 -0.26 -0.17 -0.12 -0.06 0.04 0.09 0.13 0.16 0.21 0.19 0.22 0.38 0.53 0.61 0.58 0.93 1.19 1.49 0.27 0.38 0.51 1.47 1.45 1.05 1.40 2.41 2.98 3.67 5.16 5.15 2.11 2.06 2.06 1.22 1.28 1.20 1.12 1.75 2.85 3.62 3.86 3.88 3.88 2.43 0.50 0.00 0.00 0.00 0.00 0.00 0.00 0.00 0.00 0.00 0.00 0.00 0.00 0.00 0.00 0.00 0.00 0.00 0.00 0.00 0.00 0.00
-1.35 -1.28 -1.21 -1.10 -1.03 -0.96 -0.89 -0.79 -0.71 -0.65 -0.55 -0.55 -0.50 -0.45 -0.39 -0.32 -0.25 -0.16 -0.10 0.01 0.06 0.11 0.16 0.20 0.23 0.20 0.22 0.39 0.55 0.60 0.61 0.94 1.26 1.40 0.05 0.46 0.58 1.51 1.27 1.12 1.95 2.76 3.19 4.37 5.16 5.14 2.04 2.02 1.92 1.07 1.11 1.11 1.37 2.39 3.65 3.83 3.88 3.87 2.84 1.89 1.47 0.00 0.00 0.00 0.00 0.00 0.00 0.00 0.00 0.00 0.00 0.00 0.00 0.00 0.00 0.00 0.00 0.00 0.00 0.00 0.00 0.00
-1.34 -1.27 -1.20 -1.09 -1.02 -0.96 -0.82 -0.75 -0.68 -0.61 -0.50 -0.44 -0.38 -0.37 -0.32 -0.20 -0.21 -0.16 -0.08 0.03 0.08 0.13 0.18 0.23 0.26 0.22 0.24 0.40 0.56 0.59 0.61 0.94 1.08 1.35 0.07 0.64 0.84 1.44 1.30 1.34 2.69 3.13 3.42 4.29 5.14 5.14 1.93 1.93 1.67 0.80 0.87 1.36 1.99 3.72 3.89 3.88 3.89 3.52 2.26 1.57 1.35 0.00 0.00 0.00 0.00 0.00 0.00 0.00 0.00 0.00 0.00 0.00 0.00 0.00 0.00 0.00 0.00 0.00 0.00 0.00 0.00 0.00
-1.33 -1.26 -1.19 -1.12 -1.02 -0.95 -0.82 -0.75 -0.68 -0.61 -0.50 -0.43 -0.36 -0.28 -0.21 -0.15 -0.16 -0.06 -0.01 0.04 0.11 0.16 0.21 0.26 0.31 0.28 0.25 0.42 0.57 0.61 0.62 0.92 1.06 0.89 0.46 0.73 1.02 1.62 1.28 2.23 3.13 3.31 3.54 4.78 5.13 2.87 2.16 2.11 1.62 0.88 1.00 1.76 2.76 3.84 3.77 3.80 3.80 3.51 3.36 1.49 1.07 0.43 0.00 0.00 0.00 0.00 0.00 0.00 0.00 0.00 0.00 0.00 0.00 0.00 0.00 0.00 0.00 0.00 0.00 0.00 0.00 0.00
-1.33 -1.26 -1.18 -1.11 -1.01 -0.95 -0.82 -0.75 -0.68 -0.60 -0.49 -0.42 -0.35 -0.27 -0.19 -0.12 -0.06 -0.00 0.08 0.11 0.16 0.18 0.23 0.28 0.33 0.37 0.26 0.44 0.60 0.66 0.67 0.91 1.03 0.31 0.61 0.71 1.43 1.51 1.46 2.67 2.93 3.00 3.52 4.78 5.12 3.24 2.19 1.96 1.34 1.15 1.33 2.12 3.42 3.69 3.64 3.90 3.84 3.61 1.94 1.49 1.03 0.28 0.00 0.00 0.00 0.00 0.00 0.00 0.00 0.00 0.00 0.00 0.00 0.00 0.00 0.00 0.00 0.00 0.00 0.00 0.00 0.00
-1.33 -1.26 -1.18 -1.11 -1.02 -0.96 -0.83 -0.76 -0.68 -0.60 -0.52 -0.41 -0.34 -0.26 -0.19 -0.11 -0.04 0.02 0.11 0.17 0.20 0.23 0.29 0.33 0.37 0.42 0.40 0.48 0.65 0.73 0.79 1.00 0.54 0.28 0.64 0.70 1.54 1.41 1.84 2.80 2.86 3.03 2.98 3.72 5.12 4.23 2.02 1.83 1.51 1.36 1.72 2.26 3.71 3.76 3.98 3.93 3.42 3.10 2.21 0.90 0.77 0.00 0.00 0.00 0.00 0.00 0.00 0.00 0.00 0.00 0.00 0.00 0.00 0.00 0.00 0.00 0.00 0.00 0.00 0.00 0.00 0.00
-1.34 -1.27 -1.19 -1.12 -1.03 -0.96 -0.83 -0.76 -0.69 -0.60 -0.52 -0.41 -0.33 -0.25 -0.18 -0.11 -0.03 0.03 0.21 0.26 0.30 0.31 0.33 0.35 0.38 0.47 0.43 0.52 0.68 0.75 0.88 1.03 0.05 0.34 0.67 0.72 1.35 1.56 2.19 3.00 2.95 3.51 3.03 4.64 5.11 4.64 2.01 1.76 1.44 1.73 1.92 2.27 3.63 3.85 4.00 3.50 1.68 0.41 0.00 0.00 0.00 0.00 0.00 0.00 0.00 0.00 0.00 0.00 0.00 0.00 0.00 0.00 0.00 0.00 0.00 0.00 0.00 0.00 0.00 0.00 0.00 0.00
-1.36 -1.28 -1.20 -1.13 -1.03 -0.97 -0.84 -0.76 -0.68 -0.60 -0.52 -0.40 -0.32 -0.23 -0.16 -0.08 -0.02 0.05 0.11 0.28 0.35 0.39 0.40 0.39 0.40 0.48 0.46 0.57 0.70 0.80 0.90 1.11 0.11 0.50 0.65 0.87 0.88 1.59 2.46 3.09 3.48 4.03 3.99 4.72 5.11 4.72 1.85 1.56 1.78 2.02 2.31 3.41 3.91 4.07 3.39 1.23 0.00 0.00 0.00 0.00 0.00 0.00 0.00 0.00 0.00 0.00 0.00 0.00 0.00 0.00 0.00 0.00 0.00 0.00 0.00 0.00 0.00 0.00 0.00 0.00 0.00 0.00
-1.38 -1.30 -1.22 -1.15 -1.08 -0.92 -0.84 -0.75 -0.66 -0.58 -0.51 -0.39 -0.30 -0.22 -0.14 -0.06 0.00 0.07 0.23 0.29 0.37 0.44 0.47 0.45 0.43 0.47 0.50 0.63 0.72 0.83 0.93 1.20 0.33 0.59 0.57 0.73 0.83 2.31 2.89 3.16 2.99 3.99 3.76 3.86 5.10 3.87 1.74 2.18 2.53 2.71 3.71 4.03 4.13 4.23 2.59 0.09 0.00 0.00 0.00 0.00 0.00 0.00 0.00 0.00 0.00 0.00 0.00 0.00 0.00 0.00 0.00 0.00 0.00 0.00 0.00 0.00 0.00 0.00 0.00 0.00 0.00 0.00
-1.41 -1.33 -1.24 -1.17 -0.99 -0.93 -0.84 -0.73 -0.64 -0.56 -0.49 -0.37 -0.29 -0.20 -0.12 -0.03 0.04 0.09 0.26 0.32 0.39 0.45 0.52 0.51 0.48 0.46 0.56 0.69 0.75 0.85 0.97 1.32 0.05 0.65 0.85 0.82 1.30 2.65 2.95 2.92 2.98 2.94 2.98 3.31 2.54 2.00 2.19 2.44 2.93 3.19 3.89 4.06 4.12 4.12 2.09 0.00 0.00 0.00 0.00 0.00 0.00 0.00 0.00 0.00 0.00 0.00 0.00 0.00 0.00 0.00 0.00 0.00 0.00 0.00 0.00 0.00 0.00 0.00 0.00 0.00 0.00 0.00
-1.42 -1.35 -1.27 -1.19 -1.10 -0.93 -0.85 -0.73 -0.62 -0.54 -0.47 -0.39 -0.27 -0.18 -0.10 -0.01 0.07 0.12 0.29 0.36 0.43 0.49 0.56 0.57 0.54 0.46 0.61 0.73 0.79 0.89 1.02 1.53 0.05 0.62 0.91 0.92 1.69 2.70 2.91 2.90 2.84 2.90 2.91 3.66 1.90 2.48 2.45 2.34 2.51 2.92 3.73 4.13 4.17 4.06 2.72 0.00 0.00 0.00 0.00 0.00 0.00 0.00 0.00 0.00 0.00 0.00 0.00 0.00 0.00 0.00 0.00 0.00 0.00 0.00 0.00 0.00 0.00 0.00 0.00 0.00 0.00 0.00
-1.44 -1.37 -1.29 -1.21 -1.00 -0.94 -0.85 -0.72 -0.60 -0.53 -0.46 -0.38 -0.24 -0.16 -0.08 0.01 0.08 0.20 0.28 0.40 0.48 0.56 0.63 0.66 0.63 0.55 0.67 0.76 0.82 0.91 1.15 1.64 0.05 0.45 0.86 1.07 2.02 2.64 2.84 2.82 2.81 2.82 2.97 3.82 2.19 2.48 2.44 2.30 2.47 2.66 2.74 3.48 4.21 4.07 3.14 0.00 0.00 0.00 0.00 0.00 0.00 0.00 0.00 0.00 0.00 0.00 0.00 0.00 0.00 0.00 0.00 0.00 0.00 0.00 0.00 0.00 0.00 0.00 0.00 0.00 0.00 0.00
-1.45 -1.38 -1.31 -1.23 -1.13 -0.95 -0.86 -0.72 -0.60 -0.51 -0.44 -0.36 -0.23 -0.14 -0.06 0.02 0.10 0.20 0.28 0.40 0.48 0.57 0.65 0.70 0.70 0.66 0.70 0.78 0.85 0.91 1.21 1.69 0.00 0.23 0.68 1.31 1.97 2.40 2.71 2.74 2.71 2.86 3.23 3.31 2.23 2.44 2.41 2.31 2.42 2.66 2.61 2.81 4.18 4.03 3.11 0.00 0.00 0.00 0.00 0.00 0.00 0.00 0.00 0.00 0.00 0.00 0.00 0.00 0.00 0.00 0.00 0.00 0.00 0.00 0.00 0.00 0.00 0.00 0.00 0.00 0.00 0.00
-1.46 -1.40 -1.33 -1.25 -1.05 -0.95 -0.86 -0.72 -0.59 -0.50 -0.42 -0.34 -0.21 -0.14 -0.06 0.02 0.10 0.16 0.28 0.40 0.48 0.57 0.65 0.70 0.76 0.81 0.79 0.80 0.86 0.92 1.32 1.67 0.04 0.19 0.67 1.27 1.92 2.00 2.48 2.62 2.67 2.89 3.51 1.77 2.20 2.37 2.42 2.38 2.33 2.47 2.61 2.82 4.24 4.42 3.48 1.77 0.00 0.06 0.00 0.00 0.00 0.00 0.00 0.00 0.00 0.00 0.00 0.00 0.00 0.00 0.00 0.00 0.00 0.00 0.00 0.00 0.00 0.00 0.00 0.00 0.00 0.00
-1.48 -1.42 -1.35 -1.26 -1.05 -0.93 -0.84 -0.72 -0.59 -0.50 -0.41 -0.33 -0.20 -0.13 -0.06 0.02 0.10 0.16 0.28 0.39 0.47 0.55 0.64 0.66 0.74 0.93 0.95 0.88 0.87 0.94 1.02 1.25 0.00 0.43 0.89 1.31 1.91 1.87 2.13 2.44 2.56 3.09 3.80 1.55 2.00 2.23 2.31 2.36 3.21 3.41 3.37 3.72 4.49 4.35 3.76 3.51 2.71 2.63 2.10 0.39 0.00 0.00 0.00 0.00 0.00 0.00 0.00 0.00 0.00 0.00 0.00 0.00 0.00 0.00 0.00 0.00 0.00 0.00 0.00 0.00 0.00 0.00
-1.51 -1.44 -1.36 -1.15 -1.05 -0.92 -0.82 -0.70 -0.59 -0.49 -0.41 -0.32 -0.23 -0.12 -0.05 0.02 0.09 0.21 0.28 0.40 0.46 0.53 0.61 0.62 0.71 0.94 1.06 1.00 0.92 0.96 1.05 0.10 0.33 0.46 0.91 1.04 1.54 1.77 2.15 2.43 2.60 3.24 3.98 2.17 2.16 2.15 2.15 2.43 3.70 4.62 4.62 4.64 4.55 3.82 3.68 3.59 3.27 2.66 2.44 1.64 0.25 0.00 0.00 0.00 0.00 0.00 0.00 0.00 0.00 0.00 0.00 0.00 0.00 0.00 0.00 0.00 0.00 0.00 0.00 0.00 0.00 0.00
-1.54 -1.46 -1.38 -1.16 -1.05 -0.90 -0.80 -0.68 -0.58 -0.49 -0.40 -0.31 -0.22 -0.11 -0.04 0.02 0.16 0.22 0.28 0.37 0.45 0.51 0.59 0.58 0.72 0.95 1.10 1.14 1.08 1.04 1.21 0.04 0.20 0.43 0.89 0.88 1.19 1.76 2.28 2.70 2.89 3.22 3.83 1.80 3.91 3.01 2.27 2.46 3.45 4.62 4.64 4.64 4.56 3.73 3.57 3.59 3.47 2.64 1.36 0.38 0.00 0.00 0.00 0.00 0.00 0.00 0.00 0.00 0.00 0.00 0.00 0.00 0.00 0.00 0.00 0.00 0.00 0.00 0.00 0.00 0.00 0.00
