tsunami_inundation/2880.asc
ncols        89
nrows        96
xllcorner    425855.973699999973
yllcorner    5091051.504999999888
cellsize     55.000000000000
NODATA_value  -9999.00
[rows 0 to 36 of 96, columns 0 to 81 of 89]
-9999.00 -0.80 -0.76 -0.68 -0.65 -0.59 -0.52 -0.47 -0.43 -0.40 -0.37 -0.34 -0.33 -0.31 -0.25 -0.21 -0.17 -0.10 -0.06 -0.01 0.06 0.16 0.21 0.26 0.30 0.35 0.40 0.46 0.55 0.61 0.73 0.76 0.79 0.88 1.03 1.22 1.33 1.42 1.50 1.57 1.59 0.07 0.08 0.58 0.53 0.02 0.03 0.02 1.00 3.20 5.04 5.36 5.41 5.45 5.49 5.53 5.60 5.63 5.65 3.76 4.45 4.58 4.20 3.64 2.08 0.37 0.44 1.32 1.84 2.03 1.32 0.03 0.00 0.00 0.00 0.00 0.00 0.00 0.00 0.00 0.00 0.00
-9999.00 -0.80 -0.76 -0.70 -0.67 -0.65 -0.61 -0.53 -0.53 -0.49 -0.41 -0.39 -0.37 -0.35 -0.29 -0.24 -0.16 -0.12 -0.07 -0.02 0.04 0.15 0.21 0.25 0.29 0.35 0.40 0.46 0.62 0.68 0.73 0.76 0.79 0.90 1.05 1.25 1.35 1.44 1.52 1.60 1.63 0.00 0.02 0.26 0.54 0.41 0.00 1.20 3.49 4.94 5.28 5.29 5.32 5.35 5.40 5.45 5.53 5.59 5.62 3.80 4.45 4.63 4.48 3.64 1.77 0.30 0.24 1.54 2.10 2.21 1.62 0.10 0.00 0.00 0.00 0.00 0.00 0.00 0.00 0.00 0.00 0.00
-9999.00 -0.81 -0.75 -0.72 -0.70 -0.69 -0.67 -0.62 -0.58 -0.53 -0.49 -0.43 -0.43 -0.40 -0.31 -0.22 -0.18 -0.13 -0.09 -0.03 0.03 0.14 0.20 0.25 0.29 0.35 0.40 0.46 0.53 0.69 0.74 0.76 0.79 0.91 1.08 1.21 1.38 1.49 1.57 1.63 1.65 0.02 0.00 0.07 0.30 0.42 1.47 3.16 4.74 5.26 5.20 5.19 5.20 5.24 5.30 5.43 5.48 5.55 5.37 4.11 4.34 4.73 4.60 3.54 2.61 0.27 0.26 1.61 1.98 2.39 1.99 0.32 0.01 0.00 0.00 0.00 0.00 0.00 0.00 0.00 0.00 0.00
-9999.00 -0.82 -0.78 -0.76 -0.74 -0.73 -0.72 -0.66 -0.62 -0.57 -0.52 -0.48 -0.45 -0.41 -0.33 -0.28 -0.19 -0.14 -0.10 -0.04 0.02 0.13 0.20 0.26 0.30 0.35 0.41 0.47 0.64 0.70 0.73 0.74 0.78 0.92 1.09 1.23 1.41 1.50 1.58 1.65 1.77 0.18 0.02 0.04 0.12 0.02 1.71 4.06 5.13 5.21 5.09 5.06 5.08 5.13 5.21 5.36 5.42 5.51 5.44 4.53 4.38 4.69 4.50 3.36 2.40 1.33 1.60 2.01 2.35 2.59 2.21 0.93 0.02 0.00 0.00 0.00 0.00 0.00 0.00 0.00 0.00 0.00
-9999.00 -0.85 -0.81 -0.80 -0.78 -0.77 -0.76 -0.70 -0.65 -0.60 -0.55 -0.51 -0.47 -0.43 -0.38 -0.26 -0.21 -0.16 -0.11 -0.05 0.02 0.13 0.20 0.26 0.31 0.36 0.42 0.48 0.55 0.70 0.72 0.73 0.77 0.93 1.11 1.25 1.42 1.52 1.59 1.66 1.75 0.95 0.03 0.04 0.08 0.00 2.97 4.59 5.18 5.14 5.02 4.95 4.96 5.03 5.22 5.30 5.36 5.43 5.49 4.97 4.50 4.97 4.25 3.12 2.02 1.35 1.70 1.99 2.36 2.72 2.36 1.02 0.12 0.00 0.00 0.00 0.00 0.00 0.00 0.00 0.00 0.00
-9999.00 -0.89 -0.86 -0.84 -0.82 -0.81 -0.80 -0.75 -0.69 -0.64 -0.59 -0.54 -0.50 -0.45 -0.39 -0.26 -0.22 -0.16 -0.11 -0.05 0.02 0.09 0.20 0.27 0.32 0.38 0.43 0.49 0.65 0.70 0.71 0.71 0.76 0.93 1.11 1.25 1.44 1.53 1.60 1.66 1.76 0.92 0.03 0.05 0.08 0.07 3.32 4.92 5.14 5.09 5.00 4.89 4.91 4.98 5.14 5.21 5.26 5.34 5.37 5.35 5.35 5.28 4.85 3.86 1.76 1.20 1.87 2.20 2.51 2.86 2.49 1.10 0.55 0.00 0.00 0.00 0.00 0.00 0.00 0.00 0.00 0.00
-9999.00 -0.94 -0.92 -0.89 -0.87 -0.86 -0.84 -0.80 -0.72 -0.66 -0.61 -0.56 -0.51 -0.46 -0.40 -0.27 -0.22 -0.16 -0.11 -0.05 0.02 0.10 0.20 0.27 0.33 0.38 0.43 0.49 0.62 0.69 0.70 0.70 0.76 0.93 1.11 1.25 1.44 1.54 1.61 1.68 1.80 0.02 0.04 0.05 0.05 0.83 2.62 4.39 5.06 5.03 5.01 4.96 4.96 5.00 5.05 5.16 5.20 5.23 5.23 5.23 5.23 5.22 4.98 4.53 3.08 1.42 2.03 2.35 2.52 2.95 2.64 1.37 1.08 0.00 0.00 0.00 0.00 0.00 0.00 0.00 0.00 0.00
-9999.00 -0.99 -0.96 -0.93 -0.90 -0.88 -0.85 -0.81 -0.73 -0.68 -0.63 -0.58 -0.53 -0.47 -0.41 -0.27 -0.21 -0.16 -0.10 -0.04 0.03 0.10 0.20 0.26 0.32 0.38 0.43 0.49 0.62 0.70 0.73 0.74 0.78 0.91 1.10 1.25 1.38 1.54 1.61 1.68 1.84 1.92 0.07 0.03 0.34 1.31 2.72 4.25 4.99 5.00 5.01 5.01 5.00 5.02 5.10 5.12 5.15 5.18 3.84 4.16 5.12 5.11 5.07 5.01 4.91 3.74 2.15 2.50 2.59 3.01 2.83 1.98 1.84 0.00 0.00 0.00 0.00 0.00 0.00 0.00 0.00 0.00
-9999.00 -1.02 -0.99 -0.96 -0.92 -0.90 -0.87 -0.83 -0.74 -0.69 -0.64 -0.59 -0.54 -0.48 -0.42 -0.27 -0.21 -0.15 -0.10 -0.04 0.03 0.10 0.20 0.26 0.31 0.37 0.42 0.55 0.62 0.71 0.75 0.76 0.79 0.91 1.10 1.26 1.45 1.61 1.68 1.74 1.83 0.26 0.11 0.13 0.81 1.82 3.16 4.39 4.93 4.97 5.00 5.03 5.03 5.04 5.06 5.11 5.13 5.14 2.85 2.68 3.68 5.09 5.10 5.04 4.96 4.96 2.51 2.41 2.47 3.04 3.09 2.63 2.37 0.00 0.00 0.00 0.00 0.00 0.00 0.00 0.00 0.00
-9999.00 -1.07 -1.02 -0.98 -0.94 -0.91 -0.88 -0.84 -0.75 -0.70 -0.65 -0.60 -0.55 -0.49 -0.43 -0.27 -0.21 -0.15 -0.10 -0.05 0.02 0.09 0.16 0.25 0.30 0.36 0.41 0.47 0.62 0.72 0.76 0.78 0.80 0.91 1.11 1.31 1.48 1.65 1.73 1.78 1.88 1.26 0.27 0.57 1.47 2.52 4.01 4.80 4.88 4.93 4.98 5.02 5.03 5.03 5.07 5.09 5.12 3.75 2.33 2.72 3.11 3.62 3.31 3.36 4.83 4.97 2.74 2.31 2.64 3.09 2.94 2.52 2.25 0.00 0.00 0.00 0.00 0.00 0.00 0.00 0.00 0.00
-9999.00 -1.10 -1.05 -1.00 -0.96 -0.92 -0.89 -0.84 -0.76 -0.70 -0.66 -0.61 -0.56 -0.49 -0.43 -0.27 -0.21 -0.16 -0.11 -0.06 0.01 0.08 0.15 0.24 0.29 0.34 0.40 0.46 0.60 0.68 0.75 0.77 0.80 0.92 1.12 1.33 1.50 1.68 1.77 1.86 1.99 3.13 3.27 2.57 2.26 3.75 4.66 4.78 4.84 4.90 4.96 4.99 5.00 5.02 5.04 5.07 4.17 2.51 2.53 3.03 3.09 3.12 2.97 2.90 4.38 4.89 3.38 2.45 2.70 3.12 3.05 2.45 2.43 0.79 0.00 0.00 0.00 0.00 0.00 0.00 0.00 0.00
-9999.00 -1.12 -1.06 -1.02 -0.98 -0.93 -0.89 -0.85 -0.79 -0.71 -0.66 -0.61 -0.56 -0.50 -0.37 -0.27 -0.21 -0.16 -0.12 -0.07 -0.00 0.07 0.13 0.22 0.28 0.33 0.39 0.52 0.59 0.66 0.73 0.75 0.78 0.92 1.14 1.35 1.52 1.65 1.84 1.98 2.12 3.25 3.59 3.87 4.22 4.46 4.59 4.68 4.75 4.81 4.86 4.89 4.92 4.99 5.01 5.03 3.61 2.12 2.13 3.02 3.10 3.24 3.08 3.03 4.05 4.80 3.55 2.76 2.91 3.13 2.90 2.28 2.40 1.78 0.35 0.00 0.00 0.00 0.00 0.00 0.00 0.00
-1.15 -1.12 -1.08 -1.03 -0.98 -0.93 -0.89 -0.85 -0.79 -0.71 -0.66 -0.61 -0.56 -0.43 -0.37 -0.27 -0.21 -0.16 -0.12 -0.07 -0.01 0.06 0.12 0.21 0.27 0.33 0.38 0.51 0.58 0.64 0.70 0.72 0.77 0.94 1.17 1.40 1.56 1.71 2.00 2.20 2.73 3.27 3.62 3.90 4.24 4.43 4.53 4.62 4.70 4.76 4.81 4.84 4.88 4.95 4.93 4.92 2.63 1.98 2.19 2.90 2.97 2.97 2.88 2.86 3.64 4.70 2.63 2.58 2.68 3.11 2.91 2.09 2.03 1.53 1.07 0.00 0.00 0.00 0.00 0.00 0.00 0.00
-1.17 -1.13 -1.09 -1.04 -0.98 -0.93 -0.89 -0.85 -0.79 -0.71 -0.67 -0.62 -0.56 -0.50 -0.38 -0.31 -0.21 -0.16 -0.12 -0.08 -0.02 0.05 0.11 0.21 0.26 0.32 0.38 0.50 0.56 0.62 0.65 0.67 0.77 0.99 1.23 1.43 1.58 1.76 2.11 2.49 2.73 3.23 3.60 3.88 4.12 4.35 4.46 4.55 4.64 4.70 4.76 4.80 4.84 4.87 4.89 3.81 2.26 1.86 2.66 2.86 2.85 2.80 2.72 2.84 3.44 4.61 2.48 2.03 2.22 3.26 2.73 1.99 1.73 0.97 0.20 0.00 0.00 0.00 0.00 0.00 0.00 0.00
-1.18 -1.13 -1.09 -1.04 -0.99 -0.94 -0.89 -0.85 -0.80 -0.72 -0.67 -0.62 -0.57 -0.44 -0.38 -0.32 -0.22 -0.17 -0.13 -0.08 -0.02 0.04 0.11 0.17 0.26 0.32 0.37 0.49 0.55 0.60 0.62 0.64 0.77 1.01 1.26 1.45 1.62 1.83 2.20 2.60 2.83 3.15 3.53 3.83 4.06 4.27 4.39 4.47 4.57 4.66 4.72 4.76 4.82 4.84 4.84 3.10 1.86 1.93 2.66 2.68 2.64 2.64 2.93 2.58 3.16 4.37 2.40 2.11 2.20 3.16 2.44 1.75 1.48 1.02 0.08 0.00 0.00 0.00 0.00 0.00 0.00 0.00
-1.19 -1.16 -1.10 -1.04 -0.99 -0.94 -0.90 -0.85 -0.80 -0.72 -0.67 -0.63 -0.58 -0.45 -0.39 -0.33 -0.24 -0.18 -0.13 -0.08 -0.02 0.04 0.10 0.16 0.25 0.31 0.36 0.48 0.54 0.59 0.61 0.62 0.77 1.02 1.27 1.47 1.66 1.90 2.28 2.48 2.89 3.13 3.46 3.76 3.97 4.17 4.29 4.42 4.51 4.59 4.66 4.72 4.75 4.78 4.68 3.06 1.02 2.02 2.59 2.61 2.47 2.57 2.51 2.30 3.21 2.38 2.20 2.24 2.95 3.04 2.61 1.59 1.21 0.83 0.01 0.00 0.00 0.00 0.00 0.00 0.00 0.00
-1.20 -1.17 -1.10 -1.05 -1.00 -0.95 -0.90 -0.85 -0.80 -0.75 -0.68 -0.64 -0.59 -0.47 -0.40 -0.34 -0.24 -0.19 -0.13 -0.08 -0.03 0.03 0.09 0.15 0.23 0.30 0.35 0.46 0.53 0.58 0.60 0.61 0.75 1.01 1.27 1.49 1.70 1.95 2.21 2.54 2.93 3.15 3.42 3.67 3.88 4.07 4.15 4.31 4.43 4.54 4.61 4.67 4.71 4.75 4.13 2.96 1.17 2.39 2.76 2.68 2.85 2.62 2.58 2.37 3.49 2.26 2.06 1.95 2.86 2.89 2.96 1.50 1.18 0.49 0.01 0.00 0.00 0.00 0.00 0.00 0.00 0.00
-1.22 -1.18 -1.11 -1.06 -1.01 -0.96 -0.91 -0.86 -0.80 -0.75 -0.68 -0.64 -0.60 -0.54 -0.41 -0.35 -0.25 -0.20 -0.14 -0.09 -0.03 0.03 0.08 0.14 0.22 0.28 0.39 0.44 0.51 0.57 0.59 0.60 0.72 1.00 1.27 1.50 1.72 1.98 2.24 2.57 2.94 3.13 3.32 3.51 3.69 3.86 4.04 4.24 4.40 4.52 4.59 4.65 4.72 4.74 3.76 2.55 1.46 2.52 2.65 2.80 2.83 2.42 2.40 2.45 4.09 3.00 2.10 1.96 2.75 2.80 2.67 1.15 1.36 0.52 0.00 0.00 0.00 0.00 0.00 0.00 0.00 0.00
-1.27 -1.20 -1.12 -1.07 -1.01 -0.96 -0.91 -0.86 -0.81 -0.75 -0.69 -0.65 -0.60 -0.47 -0.41 -0.36 -0.30 -0.21 -0.15 -0.09 -0.04 0.01 0.07 0.12 0.20 0.26 0.32 0.43 0.49 0.56 0.59 0.58 0.69 0.99 1.28 1.49 1.73 2.01 2.27 2.76 2.92 3.10 3.26 3.42 3.54 3.57 3.45 3.99 4.41 4.52 4.59 4.64 4.68 4.73 4.15 2.15 1.41 2.29 2.19 2.73 2.48 2.33 2.62 3.53 4.16 2.27 2.35 2.20 2.63 2.63 2.37 1.00 1.36 0.16 0.00 0.00 0.00 0.00 0.00 0.00 0.00 0.00
-1.29 -1.23 -1.17 -1.08 -1.03 -0.97 -0.91 -0.86 -0.81 -0.75 -0.69 -0.65 -0.60 -0.48 -0.42 -0.36 -0.31 -0.22 -0.16 -0.11 -0.06 -0.00 0.05 0.11 0.16 0.30 0.34 0.40 0.47 0.53 0.56 0.54 0.67 1.00 1.28 1.47 1.73 2.02 2.26 2.57 2.90 3.05 3.19 3.33 3.37 3.13 0.42 2.84 4.31 4.54 4.60 4.63 4.70 4.73 4.74 1.69 1.45 2.16 2.03 2.38 2.31 3.92 4.13 4.13 2.56 1.71 2.02 1.61 2.31 2.26 2.03 1.89 1.27 0.15 0.00 0.00 0.00 0.00 0.00 0.00 0.00 0.00
-1.30 -1.24 -1.18 -1.09 -1.03 -0.98 -0.91 -0.86 -0.80 -0.76 -0.72 -0.65 -0.60 -0.48 -0.43 -0.37 -0.32 -0.23 -0.17 -0.12 -0.08 -0.03 0.02 0.08 0.13 0.22 0.33 0.39 0.45 0.51 0.53 0.51 0.65 1.00 1.29 1.41 1.73 2.02 2.25 2.73 2.87 3.01 3.12 3.21 2.29 0.00 0.48 2.82 3.90 4.52 4.60 4.63 4.70 4.72 4.72 1.17 1.39 1.95 1.89 2.15 2.38 4.10 4.10 4.09 2.18 2.09 1.88 1.64 2.19 2.18 2.14 2.10 1.47 0.06 0.00 0.00 0.00 0.00 0.00 0.00 0.00 0.00
-1.31 -1.25 -1.19 -1.10 -1.04 -0.98 -0.92 -0.86 -0.82 -0.77 -0.73 -0.66 -0.56 -0.49 -0.44 -0.39 -0.34 -0.25 -0.20 -0.15 -0.10 -0.05 0.00 0.06 0.12 0.26 0.32 0.38 0.44 0.48 0.49 0.48 0.63 0.98 1.27 1.37 1.75 2.02 2.42 2.70 2.84 2.96 3.07 3.19 0.71 0.37 0.27 2.53 3.14 3.47 3.97 4.68 4.71 4.74 3.96 0.29 0.51 1.24 1.63 2.20 2.30 3.76 4.07 4.07 2.79 1.95 1.74 1.39 2.08 2.10 2.13 2.06 1.43 0.07 0.00 0.00 0.00 0.00 0.00 0.00 0.00 0.00
-1.32 -1.26 -1.19 -1.11 -1.05 -0.99 -0.93 -0.88 -0.83 -0.79 -0.75 -0.68 -0.63 -0.51 -0.45 -0.40 -0.36 -0.30 -0.22 -0.17 -0.12 -0.07 -0.02 0.04 0.10 0.25 0.31 0.36 0.41 0.45 0.46 0.45 0.60 0.92 1.21 1.38 1.78 2.02 2.37 2.64 2.78 2.91 2.99 2.97 0.00 0.17 0.99 2.65 2.65 2.55 3.01 4.71 4.73 4.75 3.13 0.12 0.26 0.47 1.45 2.14 2.20 3.84 4.04 4.07 2.51 2.04 1.86 1.20 1.99 2.01 1.98 1.79 1.48 0.06 0.00 0.00 0.00 0.00 0.00 0.00 0.00 0.00
-1.32 -1.26 -1.20 -1.11 -1.06 -1.00 -0.94 -0.89 -0.84 -0.80 -0.76 -0.69 -0.58 -0.53 -0.48 -0.42 -0.37 -0.32 -0.25 -0.19 -0.16 -0.09 -0.03 0.03 0.09 0.24 0.30 0.35 0.39 0.42 0.43 0.42 0.55 0.91 1.11 1.41 1.77 2.01 2.16 2.50 2.70 2.82 2.89 0.41 0.00 0.37 1.61 2.76 2.76 2.66 3.23 4.48 4.76 4.78 2.41 0.26 0.37 0.58 1.64 2.06 2.51 4.00 4.03 2.92 2.02 2.23 1.96 1.20 1.91 1.96 1.96 1.75 1.48 0.08 0.00 0.00 0.00 0.00 0.00 0.00 0.00 0.00
-1.33 -1.27 -1.20 -1.14 -1.06 -1.01 -0.95 -0.90 -0.86 -0.82 -0.77 -0.70 -0.59 -0.54 -0.49 -0.44 -0.38 -0.32 -0.26 -0.21 -0.17 -0.11 -0.06 -0.00 0.05 0.09 0.25 0.33 0.37 0.40 0.40 0.37 0.48 0.85 0.98 1.45 1.73 1.96 2.22 2.46 2.67 2.80 2.90 0.21 0.31 1.37 2.53 2.74 2.75 2.71 3.41 4.79 4.79 4.80 1.62 0.40 0.38 1.01 1.93 2.11 3.21 3.98 3.26 2.01 1.84 2.11 1.69 1.16 1.78 1.82 1.51 1.62 0.21 0.00 0.00 0.00 0.00 0.00 0.00 0.00 0.00 0.00
-1.33 -1.27 -1.20 -1.15 -1.07 -1.01 -0.96 -0.91 -0.87 -0.83 -0.78 -0.73 -0.60 -0.55 -0.50 -0.44 -0.38 -0.33 -0.26 -0.22 -0.18 -0.13 -0.08 -0.03 0.06 0.16 0.23 0.31 0.34 0.37 0.39 0.37 0.33 0.79 0.89 1.45 1.72 1.90 2.02 2.48 2.66 2.79 2.76 0.05 0.86 2.05 2.61 2.84 2.84 2.70 3.42 4.82 4.81 4.82 0.99 0.52 0.49 1.54 1.93 2.17 3.35 3.94 3.21 2.00 1.78 2.07 1.38 1.09 1.58 1.51 0.93 1.02 0.01 0.00 0.00 0.00 0.00 0.00 0.00 0.00 0.00 0.00
-1.33 -1.27 -1.21 -1.15 -1.07 -1.01 -0.96 -0.92 -0.88 -0.84 -0.79 -0.73 -0.61 -0.56 -0.51 -0.45 -0.39 -0.33 -0.27 -0.23 -0.18 -0.14 -0.09 -0.05 -0.01 0.14 0.22 0.28 0.33 0.36 0.38 0.43 0.35 0.53 0.84 1.42 1.69 1.84 2.05 2.48 2.65 2.76 2.42 0.13 1.26 2.47 2.54 2.83 2.84 2.76 3.61 4.84 4.83 3.59 0.50 0.42 0.52 1.52 1.72 1.90 3.81 3.90 3.31 1.91 1.74 1.76 1.40 1.24 1.23 1.12 0.47 0.16 0.00 0.00 0.00 0.00 0.00 0.00 0.00 0.00 0.00 0.00
-1.33 -1.27 -1.21 -1.15 -1.07 -1.02 -0.97 -0.93 -0.90 -0.85 -0.79 -0.66 -0.61 -0.56 -0.51 -0.45 -0.39 -0.33 -0.29 -0.24 -0.20 -0.15 -0.11 -0.07 0.03 0.13 0.21 0.27 0.32 0.35 0.38 0.46 0.52 0.26 0.91 1.40 1.62 1.71 2.05 2.39 2.61 2.72 1.55 0.54 1.51 2.60 2.58 2.83 2.87 3.43 4.90 4.89 4.32 0.96 0.65 0.57 0.53 1.22 1.66 2.33 3.88 3.89 3.02 1.84 1.69 1.25 1.07 0.76 1.07 0.90 0.09 0.01 0.00 0.00 0.00 0.00 0.00 0.00 0.00 0.00 0.00 0.00
-1.32 -1.27 -1.21 -1.15 -1.07 -1.02 -0.97 -0.93 -0.90 -0.84 -0.79 -0.66 -0.61 -0.57 -0.52 -0.46 -0.39 -0.34 -0.29 -0.24 -0.21 -0.16 -0.12 -0.08 -0.03 0.09 0.20 0.27 0.31 0.34 0.38 0.49 0.48 0.30 0.94 1.40 1.57 1.64 2.18 2.38 2.60 2.17 0.47 0.86 2.42 2.68 2.58 2.79 2.91 3.83 4.95 4.92 2.38 0.68 0.65 0.53 0.58 1.25 1.72 2.88 3.87 3.87 2.70 1.50 1.89 1.31 1.12 0.95 0.37 0.00 0.00 0.00 0.00 0.00 0.00 0.00 0.00 0.00 0.00 0.00 0.00 0.00
-1.32 -1.27 -1.21 -1.15 -1.10 -1.02 -0.97 -0.93 -0.89 -0.84 -0.78 -0.65 -0.61 -0.57 -0.52 -0.46 -0.40 -0.34 -0.30 -0.25 -0.21 -0.16 -0.12 -0.07 -0.03 0.09 0.19 0.26 0.31 0.35 0.37 0.42 0.44 0.59 1.00 1.38 1.54 1.77 2.18 2.39 1.04 0.36 0.46 1.37 2.42 2.68 2.52 2.67 2.95 4.26 4.97 4.43 1.45 0.73 0.67 0.41 0.75 1.41 1.87 3.33 3.85 3.85 2.74 1.76 2.05 1.27 1.11 1.13 0.61 0.00 0.00 0.00 0.00 0.00 0.00 0.00 0.00 0.00 0.00 0.00 0.00 0.00
-1.31 -1.26 -1.20 -1.15 -1.10 -1.02 -0.97 -0.93 -0.89 -0.84 -0.73 -0.68 -0.61 -0.57 -0.52 -0.46 -0.40 -0.34 -0.30 -0.24 -0.21 -0.16 -0.11 -0.07 0.03 0.08 0.19 0.26 0.31 0.35 0.36 0.37 0.53 0.66 1.00 1.37 1.53 1.79 2.18 2.36 0.01 0.49 0.54 1.62 2.36 2.67 2.54 2.70 3.62 5.04 4.99 1.87 1.34 0.73 0.70 0.50 1.00 1.46 1.91 3.47 3.84 3.84 2.99 2.19 1.31 1.12 1.14 1.27 0.00 0.00 0.00 0.00 0.00 0.00 0.00 0.00 0.00 0.00 0.00 0.00 0.00 0.00
-1.31 -1.25 -1.20 -1.15 -1.10 -1.03 -0.98 -0.94 -0.89 -0.84 -0.74 -0.68 -0.61 -0.56 -0.51 -0.45 -0.39 -0.34 -0.29 -0.23 -0.19 -0.15 -0.11 -0.06 0.03 0.08 0.18 0.26 0.31 0.35 0.35 0.36 0.63 0.69 1.05 1.35 1.52 1.85 2.19 2.34 0.13 0.56 0.48 1.43 2.42 2.73 2.62 2.72 3.85 5.05 2.85 1.77 1.39 0.94 0.72 1.03 1.26 1.64 1.78 3.75 3.82 3.73 2.93 2.09 1.42 1.15 1.00 1.26 0.00 0.00 0.00 0.00 0.00 0.00 0.00 0.00 0.00 0.00 0.00 0.00 0.00 0.00
-1.30 -1.25 -1.21 -1.16 -1.11 -1.04 -0.99 -0.95 -0.90 -0.85 -0.75 -0.69 -0.61 -0.55 -0.50 -0.44 -0.38 -0.33 -0.28 -0.24 -0.19 -0.15 -0.11 -0.02 0.02 0.08 0.18 0.25 0.31 0.34 0.35 0.41 0.67 0.78 1.07 1.34 1.51 1.87 2.18 2.29 0.64 0.63 0.44 1.39 2.52 2.76 2.74 2.80 3.21 5.10 2.08 1.77 1.34 0.94 0.78 0.98 1.53 1.71 1.95 2.60 3.76 3.60 2.91 1.98 1.29 1.09 0.90 0.32 0.00 0.00 0.00 0.00 0.00 0.00 0.00 0.00 0.00 0.00 0.00 0.00 0.00 0.00
-1.30 -1.26 -1.21 -1.18 -1.14 -1.06 -1.01 -0.96 -0.91 -0.86 -0.81 -0.69 -0.60 -0.54 -0.48 -0.43 -0.37 -0.32 -0.28 -0.24 -0.19 -0.15 -0.11 -0.02 0.03 0.08 0.15 0.26 0.32 0.34 0.38 0.46 0.68 0.85 1.04 1.33 1.57 1.93 2.10 0.21 0.87 0.64 0.95 1.80 2.69 2.85 2.82 2.86 3.25 5.12 1.97 1.74 1.11 0.88 0.76 0.60 1.38 1.76 1.16 2.44 3.72 3.00 2.62 1.38 1.40 1.21 0.90 0.00 0.00 0.00 0.00 0.00 0.00 0.00 0.00 0.00 0.00 0.00 0.00 0.00 0.00 0.00
-1.32 -1.27 -1.23 -1.19 -1.15 -1.10 -1.02 -0.96 -0.91 -0.85 -0.81 -0.69 -0.60 -0.54 -0.48 -0.42 -0.37 -0.32 -0.27 -0.24 -0.19 -0.16 -0.11 -0.01 0.04 0.09 0.16 0.27 0.33 0.34 0.42 0.50 0.69 0.91 0.89 1.34 1.45 2.00 0.48 0.22 0.77 0.69 1.10 1.99 2.81 2.93 2.89 2.94 3.38 5.14 1.95 1.71 1.03 0.91 0.73 0.55 1.49 1.46 0.90 2.97 3.69 2.81 1.44 1.20 1.04 0.34 0.00 0.00 0.00 0.00 0.00 0.00 0.00 0.00 0.00 0.00 0.00 0.00 0.00 0.00 0.00 0.00
-1.32 -1.28 -1.24 -1.21 -1.17 -1.11 -1.02 -0.96 -0.90 -0.85 -0.75 -0.70 -0.63 -0.54 -0.48 -0.43 -0.37 -0.32 -0.28 -0.24 -0.19 -0.15 -0.10 -0.05 0.05 0.10 0.17 0.28 0.37 0.39 0.42 0.57 0.74 0.93 0.91 1.33 1.43 2.01 1.80 0.17 0.45 0.83 1.20 2.45 2.96 3.07 3.01 3.10 3.78 5.15 1.95 1.76 1.01 0.93 0.76 0.80 1.18 0.89 1.08 3.21 3.65 2.38 1.29 1.44 1.99 0.00 0.00 0.00 0.00 0.00 0.00 0.00 0.00 0.00 0.00 0.00 0.00 0.00 0.00 0.00 0.00 0.00
-1.33 -1.29 -1.25 -1.21 -1.17 -1.12 -1.02 -0.96 -0.90 -0.85 -0.75 -0.70 -0.64 -0.54 -0.49 -0.43 -0.38 -0.33 -0.29 -0.24 -0.18 -0.14 -0.09 -0.03 0.09 0.13 0.18 0.28 0.39 0.43 0.45 0.63 0.73 0.97 0.93 1.32 1.42 2.07 2.18 1.99 0.10 0.73 1.32 2.74 3.09 3.52 3.28 3.10 4.27 5.17 1.97 1.87 1.08 0.96 0.83 1.10 1.03 1.24 1.58 3.30 3.59 2.34 1.19 1.66 1.36 0.00 0.00 0.00 0.00 0.00 0.00 0.00 0.00 0.00 0.00 0.00 0.00 0.00 0.00 0.00 0.00 0.00
