tsunami_inundation/2910.asc
ncols        89
nrows        96
xllcorner    425855.973699999973
yllcorner    5091051.504999999888
cellsize     55.000000000000
NODATA_value  -9999.00
[rows 0 to 35 of 96, columns 0 to 80 of 89]
-9999.00 3.91 3.88 -1.22 -1.25 -1.23 -1.16 -1.11 -1.05 -0.99 -0.94 -0.90 -0.86 -0.82 -0.73 -0.68 -0.63 -0.58 -0.57 -0.55 -0.52 -0.47 -0.44 -0.42 -0.40 -0.37 -0.33 -0.29 -0.21 -0.15 -0.08 -0.08 -0.08 0.01 0.21 0.47 0.61 0.74 0.84 0.95 1.13 0.00 0.05 0.55 0.50 0.02 0.03 0.02 0.85 3.03 4.85 5.17 5.21 5.24 5.27 5.31 5.37 5.40 5.42 3.53 4.22 4.36 3.98 3.42 1.88 0.21 0.32 1.34 2.11 2.27 1.59 0.83 0.02 0.00 0.00 0.00 0.00 0.00 0.00 0.00 0.00
-9999.00 3.97 3.80 -1.22 -1.25 -1.22 -1.16 -1.11 -1.05 -0.99 -0.94 -0.90 -0.86 -0.82 -0.73 -0.68 -0.63 -0.61 -0.60 -0.58 -0.56 -0.50 -0.46 -0.44 -0.41 -0.37 -0.33 -0.28 -0.14 -0.10 -0.08 -0.09 -0.09 0.02 0.25 0.51 0.65 0.77 0.87 0.96 1.16 0.06 0.02 0.23 0.51 0.39 0.02 1.03 3.31 4.77 5.11 5.11 5.14 5.16 5.20 5.24 5.31 5.36 5.39 3.58 4.22 4.41 4.26 3.43 1.56 0.16 0.18 1.64 2.31 2.41 1.84 0.58 0.02 0.00 0.00 0.00 0.00 0.00 0.00 0.00 0.00
-9999.00 4.01 -0.50 -1.22 -1.25 -1.22 -1.19 -1.12 -1.06 -0.99 -0.94 -0.90 -0.87 -0.83 -0.74 -0.67 -0.66 -0.65 -0.64 -0.62 -0.59 -0.52 -0.48 -0.45 -0.42 -0.38 -0.33 -0.28 -0.22 -0.09 -0.08 -0.10 -0.10 0.06 0.30 0.48 0.69 0.81 0.89 0.98 1.10 0.01 0.00 0.06 0.28 0.41 1.29 2.98 4.57 5.09 5.04 5.04 5.04 5.07 5.12 5.22 5.26 5.32 5.14 3.88 4.11 4.50 4.38 3.32 2.39 0.15 0.26 1.71 2.12 2.57 2.16 0.67 0.05 0.00 0.00 0.00 0.00 0.00 0.00 0.00 0.00
-9999.00 4.05 -0.60 -1.22 -1.25 -1.23 -1.20 -1.12 -1.06 -1.00 -0.95 -0.92 -0.89 -0.86 -0.77 -0.73 -0.70 -0.69 -0.67 -0.65 -0.62 -0.54 -0.49 -0.45 -0.42 -0.38 -0.34 -0.28 -0.13 -0.08 -0.08 -0.12 -0.10 0.09 0.33 0.50 0.71 0.82 0.91 1.00 1.13 0.15 0.02 0.03 0.09 0.02 1.53 3.89 4.96 5.05 4.95 4.93 4.93 4.97 5.03 5.16 5.21 5.28 5.20 4.30 4.16 4.48 4.28 3.14 2.20 1.19 1.52 2.12 2.49 2.74 2.36 1.11 0.20 0.00 0.00 0.00 0.00 0.00 0.00 0.00 0.00
-9999.00 4.10 -0.69 -1.23 -1.25 -1.23 -1.20 -1.13 -1.07 -1.02 -0.98 -0.94 -0.92 -0.91 -0.88 -0.81 -0.79 -0.76 -0.74 -0.68 -0.66 -0.56 -0.51 -0.47 -0.43 -0.39 -0.35 -0.29 -0.22 -0.08 -0.09 -0.13 -0.09 0.12 0.35 0.52 0.73 0.84 0.93 1.00 1.15 0.62 0.02 0.03 0.07 0.01 2.79 4.41 5.02 4.97 4.86 4.82 4.82 4.88 5.03 5.10 5.16 5.21 5.26 4.75 4.30 4.76 4.05 2.92 1.83 1.22 1.61 1.99 2.49 2.86 2.51 1.20 0.72 0.00 0.00 0.00 0.00 0.00 0.00 0.00 0.00
-9999.00 4.14 -0.78 -1.24 -1.26 -1.23 -1.21 -1.15 -1.10 -1.07 -1.03 -1.01 -0.98 -0.96 -0.93 -0.84 -0.81 -0.78 -0.75 -0.72 -0.67 -0.62 -0.52 -0.48 -0.46 -0.42 -0.37 -0.30 -0.13 -0.08 -0.09 -0.12 -0.07 0.14 0.36 0.52 0.75 0.86 0.94 1.01 1.15 0.56 0.03 0.04 0.07 0.01 3.14 4.74 4.96 4.92 4.81 4.70 4.71 4.78 4.95 5.01 5.07 5.14 5.17 5.17 5.16 5.09 4.66 3.68 1.61 1.09 1.79 2.18 2.63 3.00 2.65 1.30 1.07 0.00 0.00 0.00 0.00 0.00 0.00 0.00 0.00
-9999.00 3.04 -0.90 -1.26 -1.26 -1.24 -1.22 -1.20 -1.14 -1.11 -1.08 -1.06 -1.03 -1.00 -0.97 -0.87 -0.84 -0.80 -0.77 -0.73 -0.68 -0.63 -0.55 -0.51 -0.47 -0.43 -0.38 -0.31 -0.16 -0.09 -0.09 -0.11 -0.06 0.15 0.36 0.53 0.77 0.88 0.95 1.02 1.14 0.04 0.03 0.05 0.00 0.63 2.43 4.20 4.85 4.83 4.79 4.74 4.74 4.79 4.85 4.97 5.02 5.05 5.05 5.06 5.07 5.05 4.82 4.39 2.95 1.32 1.95 2.32 2.63 3.09 2.79 1.55 1.32 0.00 0.00 0.00 0.00 0.00 0.00 0.00 0.00
-9999.00 2.78 -0.97 -1.27 -1.28 -1.26 -1.25 -1.23 -1.19 -1.16 -1.13 -1.10 -1.08 -1.04 -1.00 -0.89 -0.85 -0.81 -0.78 -0.74 -0.70 -0.64 -0.57 -0.52 -0.48 -0.44 -0.39 -0.33 -0.18 -0.09 -0.07 -0.09 -0.08 0.09 0.36 0.54 0.70 0.89 0.97 1.04 1.27 1.41 0.05 0.02 0.18 1.09 2.51 4.04 4.78 4.79 4.80 4.79 4.80 4.82 4.90 4.94 4.98 5.01 3.69 4.01 4.98 4.97 4.92 4.88 4.79 3.63 2.07 2.46 2.70 3.15 2.98 2.14 2.01 0.00 0.00 0.00 0.00 0.00 0.00 0.00 0.00
-9999.00 2.46 -1.05 -1.30 -1.30 -1.29 -1.29 -1.27 -1.23 -1.20 -1.18 -1.15 -1.11 -1.07 -1.02 -0.91 -0.87 -0.83 -0.79 -0.75 -0.71 -0.65 -0.58 -0.53 -0.49 -0.44 -0.40 -0.27 -0.20 -0.11 -0.08 -0.10 -0.10 0.05 0.31 0.54 0.73 0.89 0.96 1.02 1.22 0.03 0.11 0.07 0.59 1.59 2.94 4.17 4.72 4.76 4.80 4.82 4.83 4.84 4.87 4.93 4.95 4.97 2.71 2.54 3.53 4.95 4.96 4.91 4.84 4.84 2.43 2.41 2.58 3.17 3.23 2.78 2.53 0.00 0.00 0.00 0.00 0.00 0.00 0.00 0.00
-9999.00 4.31 -1.13 -1.33 -1.33 -1.33 -1.32 -1.31 -1.27 -1.24 -1.21 -1.18 -1.14 -1.09 -1.05 -0.92 -0.88 -0.84 -0.81 -0.77 -0.72 -0.67 -0.62 -0.54 -0.49 -0.45 -0.40 -0.35 -0.22 -0.12 -0.09 -0.12 -0.13 0.01 0.29 0.55 0.74 0.90 1.00 1.08 1.31 0.88 0.19 0.40 1.25 2.29 3.78 4.58 4.67 4.73 4.79 4.83 4.84 4.85 4.90 4.92 4.95 3.59 2.19 2.58 2.97 3.48 3.18 3.23 4.71 4.84 2.67 2.30 2.75 3.23 3.09 2.68 2.42 0.00 0.00 0.00 0.00 0.00 0.00 0.00 0.00
-9999.00 4.20 -1.22 -1.38 -1.37 -1.37 -1.36 -1.35 -1.30 -1.27 -1.24 -1.22 -1.17 -1.12 -1.07 -0.94 -0.89 -0.85 -0.82 -0.78 -0.73 -0.68 -0.62 -0.55 -0.50 -0.45 -0.41 -0.36 -0.24 -0.17 -0.12 -0.14 -0.15 -0.00 0.31 0.58 0.77 0.95 1.09 1.20 1.41 2.83 2.96 2.28 2.03 3.52 4.44 4.56 4.64 4.71 4.77 4.81 4.83 4.84 4.88 4.90 4.01 2.36 2.40 2.90 2.96 2.99 2.84 2.77 4.26 4.76 3.29 2.43 2.80 3.25 3.20 2.62 2.60 0.95 0.00 0.00 0.00 0.00 0.00 0.00 0.00
-9999.00 4.28 -1.31 -1.43 -1.44 -1.42 -1.41 -1.39 -1.36 -1.31 -1.27 -1.24 -1.19 -1.14 -1.03 -0.95 -0.89 -0.85 -0.82 -0.79 -0.74 -0.68 -0.63 -0.55 -0.50 -0.45 -0.41 -0.31 -0.25 -0.20 -0.15 -0.17 -0.17 0.02 0.36 0.63 0.81 0.96 1.21 1.36 1.52 2.96 3.33 3.62 4.00 4.25 4.39 4.49 4.58 4.66 4.70 4.74 4.77 4.83 4.85 4.87 3.45 1.99 2.00 2.90 2.97 3.12 2.96 2.91 3.93 4.68 3.47 2.74 2.99 3.26 3.06 2.46 2.59 1.97 0.64 0.00 0.00 0.00 0.00 0.00 0.00
4.38 0.26 -1.42 -1.49 -1.47 -1.45 -1.44 -1.42 -1.38 -1.33 -1.29 -1.25 -1.20 -1.09 -1.04 -0.95 -0.90 -0.86 -0.83 -0.80 -0.75 -0.69 -0.63 -0.55 -0.50 -0.45 -0.41 -0.32 -0.27 -0.22 -0.18 -0.20 -0.17 0.08 0.42 0.71 0.88 1.05 1.40 1.61 2.31 2.97 3.36 3.66 4.02 4.24 4.34 4.44 4.54 4.61 4.66 4.70 4.74 4.81 4.79 4.78 2.49 1.84 2.07 2.77 2.85 2.85 2.76 2.74 3.53 4.58 2.56 2.55 2.77 3.23 3.06 2.27 2.26 1.79 1.68 0.40 0.00 0.00 0.00 0.00 0.00
4.43 -0.23 -1.49 -1.53 -1.50 -1.48 -1.46 -1.44 -1.40 -1.34 -1.31 -1.27 -1.22 -1.16 -1.05 -0.99 -0.90 -0.86 -0.83 -0.80 -0.76 -0.70 -0.65 -0.56 -0.51 -0.46 -0.42 -0.33 -0.28 -0.23 -0.24 -0.27 -0.17 0.17 0.51 0.75 0.93 1.13 1.55 1.97 2.23 2.91 3.33 3.65 3.92 4.17 4.29 4.38 4.48 4.55 4.63 4.67 4.70 4.74 4.76 3.68 2.13 1.73 2.55 2.74 2.73 2.68 2.61 2.72 3.33 4.49 2.41 2.00 2.33 3.38 2.87 2.17 1.97 1.40 1.35 0.42 0.00 0.00 0.00 0.00 0.00
4.46 -0.65 -1.53 -1.56 -1.53 -1.50 -1.48 -1.46 -1.42 -1.35 -1.32 -1.28 -1.23 -1.11 -1.05 -1.00 -0.91 -0.87 -0.84 -0.81 -0.77 -0.71 -0.66 -0.61 -0.53 -0.48 -0.44 -0.35 -0.29 -0.25 -0.28 -0.32 -0.17 0.22 0.56 0.79 0.97 1.23 1.68 2.10 2.35 2.74 3.23 3.60 3.85 4.09 4.22 4.32 4.43 4.52 4.59 4.62 4.70 4.71 4.72 2.98 1.74 1.82 2.54 2.56 2.53 2.53 2.81 2.47 3.06 4.27 2.30 2.11 2.28 3.25 2.55 1.91 1.71 1.35 0.86 0.04 0.00 0.00 0.00 0.00 0.00
4.46 1.02 -1.57 -1.58 -1.55 -1.52 -1.50 -1.47 -1.43 -1.36 -1.32 -1.29 -1.24 -1.12 -1.06 -1.01 -0.92 -0.88 -0.85 -0.82 -0.78 -0.73 -0.68 -0.63 -0.55 -0.50 -0.46 -0.37 -0.31 -0.26 -0.27 -0.37 -0.18 0.25 0.59 0.83 1.03 1.33 1.80 2.03 2.44 2.70 3.13 3.53 3.76 3.98 4.14 4.27 4.35 4.46 4.55 4.60 4.63 4.67 4.57 2.94 0.90 1.91 2.47 2.49 2.36 2.46 2.40 2.20 3.12 2.30 2.15 2.30 3.02 3.11 2.69 1.71 1.41 1.11 0.22 0.00 0.00 0.00 0.00 0.00 0.00
4.42 0.32 -1.60 -1.60 -1.56 -1.54 -1.51 -1.48 -1.44 -1.39 -1.33 -1.29 -1.25 -1.13 -1.08 -1.02 -0.94 -0.89 -0.86 -0.82 -0.79 -0.74 -0.70 -0.65 -0.57 -0.52 -0.48 -0.39 -0.33 -0.28 -0.29 -0.40 -0.18 0.26 0.61 0.85 1.09 1.42 1.75 2.11 2.51 2.77 3.09 3.42 3.67 3.88 3.97 4.16 4.29 4.40 4.49 4.55 4.60 4.64 4.02 2.84 1.06 2.28 2.65 2.57 2.74 2.51 2.48 2.27 3.40 2.18 2.01 2.02 2.93 2.96 3.03 1.58 1.35 0.71 0.12 0.00 0.00 0.00 0.00 0.00 0.00
4.31 -0.25 -1.64 -1.62 -1.59 -1.56 -1.52 -1.48 -1.44 -1.39 -1.33 -1.29 -1.25 -1.19 -1.08 -1.03 -0.95 -0.91 -0.87 -0.83 -0.80 -0.76 -0.71 -0.66 -0.59 -0.54 -0.46 -0.41 -0.34 -0.29 -0.29 -0.42 -0.19 0.27 0.62 0.87 1.14 1.50 1.82 2.17 2.57 2.78 3.00 3.22 3.43 3.60 3.82 4.05 4.25 4.38 4.47 4.53 4.61 4.62 3.64 2.42 1.34 2.41 2.54 2.69 2.73 2.33 2.31 2.37 4.01 2.91 2.06 2.03 2.83 2.87 2.75 1.26 1.65 0.82 0.08 0.00 0.00 0.00 0.00 0.00 0.00
3.53 -0.88 -1.66 -1.63 -1.60 -1.56 -1.53 -1.49 -1.44 -1.39 -1.33 -1.29 -1.25 -1.14 -1.09 -1.04 -0.99 -0.92 -0.88 -0.84 -0.81 -0.77 -0.72 -0.68 -0.60 -0.55 -0.50 -0.42 -0.36 -0.30 -0.30 -0.43 -0.20 0.28 0.62 0.88 1.21 1.57 1.87 2.40 2.57 2.76 2.93 3.12 3.23 3.23 3.15 3.80 4.24 4.37 4.45 4.51 4.55 4.60 4.02 2.01 1.30 2.18 2.09 2.64 2.40 2.26 2.55 3.45 4.08 2.19 2.31 2.29 2.73 2.73 2.53 1.33 1.71 0.67 0.15 0.00 0.00 0.00 0.00 0.00 0.00
2.97 -1.34 -1.67 -1.64 -1.61 -1.58 -1.53 -1.49 -1.44 -1.40 -1.34 -1.30 -1.25 -1.14 -1.09 -1.05 -1.00 -0.93 -0.89 -0.85 -0.82 -0.78 -0.73 -0.68 -0.63 -0.51 -0.48 -0.44 -0.38 -0.33 -0.33 -0.47 -0.22 0.31 0.65 0.88 1.24 1.60 1.88 2.22 2.56 2.72 2.87 2.99 3.07 2.84 0.24 2.69 4.16 4.39 4.45 4.49 4.57 4.59 4.60 1.56 1.36 2.06 1.94 2.30 2.24 3.85 4.06 4.05 2.49 1.64 1.99 1.76 2.49 2.47 2.35 2.23 1.63 0.70 0.14 0.00 0.00 0.00 0.00 0.00 0.00
2.31 -1.46 -1.69 -1.65 -1.62 -1.58 -1.53 -1.49 -1.45 -1.40 -1.38 -1.31 -1.26 -1.15 -1.10 -1.05 -1.01 -0.94 -0.89 -0.86 -0.83 -0.79 -0.74 -0.69 -0.64 -0.57 -0.49 -0.45 -0.40 -0.36 -0.36 -0.47 -0.24 0.35 0.70 0.83 1.26 1.62 1.88 2.41 2.55 2.69 2.82 2.90 1.98 0.00 0.33 2.69 3.76 4.37 4.45 4.49 4.56 4.59 4.59 1.04 1.31 1.88 1.82 2.09 2.31 4.03 4.03 4.02 2.11 2.05 1.85 1.86 2.42 2.44 2.43 2.40 1.74 0.31 0.01 0.00 0.00 0.00 0.00 0.00 0.00
1.62 -1.55 -1.70 -1.66 -1.63 -1.59 -1.54 -1.50 -1.46 -1.43 -1.40 -1.32 -1.22 -1.16 -1.11 -1.06 -1.02 -0.94 -0.90 -0.87 -0.83 -0.79 -0.75 -0.70 -0.65 -0.54 -0.50 -0.46 -0.42 -0.38 -0.40 -0.51 -0.25 0.39 0.69 0.83 1.33 1.62 2.06 2.39 2.54 2.66 2.78 2.89 0.54 0.32 0.16 2.38 2.99 3.33 3.84 4.55 4.58 4.61 3.84 0.16 0.43 1.18 1.58 2.14 2.24 3.70 4.00 4.01 2.73 1.92 1.73 1.64 2.36 2.38 2.43 2.38 1.70 0.30 0.01 0.00 0.00 0.00 0.00 0.00 0.00
0.63 -1.65 -1.73 -1.68 -1.64 -1.60 -1.55 -1.51 -1.47 -1.44 -1.41 -1.35 -1.29 -1.18 -1.12 -1.07 -1.03 -0.98 -0.91 -0.87 -0.84 -0.80 -0.76 -0.71 -0.66 -0.55 -0.51 -0.47 -0.44 -0.41 -0.43 -0.55 -0.23 0.35 0.63 0.87 1.38 1.64 2.01 2.34 2.47 2.63 2.68 2.63 0.01 0.10 0.82 2.50 2.50 2.41 2.88 4.58 4.60 4.61 2.99 0.00 0.18 0.41 1.40 2.08 2.14 3.78 3.98 4.00 2.45 2.02 1.86 1.28 2.30 2.33 2.35 2.19 1.85 0.46 0.02 0.00 0.00 0.00 0.00 0.00 0.00
0.05 -1.70 -1.75 -1.69 -1.65 -1.61 -1.56 -1.52 -1.48 -1.45 -1.41 -1.35 -1.24 -1.19 -1.14 -1.09 -1.04 -0.98 -0.93 -0.88 -0.86 -0.81 -0.77 -0.72 -0.68 -0.57 -0.52 -0.48 -0.45 -0.43 -0.45 -0.58 -0.23 0.32 0.49 0.94 1.37 1.63 1.79 2.18 2.41 2.53 2.62 0.20 0.00 0.24 1.45 2.61 2.60 2.51 3.09 4.35 4.63 4.65 2.27 0.14 0.29 0.54 1.60 2.01 2.46 3.94 3.98 2.87 1.97 2.21 1.95 1.31 2.25 2.30 2.35 2.17 1.86 0.53 0.00 0.00 0.00 0.00 0.00 0.00 0.00
-0.41 -1.74 -1.77 -1.72 -1.67 -1.62 -1.57 -1.53 -1.49 -1.46 -1.42 -1.35 -1.25 -1.20 -1.15 -1.10 -1.05 -1.00 -0.94 -0.91 -0.88 -0.84 -0.80 -0.76 -0.72 -0.68 -0.54 -0.48 -0.45 -0.44 -0.47 -0.60 -0.28 0.19 0.35 1.05 1.33 1.56 1.85 2.13 2.37 2.51 2.63 0.11 0.18 1.22 2.38 2.59 2.60 2.56 3.26 4.65 4.66 4.67 1.48 0.29 0.30 0.98 1.90 2.08 3.17 3.93 3.21 1.97 1.80 2.09 1.67 1.31 2.12 2.15 1.89 2.07 0.80 0.10 0.00 0.00 0.00 0.00 0.00 0.00 0.00
-0.79 -1.78 -1.79 -1.74 -1.68 -1.63 -1.58 -1.54 -1.50 -1.46 -1.42 -1.38 -1.26 -1.21 -1.17 -1.12 -1.06 -1.01 -0.96 -0.93 -0.90 -0.86 -0.82 -0.78 -0.70 -0.61 -0.55 -0.48 -0.46 -0.45 -0.48 -0.56 -0.68 0.07 0.36 1.06 1.32 1.50 1.62 2.13 2.34 2.48 2.45 0.00 0.73 1.91 2.47 2.70 2.70 2.56 3.28 4.68 4.68 4.68 0.86 0.43 0.43 1.52 1.90 2.14 3.31 3.90 3.17 1.96 1.76 2.05 1.36 1.20 1.98 1.92 1.43 1.60 0.46 0.00 0.00 0.00 0.00 0.00 0.00 0.00 0.00
-1.10 -1.81 -1.80 -1.75 -1.69 -1.64 -1.59 -1.55 -1.51 -1.47 -1.43 -1.38 -1.28 -1.24 -1.19 -1.14 -1.08 -1.03 -0.98 -0.95 -0.91 -0.87 -0.83 -0.80 -0.76 -0.62 -0.56 -0.51 -0.48 -0.47 -0.47 -0.44 -0.68 -0.40 0.42 1.03 1.28 1.42 1.62 2.13 2.31 2.43 2.07 0.02 1.13 2.33 2.41 2.70 2.71 2.63 3.47 4.71 4.70 3.46 0.39 0.33 0.47 1.50 1.69 1.87 3.77 3.86 3.27 1.87 1.72 1.74 1.39 1.32 1.86 1.81 1.49 1.16 0.12 0.00 0.00 0.00 0.00 0.00 0.00 0.00 0.00
-1.35 -1.83 -1.82 -1.77 -1.70 -1.66 -1.61 -1.57 -1.54 -1.50 -1.44 -1.33 -1.29 -1.25 -1.21 -1.16 -1.10 -1.05 -1.01 -0.97 -0.93 -0.89 -0.85 -0.81 -0.73 -0.64 -0.58 -0.52 -0.49 -0.49 -0.48 -0.41 -0.41 -0.87 0.54 1.01 1.19 1.25 1.62 2.03 2.28 2.39 1.24 0.45 1.37 2.47 2.44 2.70 2.74 3.31 4.78 4.76 4.20 0.85 0.55 0.47 0.46 1.20 1.63 2.29 3.84 3.84 2.98 1.80 1.67 1.24 1.05 0.91 1.67 1.70 1.05 0.64 0.44 0.00 0.00 0.00 0.00 0.00 0.00 0.00 0.00
-1.60 -1.87 -1.84 -1.79 -1.72 -1.67 -1.63 -1.59 -1.56 -1.51 -1.46 -1.34 -1.30 -1.27 -1.22 -1.17 -1.11 -1.06 -1.03 -0.98 -0.95 -0.90 -0.86 -0.82 -0.79 -0.69 -0.60 -0.54 -0.51 -0.50 -0.48 -0.39 -0.46 -0.73 0.56 0.97 1.12 1.15 1.81 2.03 2.26 1.83 0.37 0.73 2.29 2.54 2.45 2.67 2.79 3.71 4.82 4.80 2.27 0.57 0.55 0.43 0.51 1.22 1.69 2.84 3.82 3.82 2.66 1.48 1.87 1.31 1.13 1.15 0.97 0.33 0.06 0.23 0.00 0.00 0.00 0.00 0.00 0.00 0.00 0.00 0.00
-1.73 -1.90 -1.86 -1.81 -1.76 -1.69 -1.65 -1.61 -1.58 -1.53 -1.48 -1.36 -1.32 -1.28 -1.24 -1.18 -1.13 -1.07 -1.04 -1.00 -0.96 -0.92 -0.87 -0.83 -0.80 -0.71 -0.61 -0.55 -0.52 -0.50 -0.50 -0.49 -0.48 -0.29 0.58 0.93 1.06 1.29 1.80 2.03 0.85 0.31 0.34 1.24 2.29 2.55 2.39 2.55 2.83 4.14 4.85 4.31 1.33 0.62 0.57 0.31 0.69 1.37 1.84 3.29 3.81 3.81 2.70 1.72 2.04 1.27 1.12 1.61 1.35 0.01 0.00 0.00 0.00 0.00 0.00 0.00 0.00 0.00 0.00 0.00 0.00
-1.83 -1.92 -1.88 -1.83 -1.78 -1.71 -1.67 -1.63 -1.59 -1.55 -1.45 -1.40 -1.34 -1.30 -1.25 -1.19 -1.14 -1.09 -1.05 -1.00 -0.97 -0.93 -0.89 -0.85 -0.78 -0.73 -0.63 -0.56 -0.52 -0.50 -0.54 -0.58 -0.30 -0.18 0.53 0.88 1.02 1.34 1.80 1.99 0.00 0.41 0.43 1.50 2.23 2.54 2.41 2.57 3.49 4.91 4.87 1.76 1.22 0.62 0.61 0.39 0.93 1.41 1.88 3.43 3.79 3.79 2.95 2.15 1.31 1.13 1.36 2.12 0.58 0.00 0.00 0.00 0.00 0.00 0.00 0.00 0.00 0.00 0.00 0.00 0.00
-1.89 -1.94 -1.89 -1.85 -1.80 -1.73 -1.68 -1.65 -1.61 -1.56 -1.47 -1.42 -1.35 -1.31 -1.26 -1.21 -1.15 -1.10 -1.06 -1.01 -0.98 -0.95 -0.91 -0.87 -0.79 -0.74 -0.63 -0.57 -0.52 -0.52 -0.58 -0.58 -0.15 -0.16 0.52 0.84 0.99 1.41 1.79 1.96 0.04 0.47 0.38 1.30 2.29 2.60 2.49 2.60 3.73 4.93 2.72 1.65 1.28 0.84 0.63 0.90 1.17 1.56 1.75 3.71 3.77 3.68 2.89 2.06 1.42 1.23 1.35 2.12 0.00 0.00 0.00 0.00 0.00 0.00 0.00 0.00 0.00 0.00 0.00 0.00 0.00
-1.93 -1.96 -1.91 -1.87 -1.82 -1.75 -1.70 -1.66 -1.61 -1.57 -1.49 -1.44 -1.36 -1.31 -1.26 -1.21 -1.15 -1.10 -1.07 -1.04 -1.00 -0.96 -0.92 -0.83 -0.79 -0.74 -0.64 -0.57 -0.53 -0.54 -0.58 -0.51 -0.09 -0.02 0.52 0.80 0.96 1.43 1.77 1.88 0.51 0.52 0.33 1.28 2.40 2.63 2.61 2.68 3.09 4.98 1.97 1.66 1.24 0.85 0.69 0.86 1.42 1.62 1.91 2.57 3.71 3.56 2.86 1.94 1.32 1.30 1.21 0.96 0.00 0.00 0.00 0.00 0.00 0.00 0.00 0.00 0.00 0.00 0.00 0.00 0.00
-1.96 -1.97 -1.93 -1.89 -1.85 -1.77 -1.72 -1.67 -1.62 -1.57 -1.53 -1.44 -1.36 -1.31 -1.26 -1.21 -1.16 -1.11 -1.08 -1.05 -1.00 -0.97 -0.93 -0.83 -0.78 -0.74 -0.68 -0.58 -0.54 -0.56 -0.52 -0.44 -0.08 0.07 0.47 0.78 1.01 1.49 1.68 0.15 0.78 0.53 0.84 1.68 2.57 2.73 2.69 2.74 3.13 5.00 1.86 1.63 1.01 0.79 0.67 0.50 1.27 1.66 1.09 2.40 3.68 2.95 2.57 1.45 1.52 1.40 1.05 0.00 0.00 0.00 0.00 0.00 0.00 0.00 0.00 0.00 0.00 0.00 0.00 0.00 0.00
-2.00 -1.99 -1.95 -1.91 -1.87 -1.81 -1.72 -1.67 -1.62 -1.57 -1.53 -1.44 -1.36 -1.31 -1.26 -1.22 -1.17 -1.12 -1.08 -1.05 -1.00 -0.97 -0.92 -0.82 -0.78 -0.74 -0.69 -0.59 -0.54 -0.55 -0.47 -0.39 -0.09 0.14 0.08 0.76 0.86 1.56 0.17 0.18 0.68 0.58 0.98 1.88 2.69 2.81 2.77 2.82 3.27 5.02 1.84 1.61 0.94 0.82 0.64 0.44 1.37 1.37 0.84 2.93 3.65 2.77 1.46 1.38 1.30 0.63 0.00 0.00 0.00 0.00 0.00 0.00 0.00 0.00 0.00 0.00 0.00 0.00 0.00 0.00 0.00
-2.03 -2.00 -1.96 -1.93 -1.88 -1.83 -1.73 -1.67 -1.62 -1.57 -1.49 -1.44 -1.39 -1.31 -1.26 -1.22 -1.18 -1.13 -1.09 -1.05 -1.00 -0.96 -0.91 -0.86 -0.78 -0.74 -0.69 -0.60 -0.50 -0.50 -0.49 -0.29 -0.06 0.17 0.08 0.74 0.82 1.59 1.40 0.15 0.38 0.71 1.07 2.33 2.84 2.95 2.89 2.98 3.67 5.04 1.85 1.66 0.91 0.83 0.65 0.68 1.07 0.80 1.04 3.18 3.62 2.35 1.31 1.66 2.23 0.00 0.00 0.00 0.00 0.00 0.00 0.00 0.00 0.00 0.00 0.00 0.00 0.00 0.00 0.00 0.00
