tsunami_inundation/2910.asc
ncols        89
nrows        96
xllcorner    425855.973699999973
yllcorner    5091051.504999999888
cellsize     55.000000000000
NODATA_value  -9999.00
[rows 36 to 71 of 96, columns 0 to 80 of 89]
-2.04 -2.00 -1.97 -1.94 -1.90 -1.85 -1.74 -1.68 -1.62 -1.57 -1.49 -1.45 -1.40 -1.31 -1.26 -1.22 -1.18 -1.13 -1.09 -1.05 -0.98 -0.94 -0.90 -0.86 -0.77 -0.74 -0.70 -0.60 -0.48 -0.46 -0.45 -0.19 -0.07 0.22 0.10 0.72 0.80 1.68 1.80 1.60 0.05 0.63 1.19 2.61 2.97 3.41 3.16 2.98 4.15 5.06 1.87 1.77 0.98 0.86 0.72 0.99 0.92 1.18 1.55 3.27 3.57 2.33 1.25 1.89 1.59 0.00 0.00 0.00 0.00 0.00 0.00 0.00 0.00 0.00 0.00 0.00 0.00 0.00 0.00 0.00 0.00
-2.06 -2.02 -1.98 -1.96 -1.92 -1.87 -1.76 -1.70 -1.64 -1.54 -1.50 -1.45 -1.40 -1.31 -1.26 -1.22 -1.17 -1.13 -1.08 -1.04 -1.00 -0.94 -0.86 -0.81 -0.77 -0.73 -0.69 -0.62 -0.48 -0.41 -0.35 -0.11 -0.06 0.23 0.15 0.71 0.78 1.70 1.86 1.89 0.04 0.67 1.33 2.62 3.00 3.60 3.50 3.12 4.94 5.07 1.89 1.78 0.93 0.77 0.82 0.90 0.71 1.39 1.46 3.46 3.54 2.87 2.42 2.04 0.74 0.00 0.00 0.00 0.00 0.00 0.00 0.00 0.00 0.00 0.00 0.00 0.00 0.00 0.00 0.00 0.00
-2.08 -2.05 -2.00 -2.01 -1.97 -1.89 -1.86 -1.74 -1.67 -1.56 -1.51 -1.46 -1.41 -1.31 -1.26 -1.21 -1.17 -1.13 -1.08 -1.04 -1.00 -0.94 -0.86 -0.81 -0.76 -0.72 -0.68 -0.66 -0.49 -0.35 -0.20 -0.06 0.00 0.20 0.25 0.74 1.50 1.76 1.86 0.84 0.00 0.70 1.43 2.65 3.06 3.40 3.09 3.50 5.09 2.17 1.90 1.67 0.88 0.78 0.82 0.66 0.92 1.49 1.62 3.54 3.54 3.10 2.68 1.61 1.14 0.00 0.00 0.00 0.00 0.00 0.00 0.00 0.00 0.00 0.00 0.00 0.00 0.00 0.00 0.00 0.00
-2.10 -2.07 -2.04 -2.02 -1.99 -1.94 -1.88 -1.76 -1.69 -1.58 -1.53 -1.46 -1.41 -1.31 -1.26 -1.21 -1.17 -1.12 -1.08 -1.04 -1.00 -0.94 -0.86 -0.80 -0.75 -0.70 -0.67 -0.67 -0.49 -0.28 -0.11 -0.00 0.08 0.13 0.39 0.66 1.58 1.83 1.93 0.21 0.15 0.78 1.81 2.69 2.94 3.26 3.12 4.49 5.07 2.15 1.91 1.65 0.90 0.83 0.84 0.60 1.01 1.44 1.95 3.55 3.54 3.11 1.32 1.51 2.14 0.00 0.00 0.00 0.00 0.00 0.00 0.00 0.00 0.00 0.00 0.00 0.00 0.00 0.00 0.00 0.00
-2.12 -2.08 -2.05 -2.02 -1.99 -1.94 -1.89 -1.79 -1.72 -1.66 -1.54 -1.48 -1.43 -1.35 -1.27 -1.21 -1.16 -1.12 -1.08 -1.04 -1.00 -0.94 -0.85 -0.80 -0.74 -0.69 -0.66 -0.65 -0.46 -0.24 -0.05 0.08 0.14 0.18 0.53 0.92 1.68 1.88 1.99 0.06 0.27 0.72 2.20 2.78 3.00 3.27 3.32 5.11 5.11 2.11 1.95 1.71 0.93 0.85 0.78 0.47 1.45 1.84 2.97 3.56 3.54 2.97 1.83 1.24 1.52 0.52 0.00 0.00 0.00 0.00 0.00 0.00 0.00 0.00 0.00 0.00 0.00 0.00 0.00 0.00 0.00
-2.13 -2.09 -2.05 -2.02 -1.99 -1.95 -1.89 -1.80 -1.73 -1.67 -1.56 -1.50 -1.44 -1.38 -1.29 -1.22 -1.18 -1.13 -1.08 -1.04 -0.99 -0.92 -0.88 -0.79 -0.73 -0.68 -0.64 -0.62 -0.41 -0.22 0.01 0.15 0.19 0.21 0.54 0.66 1.73 1.93 1.98 0.00 0.27 0.57 1.93 2.85 3.10 3.11 3.90 5.12 5.12 1.97 1.87 1.62 0.93 0.83 0.60 0.76 2.00 3.13 3.56 3.52 3.52 3.30 2.42 1.50 0.93 0.26 0.01 0.00 0.00 0.00 0.00 0.00 0.00 0.00 0.00 0.00 0.00 0.00 0.00 0.00 0.00
-2.13 -2.09 -2.05 -2.02 -1.99 -1.95 -1.90 -1.81 -1.69 -1.63 -1.57 -1.52 -1.46 -1.40 -1.31 -1.25 -1.19 -1.14 -1.09 -1.04 -0.98 -0.93 -0.83 -0.79 -0.74 -0.69 -0.64 -0.60 -0.38 -0.20 0.04 0.16 0.23 0.27 0.53 1.14 1.78 1.96 1.67 0.18 0.63 0.94 2.11 2.83 3.18 3.14 4.71 5.13 5.13 2.20 1.88 1.50 0.88 0.83 0.47 1.46 3.11 3.58 2.47 1.68 2.94 3.57 2.28 1.55 1.07 0.31 0.01 0.00 0.00 0.00 0.00 0.00 0.00 0.00 0.00 0.00 0.00 0.00 0.00 0.00 0.00
-2.14 -2.09 -2.05 -2.02 -1.99 -1.95 -1.91 -1.86 -1.79 -1.66 -1.59 -1.53 -1.47 -1.40 -1.31 -1.25 -1.20 -1.15 -1.09 -1.04 -0.98 -0.86 -0.83 -0.80 -0.77 -0.72 -0.64 -0.60 -0.46 -0.17 0.09 0.14 0.26 0.30 0.57 0.65 1.82 2.01 1.72 0.31 0.92 1.19 2.42 2.85 3.14 3.13 5.14 5.14 4.31 2.20 1.85 1.82 1.59 0.97 0.83 1.55 2.32 2.99 2.40 2.29 3.05 3.62 2.35 1.49 1.20 0.39 0.00 0.00 0.00 0.00 0.00 0.00 0.00 0.00 0.00 0.00 0.00 0.00 0.00 0.00 0.00
-2.14 -2.09 -2.04 -2.01 -1.99 -1.95 -1.91 -1.86 -1.80 -1.68 -1.60 -1.53 -1.46 -1.40 -1.34 -1.25 -1.19 -1.15 -1.09 -1.03 -0.98 -0.93 -0.83 -0.81 -0.78 -0.73 -0.65 -0.60 -0.46 -0.11 0.11 0.14 0.27 0.38 0.65 1.44 1.88 2.00 0.04 0.29 0.67 1.57 3.19 3.06 3.09 3.04 5.16 5.15 3.14 2.14 1.85 1.81 1.72 0.98 1.18 1.68 1.59 1.66 1.70 1.87 2.19 3.71 2.47 1.52 0.48 0.00 0.00 0.00 0.00 0.00 0.00 0.00 0.00 0.00 0.00 0.00 0.00 0.00 0.00 0.00 0.00
-2.15 -2.09 -2.04 -2.01 -1.98 -1.95 -1.90 -1.86 -1.75 -1.68 -1.61 -1.53 -1.46 -1.39 -1.32 -1.24 -1.19 -1.14 -1.09 -1.03 -0.97 -0.86 -0.83 -0.81 -0.79 -0.75 -0.68 -0.58 -0.44 -0.05 0.09 0.14 0.23 0.43 0.59 1.22 1.90 1.99 0.05 0.29 0.86 2.60 3.27 3.00 3.05 3.04 5.16 2.56 2.21 2.08 1.88 1.83 1.52 0.96 1.48 1.71 1.62 1.58 1.60 1.89 2.57 3.78 2.17 1.39 0.00 0.00 0.00 0.00 0.00 0.00 0.00 0.00 0.00 0.00 0.00 0.00 0.00 0.00 0.00 0.00 0.00
-2.18 -2.10 -2.04 -2.00 -1.98 -1.94 -1.89 -1.84 -1.74 -1.67 -1.60 -1.52 -1.45 -1.38 -1.31 -1.22 -1.17 -1.13 -1.08 -1.02 -0.97 -0.87 -0.81 -0.80 -0.80 -0.77 -0.69 -0.61 -0.44 -0.05 0.06 0.14 0.27 0.54 0.64 1.42 1.82 0.85 0.00 0.60 1.85 2.78 3.10 3.19 3.04 3.01 5.17 2.38 2.16 2.00 1.85 1.86 1.35 1.12 1.66 1.85 1.72 1.51 1.52 2.51 3.84 3.13 1.80 0.35 0.00 0.00 0.00 0.00 0.00 0.00 0.00 0.00 0.00 0.00 0.00 0.00 0.00 0.00 0.00 0.00 0.00
-2.18 -2.09 -2.04 -2.00 -1.96 -1.92 -1.87 -1.82 -1.72 -1.66 -1.59 -1.51 -1.43 -1.36 -1.30 -1.21 -1.15 -1.11 -1.06 -1.00 -0.95 -0.85 -0.79 -0.78 -0.80 -0.77 -0.70 -0.64 -0.44 -0.17 0.04 0.08 0.37 0.57 0.62 1.51 1.77 0.16 0.18 0.59 1.88 2.94 2.97 3.09 3.77 3.75 5.17 4.26 2.03 1.96 1.84 1.76 1.21 1.22 1.66 1.91 1.71 1.46 1.68 3.86 2.60 1.88 0.30 0.00 0.00 0.00 0.00 0.00 0.00 0.00 0.00 0.00 0.00 0.00 0.00 0.00 0.00 0.00 0.00 0.00 0.00
-2.17 -2.09 -2.03 -1.99 -1.95 -1.90 -1.85 -1.80 -1.70 -1.63 -1.57 -1.49 -1.41 -1.34 -1.28 -1.19 -1.14 -1.10 -1.05 -0.99 -0.94 -0.89 -0.77 -0.75 -0.77 -0.77 -0.72 -0.66 -0.44 -0.18 -0.03 0.03 0.46 0.58 0.62 1.54 1.75 0.22 0.14 0.62 1.97 2.94 2.79 3.03 3.35 3.17 5.17 2.11 1.97 1.94 1.81 1.42 1.05 1.10 1.58 1.75 1.61 1.68 2.24 3.91 2.28 1.62 0.00 0.00 0.00 0.00 0.00 0.00 0.00 0.00 0.00 0.00 0.00 0.00 0.00 0.00 0.00 0.00 0.00 0.00 0.00
-2.15 -2.07 -2.02 -1.96 -1.91 -1.86 -1.81 -1.77 -1.67 -1.62 -1.55 -1.47 -1.39 -1.32 -1.26 -1.20 -1.12 -1.08 -1.03 -0.98 -0.93 -0.82 -0.75 -0.72 -0.73 -0.75 -0.73 -0.70 -0.44 -0.19 -0.19 0.19 0.49 0.58 0.66 1.58 1.67 0.21 0.18 0.98 2.65 3.12 3.01 3.09 3.03 3.10 5.16 4.32 1.94 1.92 1.74 0.96 0.84 1.03 1.61 1.70 1.59 1.83 2.09 3.54 2.31 1.47 0.00 0.00 0.00 0.00 0.00 0.00 0.00 0.00 0.00 0.00 0.00 0.00 0.00 0.00 0.00 0.00 0.00 0.00 0.00
-2.11 -2.02 -1.98 -1.93 -1.88 -1.83 -1.78 -1.74 -1.65 -1.60 -1.53 -1.46 -1.38 -1.31 -1.25 -1.19 -1.11 -1.06 -1.02 -0.97 -0.92 -0.81 -0.74 -0.70 -0.70 -0.71 -0.69 -0.78 -0.43 -0.19 -0.30 0.28 0.50 0.60 1.41 1.60 0.56 0.43 0.80 1.68 2.76 3.05 3.09 3.14 3.10 3.18 5.15 2.12 1.97 2.00 1.52 1.37 1.43 1.19 1.61 1.72 1.63 1.90 2.01 3.65 3.96 1.00 0.00 0.00 0.00 0.00 0.00 0.00 0.00 0.00 0.00 0.00 0.00 0.00 0.00 0.00 0.00 0.00 0.00 0.00 0.00
-2.08 -2.02 -1.94 -1.89 -1.84 -1.79 -1.74 -1.67 -1.62 -1.57 -1.51 -1.44 -1.36 -1.29 -1.23 -1.17 -1.09 -1.04 -1.00 -0.95 -0.85 -0.80 -0.75 -0.69 -0.67 -0.66 -0.66 -0.78 -0.41 -0.23 -0.34 0.36 0.54 0.83 1.45 1.53 0.11 0.65 1.19 1.79 2.30 2.69 2.70 2.57 2.83 3.70 5.14 2.16 2.07 2.02 1.51 1.76 1.38 1.24 1.66 1.79 1.57 1.68 1.86 3.10 3.98 0.00 0.00 0.00 0.00 0.00 0.00 0.00 0.00 0.00 0.00 0.00 0.00 0.00 0.00 0.00 0.00 0.00 0.00 0.00 0.00
-2.07 -2.01 -1.92 -1.86 -1.81 -1.75 -1.70 -1.63 -1.58 -1.54 -1.48 -1.41 -1.34 -1.27 -1.22 -1.15 -1.07 -1.02 -0.98 -0.93 -0.83 -0.78 -0.74 -0.69 -0.67 -0.58 -0.67 -0.73 -0.37 -0.21 -0.36 0.41 0.55 0.94 1.44 1.25 0.13 0.90 1.88 1.64 1.75 1.97 2.00 2.18 2.97 4.50 4.61 2.18 2.10 1.91 1.51 1.64 1.35 1.30 1.65 1.91 1.67 1.69 1.99 3.96 1.84 0.00 0.00 0.00 0.00 0.00 0.00 0.00 0.00 0.00 0.00 0.00 0.00 0.00 0.00 0.00 0.00 0.00 0.00 0.00 0.00
-2.06 -2.00 -1.91 -1.85 -1.79 -1.73 -1.67 -1.59 -1.55 -1.49 -1.43 -1.37 -1.30 -1.25 -1.18 -1.12 -1.03 -0.99 -0.95 -0.90 -0.86 -0.77 -0.73 -0.70 -0.66 -0.57 -0.67 -0.70 -0.32 -0.18 -0.31 0.40 0.53 0.61 1.39 0.35 0.66 0.96 1.96 1.32 1.05 1.18 1.74 2.62 3.34 5.13 5.13 2.05 2.10 1.85 1.57 1.59 1.38 1.51 1.66 1.67 1.80 2.04 2.28 2.95 0.61 0.00 0.00 0.00 0.00 0.00 0.00 0.00 0.00 0.00 0.00 0.00 0.00 0.00 0.00 0.00 0.00 0.00 0.00 0.00 0.00
-2.06 -2.00 -1.90 -1.84 -1.78 -1.71 -1.60 -1.55 -1.50 -1.42 -1.36 -1.28 -1.22 -1.17 -1.13 -1.08 -1.03 -0.96 -0.92 -0.88 -0.79 -0.75 -0.71 -0.70 -0.65 -0.57 -0.71 -0.62 -0.28 -0.15 -0.14 0.38 0.52 0.61 1.37 0.39 0.64 0.74 1.99 1.16 0.99 1.18 2.02 2.81 3.60 5.11 4.27 1.88 2.02 1.78 1.70 1.59 1.25 1.56 1.71 1.80 2.26 2.80 3.23 3.96 0.00 0.00 0.00 0.00 0.00 0.00 0.00 0.00 0.00 0.00 0.00 0.00 0.00 0.00 0.00 0.00 0.00 0.00 0.00 0.00 0.00
-2.06 -1.99 -1.89 -1.82 -1.76 -1.70 -1.64 -1.54 -1.49 -1.40 -1.32 -1.25 -1.18 -1.12 -1.07 -1.02 -0.97 -0.92 -0.88 -0.81 -0.77 -0.72 -0.68 -0.68 -0.64 -0.56 -0.74 -0.55 -0.25 -0.13 -0.15 0.39 0.51 1.11 1.22 0.34 0.50 0.78 1.75 0.98 1.22 1.89 2.61 2.91 4.61 5.10 4.00 1.92 2.08 1.75 1.46 1.46 1.28 1.66 1.85 1.94 2.45 3.74 3.93 2.75 0.00 0.00 0.00 0.00 0.00 0.00 0.00 0.00 0.00 0.00 0.00 0.00 0.00 0.00 0.00 0.00 0.00 0.00 0.00 0.00 0.00
-2.05 -1.99 -1.92 -1.82 -1.76 -1.70 -1.57 -1.52 -1.47 -1.38 -1.30 -1.22 -1.15 -1.09 -1.03 -0.96 -0.91 -0.86 -0.83 -0.81 -0.73 -0.69 -0.66 -0.65 -0.63 -0.59 -0.74 -0.47 -0.23 -0.13 -0.18 0.43 0.51 1.08 0.11 0.38 0.52 1.28 1.60 0.94 1.27 2.06 2.73 2.99 5.08 5.09 3.09 1.98 2.12 1.49 1.12 1.28 1.32 1.71 1.98 2.64 3.72 3.88 3.93 3.73 0.00 0.00 0.00 0.00 0.00 0.00 0.00 0.00 0.00 0.00 0.00 0.00 0.00 0.00 0.00 0.00 0.00 0.00 0.00 0.00 0.00
-2.05 -1.99 -1.92 -1.82 -1.76 -1.69 -1.56 -1.51 -1.46 -1.36 -1.29 -1.21 -1.14 -1.08 -1.00 -0.93 -0.86 -0.80 -0.77 -0.75 -0.70 -0.66 -0.63 -0.61 -0.58 -0.64 -0.64 -0.40 -0.21 -0.14 -0.13 0.37 0.69 1.12 0.08 0.34 0.44 1.39 1.36 0.95 1.32 2.33 2.89 3.58 5.08 5.07 2.04 1.99 1.99 1.16 1.21 1.14 1.15 1.91 2.99 3.77 4.00 4.01 4.00 2.53 0.59 0.00 0.00 0.00 0.00 0.00 0.00 0.00 0.00 0.00 0.00 0.00 0.00 0.00 0.00 0.00 0.00 0.00 0.00 0.00 0.00
-2.05 -1.99 -1.92 -1.82 -1.76 -1.69 -1.63 -1.50 -1.44 -1.37 -1.26 -1.20 -1.14 -1.07 -1.00 -0.92 -0.84 -0.75 -0.69 -0.63 -0.61 -0.60 -0.58 -0.56 -0.55 -0.62 -0.61 -0.37 -0.18 -0.15 -0.05 0.38 0.80 0.99 0.00 0.40 0.51 1.43 1.19 1.03 1.86 2.68 3.11 4.29 5.08 5.07 1.96 1.95 1.86 1.01 1.06 1.08 1.47 2.55 3.79 3.97 4.02 4.01 2.97 2.02 1.61 0.00 0.00 0.00 0.00 0.00 0.00 0.00 0.00 0.00 0.00 0.00 0.00 0.00 0.00 0.00 0.00 0.00 0.00 0.00 0.00
-2.05 -1.99 -1.92 -1.82 -1.75 -1.69 -1.55 -1.49 -1.42 -1.34 -1.23 -1.16 -1.10 -1.05 -0.98 -0.89 -0.84 -0.77 -0.67 -0.56 -0.54 -0.53 -0.53 -0.52 -0.52 -0.60 -0.58 -0.35 -0.15 -0.14 -0.03 0.38 0.48 0.94 0.08 0.57 0.77 1.36 1.23 1.25 2.61 3.05 3.34 4.22 5.07 5.06 1.86 1.87 1.61 0.75 0.87 1.43 2.10 3.85 4.02 4.02 4.02 3.66 2.40 1.72 1.54 0.31 0.00 0.00 0.00 0.00 0.00 0.00 0.00 0.00 0.00 0.00 0.00 0.00 0.00 0.00 0.00 0.00 0.00 0.00 0.00
-2.06 -1.99 -1.91 -1.84 -1.74 -1.68 -1.54 -1.48 -1.40 -1.32 -1.21 -1.14 -1.07 -1.00 -0.93 -0.86 -0.82 -0.74 -0.65 -0.54 -0.48 -0.46 -0.46 -0.46 -0.47 -0.54 -0.58 -0.32 -0.13 -0.10 -0.03 0.39 0.47 0.49 0.43 0.66 0.94 1.54 1.20 2.15 3.05 3.23 3.47 4.70 5.06 2.81 2.10 2.05 1.57 0.85 1.05 1.83 2.87 3.96 3.90 3.94 3.95 3.66 3.51 1.67 1.36 1.13 0.34 0.00 0.00 0.00 0.00 0.00 0.00 0.00 0.00 0.00 0.00 0.00 0.00 0.00 0.00 0.00 0.00 0.00 0.00
-2.07 -1.99 -1.91 -1.83 -1.73 -1.67 -1.53 -1.46 -1.39 -1.30 -1.18 -1.11 -1.04 -0.97 -0.90 -0.83 -0.76 -0.71 -0.57 -0.51 -0.45 -0.41 -0.39 -0.39 -0.41 -0.44 -0.60 -0.32 -0.10 -0.06 0.03 0.38 0.48 0.31 0.55 0.64 1.35 1.43 1.39 2.59 2.85 2.93 3.45 4.70 5.05 3.17 2.13 1.91 1.30 1.16 1.40 2.20 3.51 3.80 3.76 4.04 3.99 3.77 2.13 1.76 1.43 1.01 0.11 0.00 0.00 0.00 0.00 0.00 0.00 0.00 0.00 0.00 0.00 0.00 0.00 0.00 0.00 0.00 0.00 0.00 0.00
-2.08 -2.00 -1.91 -1.83 -1.73 -1.66 -1.52 -1.45 -1.37 -1.28 -1.20 -1.08 -1.01 -0.94 -0.86 -0.80 -0.73 -0.67 -0.59 -0.48 -0.42 -0.38 -0.32 -0.27 -0.25 -0.35 -0.40 -0.30 -0.07 0.02 0.12 0.44 0.26 0.28 0.59 0.62 1.45 1.33 1.77 2.72 2.78 2.95 2.91 3.65 5.05 4.17 1.97 1.78 1.48 1.39 1.79 2.34 3.79 3.85 4.09 4.06 3.56 3.26 2.39 1.25 1.04 0.00 0.00 0.00 0.00 0.00 0.00 0.00 0.00 0.00 0.00 0.00 0.00 0.00 0.00 0.00 0.00 0.00 0.00 0.00 0.00
-2.09 -2.00 -1.92 -1.84 -1.73 -1.65 -1.50 -1.43 -1.35 -1.26 -1.17 -1.06 -0.98 -0.91 -0.84 -0.77 -0.71 -0.65 -0.50 -0.44 -0.38 -0.32 -0.27 -0.24 -0.21 -0.18 -0.32 -0.24 -0.04 0.05 0.21 0.44 0.06 0.32 0.61 0.65 1.27 1.48 2.12 2.93 2.88 3.44 2.96 4.57 5.05 4.58 1.97 1.73 1.45 1.79 2.00 2.36 3.72 3.94 4.10 3.61 1.81 0.49 0.00 0.00 0.00 0.00 0.00 0.00 0.00 0.00 0.00 0.00 0.00 0.00 0.00 0.00 0.00 0.00 0.00 0.00 0.00 0.00 0.00 0.00 0.00
-2.09 -2.01 -1.92 -1.84 -1.73 -1.65 -1.49 -1.41 -1.32 -1.23 -1.15 -1.04 -0.97 -0.89 -0.82 -0.75 -0.70 -0.64 -0.59 -0.44 -0.37 -0.30 -0.23 -0.19 -0.17 -0.13 -0.25 -0.17 0.00 0.13 0.25 0.48 0.19 0.46 0.59 0.80 0.80 1.52 2.38 3.02 3.41 3.96 3.93 4.65 5.04 4.66 1.80 1.55 1.82 2.09 2.41 3.51 4.01 4.16 3.48 1.33 0.00 0.00 0.00 0.00 0.00 0.00 0.00 0.00 0.00 0.00 0.00 0.00 0.00 0.00 0.00 0.00 0.00 0.00 0.00 0.00 0.00 0.00 0.00 0.00 0.00
-2.09 -2.00 -1.92 -1.84 -1.77 -1.58 -1.49 -1.38 -1.30 -1.22 -1.15 -1.03 -0.96 -0.88 -0.81 -0.74 -0.69 -0.64 -0.50 -0.44 -0.36 -0.29 -0.21 -0.16 -0.12 -0.09 -0.17 -0.07 0.04 0.17 0.29 0.56 0.32 0.55 0.51 0.66 0.75 2.24 2.81 3.09 2.93 3.92 3.69 3.79 5.04 3.81 1.72 2.20 2.59 2.80 3.81 4.13 4.22 4.31 2.69 0.22 0.00 0.00 0.00 0.00 0.00 0.00 0.00 0.00 0.00 0.00 0.00 0.00 0.00 0.00 0.00 0.00 0.00 0.00 0.00 0.00 0.00 0.00 0.00 0.00 0.00
-2.09 -2.01 -1.93 -1.85 -1.65 -1.59 -1.49 -1.38 -1.28 -1.21 -1.14 -1.03 -0.95 -0.87 -0.80 -0.73 -0.68 -0.64 -0.50 -0.43 -0.36 -0.28 -0.20 -0.16 -0.09 -0.07 -0.06 0.02 0.07 0.22 0.36 0.82 0.05 0.60 0.79 0.75 1.23 2.58 2.88 2.85 2.92 2.88 2.92 3.25 2.49 1.95 2.17 2.47 3.00 3.29 4.00 4.16 4.21 4.20 2.17 0.00 0.00 0.00 0.00 0.00 0.00 0.00 0.00 0.00 0.00 0.00 0.00 0.00 0.00 0.00 0.00 0.00 0.00 0.00 0.00 0.00 0.00 0.00 0.00 0.00 0.00
-2.08 -2.01 -1.93 -1.85 -1.76 -1.60 -1.50 -1.37 -1.26 -1.19 -1.13 -1.06 -0.94 -0.86 -0.79 -0.72 -0.67 -0.63 -0.49 -0.43 -0.36 -0.28 -0.19 -0.15 -0.10 -0.04 0.09 0.15 0.13 0.24 0.41 1.24 0.06 0.58 0.85 0.85 1.62 2.63 2.83 2.83 2.78 2.84 2.86 3.60 1.87 2.46 2.44 2.37 2.60 3.02 3.84 4.23 4.26 4.14 2.79 0.00 0.00 0.00 0.00 0.00 0.00 0.00 0.00 0.00 0.00 0.00 0.00 0.00 0.00 0.00 0.00 0.00 0.00 0.00 0.00 0.00 0.00 0.00 0.00 0.00 0.00
-2.08 -2.01 -1.94 -1.86 -1.65 -1.60 -1.51 -1.37 -1.25 -1.18 -1.12 -1.05 -0.93 -0.85 -0.78 -0.70 -0.65 -0.58 -0.52 -0.42 -0.35 -0.28 -0.21 -0.18 -0.16 -0.03 0.30 0.29 0.21 0.25 0.64 1.39 0.05 0.41 0.80 1.00 1.95 2.57 2.77 2.75 2.75 2.76 2.92 3.77 2.14 2.45 2.44 2.35 2.56 2.76 2.82 3.56 4.29 4.14 3.22 0.00 0.00 0.00 0.00 0.00 0.00 0.00 0.00 0.00 0.00 0.00 0.00 0.00 0.00 0.00 0.00 0.00 0.00 0.00 0.00 0.00 0.00 0.00 0.00 0.00 0.00
-2.08 -2.01 -1.95 -1.86 -1.77 -1.61 -1.53 -1.38 -1.24 -1.16 -1.10 -1.03 -0.91 -0.84 -0.76 -0.68 -0.62 -0.56 -0.50 -0.41 -0.35 -0.28 -0.21 -0.20 -0.20 -0.02 0.34 0.40 0.34 0.26 0.85 1.45 0.04 0.18 0.61 1.24 1.90 2.33 2.64 2.67 2.65 2.80 3.18 3.25 2.20 2.42 2.42 2.37 2.50 2.74 2.69 2.89 4.26 4.10 3.18 0.00 0.00 0.00 0.00 0.00 0.00 0.00 0.00 0.00 0.00 0.00 0.00 0.00 0.00 0.00 0.00 0.00 0.00 0.00 0.00 0.00 0.00 0.00 0.00 0.00 0.00
-2.08 -2.02 -1.96 -1.87 -1.68 -1.60 -1.53 -1.38 -1.25 -1.16 -1.09 -1.01 -0.89 -0.81 -0.75 -0.67 -0.60 -0.56 -0.49 -0.40 -0.34 -0.27 -0.21 -0.22 -0.22 0.02 0.25 0.46 0.47 0.34 1.02 1.43 0.05 0.14 0.61 1.20 1.85 1.93 2.41 2.55 2.61 2.83 3.45 1.72 2.18 2.36 2.44 2.44 2.40 2.54 2.69 2.91 4.32 4.49 3.55 1.82 0.00 0.27 0.00 0.00 0.00 0.00 0.00 0.00 0.00 0.00 0.00 0.00 0.00 0.00 0.00 0.00 0.00 0.00 0.00 0.00 0.00 0.00 0.00 0.00 0.00
-2.10 -2.05 -1.98 -1.89 -1.69 -1.59 -1.51 -1.38 -1.26 -1.17 -1.09 -1.00 -0.87 -0.80 -0.73 -0.67 -0.60 -0.55 -0.47 -0.38 -0.33 -0.27 -0.20 -0.24 -0.21 0.07 0.28 0.47 0.53 0.51 0.49 1.02 0.05 0.37 0.83 1.25 1.85 1.80 2.07 2.37 2.50 3.03 3.75 1.51 1.98 2.24 2.34 2.41 3.28 3.48 3.45 3.80 4.56 4.41 3.81 3.57 2.80 2.74 2.25 0.48 0.00 0.00 0.00 0.00 0.00 0.00 0.00 0.00 0.00 0.00 0.00 0.00 0.00 0.00 0.00 0.00 0.00 0.00 0.00 0.00 0.00
