tsunami_inundation/2940.asc
ncols        89
nrows        96
xllcorner    425855.973699999973
yllcorner    5091051.504999999888
cellsize     55.000000000000
NODATA_value  -9999.00
[rows 36 to 71 of 96, columns 0 to 80 of 89]
4.22 3.74 3.25 2.91 2.41 -2.09 -2.48 -2.41 -2.35 -2.31 -2.23 -2.18 -2.13 -2.04 -1.99 -1.95 -1.91 -1.86 -1.82 -1.78 -1.74 -1.71 -1.68 -1.63 -1.56 -1.52 -1.49 -1.41 -1.28 -1.28 -1.29 -0.90 -0.71 -0.42 -0.61 0.29 0.35 1.43 1.55 1.35 0.03 0.53 1.09 2.51 2.87 3.30 3.06 2.88 4.05 4.95 1.77 1.68 0.89 0.78 0.64 0.90 0.83 1.14 1.53 3.27 3.57 2.35 1.34 2.03 1.72 0.00 0.00 0.00 0.00 0.00 0.00 0.00 0.00 0.00 0.00 0.00 0.00 0.00 0.00 0.00 0.00
4.07 3.58 3.16 2.95 1.73 -2.36 -2.50 -2.43 -2.37 -2.28 -2.24 -2.19 -2.14 -2.06 -2.00 -1.96 -1.92 -1.88 -1.83 -1.80 -1.76 -1.72 -1.63 -1.58 -1.54 -1.51 -1.50 -1.45 -1.29 -1.24 -1.14 -0.81 -0.72 -0.41 -0.55 0.27 0.32 1.45 1.61 1.64 0.00 0.56 1.23 2.51 2.89 3.49 3.39 3.01 4.84 4.97 1.79 1.69 0.84 0.69 0.73 0.81 0.64 1.36 1.46 3.48 3.56 2.90 2.48 2.20 0.88 0.00 0.00 0.00 0.00 0.00 0.00 0.00 0.00 0.00 0.00 0.00 0.00 0.00 0.00 0.00 0.00
3.99 3.45 3.09 3.03 -0.57 -2.50 -2.58 -2.46 -2.40 -2.29 -2.25 -2.21 -2.16 -2.07 -2.01 -1.97 -1.93 -1.89 -1.85 -1.81 -1.77 -1.72 -1.63 -1.57 -1.53 -1.51 -1.51 -1.52 -1.30 -1.15 -0.94 -0.76 -0.70 -0.45 -0.38 0.34 1.27 1.52 1.60 0.60 0.01 0.59 1.32 2.55 2.95 3.30 2.98 3.39 4.98 2.07 1.80 1.58 0.80 0.69 0.74 0.58 0.90 1.48 1.63 3.57 3.57 3.15 2.75 1.80 1.32 0.00 0.00 0.00 0.00 0.00 0.00 0.00 0.00 0.00 0.00 0.00 0.00 0.00 0.00 0.00 0.00
3.95 3.37 3.02 3.00 -1.20 -2.60 -2.58 -2.47 -2.41 -2.31 -2.27 -2.21 -2.17 -2.08 -2.02 -1.98 -1.94 -1.90 -1.86 -1.81 -1.77 -1.71 -1.62 -1.58 -1.54 -1.51 -1.52 -1.55 -1.29 -1.03 -0.82 -0.70 -0.63 -0.56 -0.14 0.17 1.37 1.59 1.65 0.15 0.06 0.67 1.70 2.59 2.84 3.16 3.02 4.39 4.96 2.05 1.81 1.56 0.81 0.74 0.76 0.52 1.00 1.45 1.98 3.60 3.60 3.20 1.46 1.75 2.36 0.00 0.00 0.00 0.00 0.00 0.00 0.00 0.00 0.00 0.00 0.00 0.00 0.00 0.00 0.00 0.00
3.91 3.31 2.99 2.92 -1.61 -2.61 -2.58 -2.49 -2.43 -2.38 -2.28 -2.23 -2.18 -2.12 -2.04 -1.98 -1.94 -1.90 -1.86 -1.81 -1.77 -1.70 -1.63 -1.59 -1.55 -1.52 -1.53 -1.54 -1.25 -0.96 -0.74 -0.61 -0.57 -0.48 0.04 0.67 1.44 1.61 1.68 0.05 0.18 0.61 2.09 2.67 2.90 3.16 3.21 5.01 5.00 2.01 1.85 1.61 0.83 0.76 0.69 0.42 1.46 1.89 3.04 3.64 3.64 3.11 2.00 1.50 1.85 0.92 0.00 0.00 0.00 0.00 0.00 0.00 0.00 0.00 0.00 0.00 0.00 0.00 0.00 0.00 0.00
3.87 3.24 2.96 2.79 -1.89 -2.61 -2.58 -2.50 -2.44 -2.39 -2.29 -2.24 -2.19 -2.14 -2.04 -1.99 -1.94 -1.89 -1.85 -1.80 -1.76 -1.70 -1.67 -1.60 -1.58 -1.54 -1.51 -1.48 -1.17 -0.93 -0.66 -0.52 -0.48 -0.44 0.03 0.13 1.51 1.68 1.71 0.05 0.18 0.45 1.82 2.74 2.99 3.00 3.79 5.01 5.01 1.87 1.77 1.52 0.83 0.74 0.52 0.77 2.05 3.21 3.66 3.63 3.67 3.49 2.63 1.73 1.34 0.90 0.14 0.00 0.00 0.00 0.00 0.00 0.00 0.00 0.00 0.00 0.00 0.00 0.00 0.00 0.00
3.83 3.20 2.93 2.61 -2.07 -2.61 -2.57 -2.50 -2.40 -2.35 -2.30 -2.24 -2.19 -2.13 -2.04 -1.98 -1.93 -1.88 -1.84 -1.80 -1.75 -1.71 -1.66 -1.63 -1.60 -1.54 -1.49 -1.44 -1.13 -0.89 -0.59 -0.48 -0.42 -0.36 -0.00 0.93 1.59 1.76 1.52 0.10 0.52 0.82 1.99 2.72 3.07 3.03 4.60 5.02 5.02 2.09 1.77 1.39 0.78 0.75 0.38 1.50 3.20 3.69 2.59 1.87 3.13 3.75 2.50 1.78 1.36 0.79 0.12 0.00 0.00 0.00 0.00 0.00 0.00 0.00 0.00 0.00 0.00 0.00 0.00 0.00 0.00
3.80 3.17 2.90 2.38 -2.19 -2.60 -2.56 -2.52 -2.47 -2.36 -2.30 -2.24 -2.18 -2.12 -2.04 -1.98 -1.93 -1.89 -1.85 -1.80 -1.75 -1.67 -1.66 -1.64 -1.61 -1.54 -1.47 -1.41 -1.22 -0.83 -0.52 -0.50 -0.38 -0.33 0.03 0.11 1.66 1.82 1.67 0.23 0.80 1.07 2.30 2.73 3.03 3.02 5.03 5.03 4.20 2.09 1.74 1.71 1.49 0.89 0.76 1.57 2.43 3.12 2.55 2.44 3.18 3.80 2.55 1.72 1.46 0.89 0.24 0.00 0.00 0.00 0.00 0.00 0.00 0.00 0.00 0.00 0.00 0.00 0.00 0.00 0.00
3.76 3.16 2.86 1.91 -2.29 -2.58 -2.54 -2.51 -2.47 -2.36 -2.29 -2.23 -2.17 -2.11 -2.06 -1.98 -1.94 -1.90 -1.85 -1.80 -1.75 -1.71 -1.64 -1.63 -1.61 -1.55 -1.44 -1.39 -1.22 -0.74 -0.50 -0.51 -0.36 -0.21 0.08 1.25 1.73 1.80 0.05 0.20 0.54 1.45 3.07 2.93 2.97 2.93 5.04 5.04 3.03 2.02 1.74 1.70 1.62 0.90 1.11 1.66 1.69 1.82 1.81 1.98 2.30 3.85 2.66 1.75 0.77 0.05 0.00 0.00 0.00 0.00 0.00 0.00 0.00 0.00 0.00 0.00 0.00 0.00 0.00 0.00 0.00
3.74 3.13 2.84 1.50 -2.34 -2.56 -2.52 -2.48 -2.41 -2.35 -2.29 -2.22 -2.16 -2.10 -2.05 -1.97 -1.93 -1.90 -1.86 -1.81 -1.76 -1.65 -1.63 -1.62 -1.60 -1.57 -1.48 -1.36 -1.18 -0.67 -0.55 -0.52 -0.39 -0.14 0.05 1.04 1.71 1.74 0.00 0.18 0.73 2.48 3.15 2.88 2.93 2.92 5.05 2.45 2.10 1.96 1.78 1.73 1.43 0.88 1.40 1.68 1.69 1.73 1.71 1.98 2.66 3.88 2.31 1.57 0.00 0.00 0.00 0.00 0.00 0.00 0.00 0.00 0.00 0.00 0.00 0.00 0.00 0.00 0.00 0.00 0.00
3.94 3.07 2.83 1.02 -2.37 -2.52 -2.48 -2.45 -2.40 -2.35 -2.29 -2.22 -2.16 -2.10 -2.04 -1.97 -1.93 -1.90 -1.86 -1.81 -1.76 -1.67 -1.62 -1.61 -1.62 -1.60 -1.50 -1.41 -1.15 -0.69 -0.60 -0.53 -0.25 0.03 0.12 1.19 1.58 0.63 0.01 0.48 1.73 2.65 2.97 3.06 2.92 2.89 5.05 2.27 2.05 1.89 1.74 1.75 1.26 1.02 1.58 1.81 1.78 1.66 1.61 2.59 3.90 3.20 1.87 0.41 0.00 0.00 0.00 0.00 0.00 0.00 0.00 0.00 0.00 0.00 0.00 0.00 0.00 0.00 0.00 0.00 0.00
3.93 2.99 2.85 0.45 -2.40 -2.49 -2.44 -2.41 -2.37 -2.33 -2.28 -2.21 -2.15 -2.09 -2.04 -1.96 -1.92 -1.88 -1.84 -1.80 -1.75 -1.67 -1.61 -1.60 -1.64 -1.61 -1.51 -1.47 -1.13 -0.82 -0.64 -0.61 -0.12 0.06 0.08 1.29 1.54 0.09 0.11 0.47 1.76 2.82 2.85 2.97 3.65 3.63 5.06 4.14 1.91 1.85 1.74 1.66 1.12 1.12 1.58 1.88 1.77 1.61 1.75 3.93 2.65 1.92 0.31 0.00 0.00 0.00 0.00 0.00 0.00 0.00 0.00 0.00 0.00 0.00 0.00 0.00 0.00 0.00 0.00 0.00 0.00
3.90 2.94 2.87 -0.19 -2.42 -2.47 -2.42 -2.38 -2.33 -2.28 -2.23 -2.18 -2.11 -2.06 -2.01 -1.94 -1.90 -1.87 -1.83 -1.79 -1.75 -1.70 -1.61 -1.59 -1.62 -1.61 -1.55 -1.49 -1.14 -0.86 -0.74 -0.54 -0.00 0.07 0.14 1.32 1.52 0.13 0.05 0.50 1.85 2.82 2.68 2.91 3.24 3.06 5.06 2.00 1.86 1.84 1.71 1.33 0.96 0.99 1.51 1.73 1.70 1.83 2.32 3.98 2.33 1.65 0.00 0.00 0.00 0.00 0.00 0.00 0.00 0.00 0.00 0.00 0.00 0.00 0.00 0.00 0.00 0.00 0.00 0.00 0.00
3.87 2.91 2.89 -1.05 -2.45 -2.45 -2.40 -2.36 -2.28 -2.24 -2.19 -2.13 -2.07 -2.02 -1.98 -1.94 -1.88 -1.85 -1.81 -1.78 -1.74 -1.65 -1.60 -1.58 -1.59 -1.60 -1.58 -1.53 -1.14 -0.87 -0.96 -0.22 0.02 0.11 0.27 1.36 1.42 0.21 0.09 0.87 2.53 3.01 2.90 2.98 2.92 2.99 5.05 4.22 1.84 1.82 1.64 0.87 0.75 0.93 1.55 1.70 1.72 1.99 2.20 3.62 2.37 1.51 0.00 0.00 0.00 0.00 0.00 0.00 0.00 0.00 0.00 0.00 0.00 0.00 0.00 0.00 0.00 0.00 0.00 0.00 0.00
3.79 2.89 2.79 -1.46 -2.47 -2.45 -2.39 -2.35 -2.27 -2.23 -2.16 -2.09 -2.02 -1.96 -1.92 -1.89 -1.84 -1.81 -1.79 -1.75 -1.72 -1.64 -1.59 -1.56 -1.57 -1.58 -1.56 -1.68 -1.14 -0.90 -0.91 -0.12 0.05 0.15 1.19 1.38 0.37 0.36 0.71 1.58 2.65 2.94 2.98 3.03 2.99 3.07 5.05 2.02 1.87 1.91 1.43 1.29 1.35 1.11 1.56 1.77 1.77 2.07 2.16 3.73 4.04 1.08 0.00 0.00 0.00 0.00 0.00 0.00 0.00 0.00 0.00 0.00 0.00 0.00 0.00 0.00 0.00 0.00 0.00 0.00 0.00
3.72 3.00 2.62 -1.78 -2.48 -2.44 -2.39 -2.31 -2.26 -2.21 -2.14 -2.06 -1.99 -1.92 -1.87 -1.82 -1.78 -1.76 -1.75 -1.72 -1.66 -1.62 -1.59 -1.54 -1.54 -1.53 -1.55 -1.68 -1.11 -0.93 -0.79 -0.04 0.13 0.57 1.22 1.28 0.06 0.57 1.10 1.69 2.19 2.58 2.59 2.46 2.73 3.60 5.04 2.06 1.97 1.93 1.43 1.68 1.31 1.17 1.65 1.85 1.71 1.89 2.05 3.20 4.09 0.00 0.00 0.00 0.00 0.00 0.00 0.00 0.00 0.00 0.00 0.00 0.00 0.00 0.00 0.00 0.00 0.00 0.00 0.00 0.00
3.63 2.93 2.36 -2.01 -2.48 -2.44 -2.38 -2.31 -2.25 -2.20 -2.13 -2.05 -1.96 -1.90 -1.84 -1.78 -1.72 -1.70 -1.69 -1.68 -1.61 -1.58 -1.55 -1.53 -1.53 -1.46 -1.58 -1.60 -1.06 -0.91 -1.12 0.03 0.14 0.71 1.21 1.03 0.10 0.82 1.80 1.55 1.65 1.87 1.90 2.08 2.87 4.40 4.52 2.09 2.01 1.82 1.43 1.56 1.28 1.27 1.67 1.99 1.81 1.89 2.17 4.11 1.99 0.00 0.00 0.00 0.00 0.00 0.00 0.00 0.00 0.00 0.00 0.00 0.00 0.00 0.00 0.00 0.00 0.00 0.00 0.00 0.00
3.53 2.84 2.01 -2.16 -2.48 -2.43 -2.37 -2.29 -2.26 -2.18 -2.11 -2.03 -1.95 -1.89 -1.82 -1.75 -1.67 -1.63 -1.60 -1.58 -1.57 -1.55 -1.53 -1.53 -1.52 -1.44 -1.61 -1.55 -1.01 -0.88 -1.06 0.02 0.11 0.18 1.17 0.22 0.62 0.88 1.87 1.23 0.96 1.09 1.65 2.53 3.24 5.03 5.04 1.96 2.01 1.77 1.49 1.51 1.32 1.52 1.71 1.77 1.94 2.19 2.44 3.11 0.76 0.00 0.00 0.00 0.00 0.00 0.00 0.00 0.00 0.00 0.00 0.00 0.00 0.00 0.00 0.00 0.00 0.00 0.00 0.00 0.00
3.41 2.76 1.56 -2.26 -2.48 -2.42 -2.32 -2.27 -2.23 -2.16 -2.09 -2.00 -1.93 -1.87 -1.81 -1.74 -1.68 -1.61 -1.56 -1.53 -1.50 -1.49 -1.49 -1.52 -1.50 -1.43 -1.68 -1.41 -0.96 -0.84 -0.93 -0.02 0.09 0.21 1.13 0.35 0.61 0.66 1.90 1.07 0.90 1.09 1.93 2.72 3.52 5.02 4.19 1.80 1.94 1.70 1.63 1.52 1.22 1.61 1.79 1.91 2.38 2.93 3.37 4.12 0.00 0.00 0.00 0.00 0.00 0.00 0.00 0.00 0.00 0.00 0.00 0.00 0.00 0.00 0.00 0.00 0.00 0.00 0.00 0.00 0.00
3.29 2.67 0.81 -2.35 -2.46 -2.40 -2.34 -2.25 -2.21 -2.13 -2.06 -1.98 -1.91 -1.85 -1.79 -1.72 -1.66 -1.59 -1.55 -1.46 -1.43 -1.42 -1.43 -1.50 -1.48 -1.43 -1.74 -1.31 -0.93 -0.83 -0.92 -0.02 0.08 0.88 1.00 0.32 0.43 0.70 1.67 0.89 1.13 1.81 2.53 2.83 4.53 5.02 3.92 1.85 2.01 1.68 1.39 1.40 1.30 1.74 1.94 2.05 2.56 3.86 4.06 2.90 0.00 0.00 0.00 0.00 0.00 0.00 0.00 0.00 0.00 0.00 0.00 0.00 0.00 0.00 0.00 0.00 0.00 0.00 0.00 0.00 0.00
3.06 2.63 2.14 -2.39 -2.45 -2.38 -2.27 -2.23 -2.19 -2.10 -2.03 -1.95 -1.89 -1.83 -1.77 -1.70 -1.64 -1.57 -1.52 -1.48 -1.40 -1.36 -1.36 -1.41 -1.45 -1.44 -1.73 -1.20 -0.91 -0.84 -0.86 0.01 0.06 0.87 0.04 0.35 0.46 1.20 1.52 0.86 1.19 1.98 2.65 2.91 5.01 5.01 3.01 1.91 2.05 1.43 1.05 1.24 1.40 1.80 2.08 2.75 3.82 4.00 4.04 3.85 0.00 0.00 0.00 0.00 0.00 0.00 0.00 0.00 0.00 0.00 0.00 0.00 0.00 0.00 0.00 0.00 0.00 0.00 0.00 0.00 0.00
3.00 2.63 1.81 -2.43 -2.44 -2.35 -2.22 -2.20 -2.16 -2.07 -2.00 -1.92 -1.86 -1.80 -1.74 -1.67 -1.61 -1.54 -1.50 -1.46 -1.38 -1.33 -1.31 -1.32 -1.36 -1.52 -1.51 -1.12 -0.90 -0.83 -0.53 -0.05 0.41 0.92 0.05 0.31 0.37 1.31 1.29 0.88 1.24 2.25 2.82 3.51 5.00 5.00 1.96 1.92 1.92 1.09 1.15 1.12 1.23 2.02 3.10 3.88 4.11 4.12 4.12 2.65 0.71 0.00 0.00 0.00 0.00 0.00 0.00 0.00 0.00 0.00 0.00 0.00 0.00 0.00 0.00 0.00 0.00 0.00 0.00 0.00 0.00
2.95 2.63 1.35 -2.44 -2.42 -2.34 -2.27 -2.17 -2.10 -2.04 -1.93 -1.89 -1.83 -1.78 -1.71 -1.64 -1.58 -1.50 -1.44 -1.37 -1.33 -1.30 -1.27 -1.24 -1.26 -1.47 -1.46 -1.10 -0.87 -0.85 -0.41 -0.03 0.55 0.77 0.05 0.35 0.44 1.35 1.11 0.95 1.79 2.60 3.04 4.21 5.00 4.99 1.89 1.89 1.79 0.95 1.02 1.11 1.58 2.66 3.90 4.07 4.12 4.12 3.09 2.13 1.72 0.00 0.00 0.00 0.00 0.00 0.00 0.00 0.00 0.00 0.00 0.00 0.00 0.00 0.00 0.00 0.00 0.00 0.00 0.00 0.00
2.90 2.63 0.83 -2.45 -2.41 -2.34 -2.20 -2.14 -2.08 -2.01 -1.90 -1.85 -1.79 -1.74 -1.68 -1.60 -1.55 -1.49 -1.42 -1.33 -1.28 -1.25 -1.23 -1.20 -1.19 -1.35 -1.42 -1.08 -0.85 -0.86 -0.39 -0.03 0.03 0.73 0.08 0.52 0.70 1.28 1.15 1.18 2.54 2.97 3.27 4.14 5.00 4.99 1.80 1.81 1.55 0.70 0.89 1.54 2.22 3.98 4.15 4.14 4.14 3.78 2.52 1.85 1.72 0.50 0.00 0.00 0.00 0.00 0.00 0.00 0.00 0.00 0.00 0.00 0.00 0.00 0.00 0.00 0.00 0.00 0.00 0.00 0.00
2.81 2.63 -0.04 -2.40 -2.40 -2.33 -2.20 -2.14 -2.07 -1.99 -1.89 -1.83 -1.78 -1.71 -1.65 -1.59 -1.54 -1.48 -1.40 -1.30 -1.25 -1.21 -1.18 -1.15 -1.13 -1.19 -1.37 -1.05 -0.83 -0.82 -0.40 -0.04 0.05 0.40 0.39 0.61 0.88 1.47 1.13 2.08 2.97 3.16 3.40 4.63 4.99 2.74 2.04 1.99 1.52 0.81 1.12 1.95 2.99 4.09 4.03 4.07 4.07 3.79 3.64 1.84 1.62 1.55 1.13 0.00 0.00 0.00 0.00 0.00 0.00 0.00 0.00 0.00 0.00 0.00 0.00 0.00 0.00 0.00 0.00 0.00 0.00
2.75 2.62 -0.63 -2.41 -2.39 -2.33 -2.20 -2.14 -2.07 -1.99 -1.88 -1.82 -1.76 -1.70 -1.63 -1.57 -1.52 -1.47 -1.35 -1.29 -1.22 -1.19 -1.14 -1.10 -1.08 -1.05 -1.33 -1.02 -0.79 -0.78 -0.41 -0.08 0.10 0.39 0.50 0.58 1.29 1.37 1.32 2.52 2.78 2.86 3.38 4.64 4.99 3.11 2.07 1.86 1.26 1.17 1.48 2.32 3.63 3.92 3.89 4.18 4.13 3.92 2.29 1.95 1.71 1.44 0.89 0.00 0.00 0.00 0.00 0.00 0.00 0.00 0.00 0.00 0.00 0.00 0.00 0.00 0.00 0.00 0.00 0.00 0.00
2.70 2.59 -1.13 -2.42 -2.38 -2.32 -2.20 -2.13 -2.06 -1.98 -1.90 -1.80 -1.74 -1.68 -1.61 -1.56 -1.51 -1.46 -1.39 -1.28 -1.21 -1.15 -1.07 -1.01 -0.96 -0.97 -1.02 -0.92 -0.73 -0.65 -0.48 -0.09 0.21 0.24 0.53 0.56 1.39 1.27 1.70 2.66 2.72 2.89 2.84 3.58 4.99 4.11 1.91 1.74 1.47 1.44 1.88 2.45 3.91 3.98 4.22 4.19 3.72 3.42 2.54 1.43 1.33 0.00 0.00 0.00 0.00 0.00 0.00 0.00 0.00 0.00 0.00 0.00 0.00 0.00 0.00 0.00 0.00 0.00 0.00 0.00 0.00
2.67 2.50 -1.54 -2.44 -2.37 -2.31 -2.19 -2.12 -2.05 -1.97 -1.89 -1.79 -1.72 -1.65 -1.59 -1.54 -1.48 -1.44 -1.33 -1.27 -1.20 -1.13 -1.06 -1.00 -0.95 -0.84 -0.94 -0.85 -0.69 -0.61 -0.45 -0.09 0.09 0.29 0.56 0.58 1.21 1.41 2.05 2.86 2.81 3.38 2.90 4.51 4.98 4.52 1.92 1.70 1.47 1.87 2.09 2.46 3.83 4.06 4.21 3.74 1.97 0.65 0.00 0.00 0.00 0.00 0.00 0.00 0.00 0.00 0.00 0.00 0.00 0.00 0.00 0.00 0.00 0.00 0.00 0.00 0.00 0.00 0.00 0.00 0.00
2.66 2.33 -1.86 -2.45 -2.37 -2.31 -2.18 -2.11 -2.03 -1.94 -1.86 -1.76 -1.69 -1.62 -1.56 -1.50 -1.46 -1.42 -1.38 -1.27 -1.20 -1.12 -1.05 -1.00 -0.94 -0.83 -0.88 -0.74 -0.63 -0.56 -0.41 0.03 0.27 0.43 0.54 0.74 0.74 1.45 2.32 2.96 3.35 3.90 3.86 4.59 4.98 4.60 1.77 1.55 1.89 2.18 2.49 3.60 4.10 4.25 3.57 1.32 0.00 0.00 0.00 0.00 0.00 0.00 0.00 0.00 0.00 0.00 0.00 0.00 0.00 0.00 0.00 0.00 0.00 0.00 0.00 0.00 0.00 0.00 0.00 0.00 0.00
2.65 2.04 -2.10 -2.48 -2.41 -2.25 -2.17 -2.08 -1.99 -1.92 -1.85 -1.74 -1.66 -1.60 -1.53 -1.48 -1.44 -1.40 -1.31 -1.26 -1.19 -1.12 -1.04 -1.00 -0.96 -0.88 -0.83 -0.58 -0.58 -0.52 -0.36 0.33 0.30 0.51 0.46 0.59 0.68 2.18 2.75 3.03 2.87 3.86 3.63 3.73 4.98 3.76 1.74 2.26 2.66 2.88 3.89 4.21 4.30 4.39 2.76 0.29 0.00 0.00 0.00 0.00 0.00 0.00 0.00 0.00 0.00 0.00 0.00 0.00 0.00 0.00 0.00 0.00 0.00 0.00 0.00 0.00 0.00 0.00 0.00 0.00 0.00
2.64 1.28 -2.33 -2.50 -2.32 -2.27 -2.18 -2.07 -1.97 -1.90 -1.83 -1.72 -1.64 -1.57 -1.51 -1.45 -1.41 -1.38 -1.28 -1.24 -1.18 -1.10 -1.03 -1.02 -0.99 -0.97 -0.71 -0.46 -0.47 -0.45 -0.27 0.73 0.06 0.56 0.73 0.68 1.17 2.51 2.82 2.78 2.86 2.82 2.86 3.19 2.44 1.92 2.18 2.53 3.07 3.36 4.07 4.23 4.28 4.27 2.24 0.00 0.00 0.00 0.00 0.00 0.00 0.00 0.00 0.00 0.00 0.00 0.00 0.00 0.00 0.00 0.00 0.00 0.00 0.00 0.00 0.00 0.00 0.00 0.00 0.00 0.00
2.63 0.63 -2.44 -2.53 -2.44 -2.29 -2.20 -2.06 -1.95 -1.88 -1.81 -1.74 -1.62 -1.54 -1.48 -1.42 -1.38 -1.36 -1.26 -1.21 -1.16 -1.10 -1.03 -1.03 -1.03 -1.06 -0.61 -0.39 -0.31 -0.30 -0.18 1.15 0.06 0.53 0.78 0.78 1.55 2.57 2.77 2.77 2.72 2.78 2.80 3.54 1.84 2.46 2.46 2.44 2.66 3.09 3.91 4.30 4.32 4.20 2.85 0.00 0.00 0.00 0.00 0.00 0.00 0.00 0.00 0.00 0.00 0.00 0.00 0.00 0.00 0.00 0.00 0.00 0.00 0.00 0.00 0.00 0.00 0.00 0.00 0.00 0.00
2.63 -0.10 -2.51 -2.54 -2.34 -2.30 -2.21 -2.06 -1.93 -1.85 -1.79 -1.72 -1.60 -1.52 -1.45 -1.39 -1.34 -1.31 -1.25 -1.18 -1.13 -1.07 -1.01 -1.03 -1.09 -1.00 -0.49 -0.36 -0.22 -0.19 0.49 1.28 0.00 0.36 0.73 0.94 1.88 2.50 2.71 2.69 2.69 2.71 2.86 3.72 2.09 2.46 2.47 2.40 2.63 2.82 2.88 3.61 4.34 4.19 3.26 0.00 0.00 0.00 0.00 0.00 0.00 0.00 0.00 0.00 0.00 0.00 0.00 0.00 0.00 0.00 0.00 0.00 0.00 0.00 0.00 0.00 0.00 0.00 0.00 0.00 0.00
2.62 -0.85 -2.56 -2.55 -2.45 -2.30 -2.22 -2.06 -1.92 -1.84 -1.77 -1.70 -1.58 -1.50 -1.42 -1.35 -1.29 -1.26 -1.22 -1.15 -1.11 -1.05 -1.00 -1.03 -1.13 -0.88 -0.43 -0.31 -0.17 -0.10 0.74 1.35 0.05 0.13 0.54 1.17 1.84 2.27 2.58 2.61 2.59 2.74 3.12 3.20 2.19 2.43 2.45 2.42 2.56 2.80 2.74 2.94 4.31 4.15 3.23 0.00 0.00 0.00 0.00 0.00 0.00 0.00 0.00 0.00 0.00 0.00 0.00 0.00 0.00 0.00 0.00 0.00 0.00 0.00 0.00 0.00 0.00 0.00 0.00 0.00 0.00
2.59 -1.49 -2.60 -2.56 -2.36 -2.29 -2.21 -2.05 -1.91 -1.82 -1.75 -1.67 -1.55 -1.47 -1.41 -1.33 -1.27 -1.24 -1.19 -1.12 -1.09 -1.04 -0.99 -1.05 -1.15 -0.77 -0.47 -0.25 -0.14 0.01 0.90 1.32 0.00 0.09 0.54 1.13 1.79 1.87 2.35 2.49 2.55 2.78 3.40 1.70 2.18 2.38 2.47 2.48 2.45 2.59 2.74 2.95 4.37 4.55 3.61 1.87 0.00 0.29 0.00 0.00 0.00 0.00 0.00 0.00 0.00 0.00 0.00 0.00 0.00 0.00 0.00 0.00 0.00 0.00 0.00 0.00 0.00 0.00 0.00 0.00 0.00
2.43 -2.18 -2.66 -2.57 -2.35 -2.26 -2.18 -2.04 -1.91 -1.82 -1.74 -1.66 -1.53 -1.46 -1.40 -1.33 -1.26 -1.22 -1.17 -1.10 -1.07 -1.03 -0.98 -1.09 -1.11 -0.67 -0.40 -0.20 -0.11 0.11 0.25 0.90 0.06 0.32 0.77 1.19 1.79 1.74 2.01 2.32 2.45 2.98 3.70 1.50 1.99 2.26 2.37 2.45 3.33 3.52 3.50 3.85 4.62 4.48 3.89 3.64 2.83 2.74 2.22 0.47 0.00 0.00 0.00 0.00 0.00 0.00 0.00 0.00 0.00 0.00 0.00 0.00 0.00 0.00 0.00 0.00 0.00 0.00 0.00 0.00 0.00
