tsunami_inundation/2940.asc
ncols        89
nrows        96
xllcorner    425855.973699999973
yllcorner    5091051.504999999888
cellsize     55.000000000000
NODATA_value  -9999.00
[rows 0 to 35 of 96, columns 0 to 80 of 89]
-9999.00 4.87 4.75 4.08 3.70 3.43 3.28 3.39 1.02 -1.55 -1.66 -1.63 -1.60 -1.57 -1.49 -1.44 -1.39 -1.33 -1.29 -1.24 -1.18 -1.10 -1.06 -1.04 -1.02 -1.02 -1.02 -1.01 -0.99 -0.95 -0.91 -0.93 -0.97 -0.86 -0.57 -0.25 -0.10 0.03 0.15 0.35 0.94 0.08 0.03 0.53 0.48 0.02 0.03 0.02 0.69 2.85 4.66 4.97 5.00 5.03 5.06 5.08 5.15 5.17 5.19 3.31 4.00 4.13 3.75 3.20 1.65 0.04 0.27 1.42 2.21 2.37 1.71 1.30 0.28 0.01 0.00 0.00 0.00 0.00 0.00 0.00 0.00
-9999.00 4.88 4.76 4.12 3.72 3.48 3.34 3.44 0.63 -1.56 -1.65 -1.62 -1.59 -1.55 -1.48 -1.43 -1.35 -1.32 -1.28 -1.23 -1.18 -1.10 -1.06 -1.05 -1.06 -1.06 -1.05 -1.05 -0.96 -0.92 -0.91 -0.95 -0.98 -0.82 -0.51 -0.19 -0.03 0.09 0.19 0.31 0.93 0.07 0.02 0.20 0.49 0.37 0.03 0.87 3.14 4.58 4.92 4.92 4.95 4.97 5.00 5.03 5.09 5.13 5.15 3.35 4.00 4.18 4.03 3.20 1.31 0.04 0.16 1.73 2.41 2.51 1.94 0.87 0.26 0.01 0.00 0.00 0.00 0.00 0.00 0.00 0.00
-9999.00 4.89 4.52 4.13 3.73 3.50 3.38 3.49 0.46 -1.57 -1.63 -1.60 -1.56 -1.52 -1.46 -1.38 -1.34 -1.31 -1.27 -1.23 -1.19 -1.11 -1.08 -1.08 -1.10 -1.10 -1.09 -1.07 -1.04 -0.92 -0.92 -0.97 -1.00 -0.75 -0.43 -0.21 0.04 0.16 0.23 0.31 0.74 0.00 0.00 0.05 0.26 0.41 1.16 2.81 4.40 4.91 4.87 4.87 4.88 4.90 4.93 5.01 5.05 5.10 4.92 3.66 3.89 4.28 4.15 3.10 2.17 0.03 0.34 1.80 2.21 2.66 2.26 0.81 0.38 0.02 0.00 0.00 0.00 0.00 0.00 0.00 0.00
-9999.00 4.90 4.53 4.14 3.74 3.52 3.41 3.51 0.29 -1.57 -1.62 -1.58 -1.55 -1.51 -1.45 -1.41 -1.34 -1.30 -1.27 -1.23 -1.19 -1.13 -1.12 -1.12 -1.13 -1.13 -1.13 -1.10 -0.97 -0.93 -0.94 -1.01 -1.00 -0.70 -0.39 -0.18 0.07 0.19 0.27 0.34 0.61 0.17 0.02 0.03 0.07 0.02 1.36 3.73 4.79 4.87 4.80 4.79 4.79 4.82 4.86 4.96 5.00 5.06 4.98 4.08 3.94 4.25 4.05 2.93 2.00 1.06 1.48 2.21 2.59 2.84 2.46 1.22 0.79 0.17 0.00 0.00 0.00 0.00 0.00 0.00 0.00
-9999.00 4.92 4.54 4.16 3.76 3.54 3.43 3.54 0.12 -1.57 -1.62 -1.57 -1.54 -1.51 -1.47 -1.37 -1.34 -1.31 -1.29 -1.24 -1.26 -1.19 -1.17 -1.17 -1.18 -1.17 -1.15 -1.11 -1.06 -0.94 -0.96 -1.04 -0.99 -0.65 -0.35 -0.16 0.09 0.22 0.29 0.37 0.62 0.50 0.02 0.03 0.07 0.01 2.60 4.25 4.85 4.81 4.72 4.69 4.69 4.73 4.85 4.90 4.95 5.00 5.04 4.54 4.09 4.54 3.83 2.72 1.63 1.09 1.55 2.02 2.58 2.95 2.60 1.31 1.23 0.10 0.00 0.00 0.00 0.00 0.00 0.00 0.00
-9999.00 4.93 4.55 4.17 3.78 3.56 3.46 3.56 -0.15 -1.59 -1.62 -1.58 -1.55 -1.51 -1.47 -1.38 -1.35 -1.33 -1.32 -1.31 -1.30 -1.28 -1.21 -1.20 -1.22 -1.20 -1.18 -1.12 -0.98 -0.95 -0.97 -1.06 -0.97 -0.61 -0.33 -0.14 0.11 0.23 0.32 0.40 0.61 0.43 0.02 0.04 0.06 0.00 2.97 4.57 4.80 4.75 4.64 4.56 4.57 4.62 4.77 4.83 4.88 4.94 4.97 4.98 4.97 4.89 4.47 3.49 1.44 0.98 1.73 2.20 2.71 3.08 2.73 1.40 1.31 0.00 0.00 0.00 0.00 0.00 0.00 0.00 0.00
-9999.00 4.81 4.57 4.20 3.82 3.59 3.49 3.59 -0.33 -1.60 -1.62 -1.58 -1.55 -1.52 -1.48 -1.40 -1.38 -1.37 -1.36 -1.36 -1.34 -1.31 -1.27 -1.25 -1.23 -1.22 -1.19 -1.13 -1.01 -0.96 -0.99 -1.06 -0.95 -0.60 -0.32 -0.13 0.12 0.25 0.34 0.42 0.63 0.07 0.03 0.05 0.00 0.46 2.25 4.02 4.68 4.64 4.60 4.53 4.55 4.61 4.67 4.79 4.83 4.87 4.88 4.89 4.89 4.87 4.65 4.23 2.82 1.23 1.88 2.31 2.71 3.16 2.86 1.62 1.41 0.00 0.00 0.00 0.00 0.00 0.00 0.00 0.00
-9999.00 4.82 4.58 4.22 3.84 3.61 3.51 3.62 -0.51 -1.61 -1.62 -1.59 -1.56 -1.52 -1.49 -1.43 -1.41 -1.41 -1.41 -1.40 -1.38 -1.34 -1.29 -1.27 -1.25 -1.23 -1.20 -1.16 -1.03 -0.97 -0.97 -1.01 -0.97 -0.68 -0.33 -0.12 0.06 0.27 0.36 0.45 0.86 1.14 0.04 0.01 0.07 0.90 2.31 3.84 4.58 4.59 4.59 4.57 4.58 4.62 4.72 4.76 4.80 4.83 3.53 3.86 4.83 4.81 4.77 4.73 4.66 3.51 2.00 2.44 2.78 3.22 3.05 2.20 2.07 0.00 0.00 0.00 0.00 0.00 0.00 0.00 0.00
-9999.00 4.82 4.60 4.23 3.85 3.62 3.53 3.64 -0.68 -1.61 -1.63 -1.59 -1.57 -1.54 -1.51 -1.46 -1.45 -1.45 -1.45 -1.44 -1.41 -1.37 -1.32 -1.29 -1.27 -1.25 -1.22 -1.12 -1.06 -0.97 -0.96 -0.99 -1.00 -0.74 -0.38 -0.10 0.13 0.31 0.39 0.46 0.81 0.02 0.11 0.03 0.40 1.38 2.73 3.95 4.51 4.56 4.60 4.62 4.63 4.64 4.68 4.75 4.77 4.79 2.55 2.39 3.38 4.80 4.81 4.76 4.70 4.71 2.35 2.44 2.65 3.24 3.30 2.84 2.58 0.00 0.00 0.00 0.00 0.00 0.00 0.00 0.00
-9999.00 4.94 4.61 4.24 3.86 3.64 3.54 3.66 -0.85 -1.63 -1.64 -1.61 -1.58 -1.57 -1.55 -1.51 -1.49 -1.50 -1.49 -1.48 -1.45 -1.41 -1.37 -1.32 -1.29 -1.26 -1.24 -1.20 -1.07 -0.98 -0.96 -1.00 -1.03 -0.80 -0.38 -0.06 0.15 0.33 0.43 0.50 0.98 0.67 0.13 0.25 1.04 2.09 3.58 4.37 4.48 4.54 4.60 4.64 4.65 4.66 4.71 4.74 4.77 3.42 2.03 2.42 2.83 3.33 3.04 3.09 4.58 4.71 2.61 2.32 2.81 3.30 3.15 2.73 2.45 0.00 0.00 0.00 0.00 0.00 0.00 0.00 0.00
-9999.00 4.96 4.61 4.23 3.87 3.64 3.55 3.67 -1.01 -1.64 -1.65 -1.65 -1.64 -1.63 -1.61 -1.56 -1.54 -1.52 -1.52 -1.51 -1.48 -1.43 -1.39 -1.34 -1.31 -1.28 -1.25 -1.21 -1.09 -1.02 -0.98 -1.03 -1.09 -0.82 -0.36 -0.03 0.18 0.36 0.52 0.65 1.08 2.63 2.74 2.06 1.84 3.33 4.25 4.35 4.46 4.54 4.60 4.64 4.66 4.67 4.71 4.73 3.83 2.20 2.25 2.75 2.82 2.85 2.71 2.64 4.13 4.64 3.20 2.45 2.87 3.32 3.27 2.67 2.65 0.94 0.00 0.00 0.00 0.00 0.00 0.00 0.00
-9999.00 4.97 4.61 4.23 3.88 3.65 3.56 3.69 0.45 -1.69 -1.70 -1.70 -1.69 -1.67 -1.64 -1.59 -1.56 -1.54 -1.54 -1.53 -1.50 -1.46 -1.42 -1.36 -1.33 -1.29 -1.26 -1.17 -1.10 -1.05 -1.02 -1.11 -1.16 -0.77 -0.30 0.01 0.20 0.34 0.67 0.85 1.13 2.74 3.13 3.43 3.81 4.08 4.22 4.33 4.44 4.52 4.57 4.61 4.63 4.67 4.69 4.71 3.29 1.83 1.86 2.76 2.83 2.99 2.83 2.78 3.81 4.56 3.42 2.75 3.06 3.33 3.13 2.52 2.65 2.13 0.72 0.00 0.00 0.00 0.00 0.00 0.00
4.97 4.85 4.62 4.22 3.88 3.64 3.58 3.70 -0.00 -1.74 -1.75 -1.75 -1.74 -1.69 -1.67 -1.62 -1.58 -1.56 -1.56 -1.55 -1.52 -1.48 -1.44 -1.38 -1.34 -1.30 -1.27 -1.18 -1.13 -1.08 -1.10 -1.21 -1.17 -0.67 -0.22 0.09 0.27 0.49 0.95 1.18 2.04 2.75 3.17 3.48 3.86 4.08 4.19 4.29 4.40 4.48 4.54 4.57 4.61 4.66 4.65 4.62 2.35 1.70 1.94 2.64 2.72 2.72 2.64 2.62 3.42 4.47 2.51 2.55 2.85 3.30 3.13 2.33 2.34 1.95 1.95 0.75 0.00 0.00 0.00 0.00 0.00
4.97 4.85 4.62 4.22 3.88 3.64 3.60 3.68 -0.46 -1.80 -1.80 -1.79 -1.78 -1.75 -1.69 -1.65 -1.59 -1.57 -1.57 -1.56 -1.53 -1.49 -1.45 -1.39 -1.35 -1.31 -1.28 -1.20 -1.16 -1.14 -1.24 -1.36 -1.05 -0.49 -0.09 0.17 0.34 0.63 1.11 1.54 1.84 2.68 3.14 3.47 3.78 4.03 4.15 4.25 4.35 4.43 4.51 4.55 4.58 4.61 4.63 3.56 2.00 1.61 2.43 2.62 2.62 2.56 2.49 2.61 3.22 4.39 2.36 1.99 2.42 3.45 2.94 2.25 2.07 1.68 1.79 1.36 0.49 0.00 0.00 0.00 0.00
4.97 4.85 4.62 4.22 3.88 3.65 3.64 3.59 -0.90 -1.85 -1.85 -1.84 -1.82 -1.75 -1.71 -1.67 -1.61 -1.58 -1.58 -1.57 -1.54 -1.50 -1.47 -1.43 -1.37 -1.33 -1.29 -1.22 -1.18 -1.17 -1.31 -1.43 -0.95 -0.39 -0.01 0.23 0.42 0.77 1.28 1.68 1.94 2.42 3.03 3.44 3.69 3.96 4.11 4.20 4.30 4.40 4.47 4.52 4.58 4.59 4.60 2.87 1.63 1.71 2.43 2.46 2.43 2.42 2.72 2.38 2.97 4.18 2.21 2.14 2.37 3.32 2.62 1.99 1.83 1.54 1.41 0.82 0.04 0.00 0.00 0.00 0.00
4.97 4.92 4.62 4.22 3.88 3.65 3.69 3.36 -1.28 -1.90 -1.88 -1.87 -1.85 -1.77 -1.73 -1.69 -1.62 -1.59 -1.58 -1.57 -1.54 -1.51 -1.47 -1.44 -1.38 -1.34 -1.31 -1.24 -1.19 -1.18 -1.24 -1.49 -0.90 -0.33 0.05 0.28 0.52 0.91 1.43 1.64 2.04 2.34 2.89 3.37 3.63 3.86 4.02 4.17 4.24 4.35 4.44 4.50 4.53 4.56 4.46 2.84 0.80 1.81 2.37 2.39 2.26 2.36 2.31 2.11 3.03 2.22 2.11 2.37 3.10 3.18 2.76 1.80 1.53 1.30 0.97 0.24 0.00 0.00 0.00 0.00 0.00
4.96 4.91 4.62 4.22 3.87 3.67 3.74 2.91 -1.56 -1.94 -1.92 -1.91 -1.89 -1.80 -1.75 -1.70 -1.63 -1.60 -1.58 -1.56 -1.54 -1.51 -1.47 -1.44 -1.39 -1.35 -1.32 -1.26 -1.21 -1.19 -1.24 -1.53 -0.88 -0.30 0.09 0.33 0.63 1.05 1.41 1.77 2.15 2.44 2.83 3.26 3.55 3.74 3.85 4.05 4.19 4.30 4.38 4.45 4.50 4.54 3.92 2.75 0.97 2.19 2.56 2.48 2.64 2.42 2.39 2.19 3.31 2.11 1.96 2.09 3.01 3.04 3.10 1.67 1.48 0.87 0.65 0.04 0.00 0.00 0.00 0.00 0.00
4.95 4.91 4.61 4.20 3.85 3.68 3.79 1.76 -1.81 -1.97 -1.95 -1.93 -1.91 -1.86 -1.76 -1.72 -1.65 -1.61 -1.58 -1.56 -1.53 -1.50 -1.47 -1.44 -1.40 -1.36 -1.31 -1.27 -1.22 -1.19 -1.24 -1.58 -0.87 -0.27 0.11 0.38 0.73 1.16 1.51 1.86 2.27 2.49 2.74 3.00 3.25 3.42 3.68 3.93 4.15 4.27 4.36 4.44 4.51 4.52 3.55 2.33 1.26 2.32 2.45 2.60 2.64 2.24 2.23 2.29 3.93 2.83 2.01 2.11 2.93 2.97 2.85 1.38 1.80 0.98 0.45 0.00 0.00 0.00 0.00 0.00 0.00
4.94 4.90 4.59 4.18 3.83 3.68 3.80 0.84 -1.91 -2.00 -1.96 -1.95 -1.92 -1.82 -1.78 -1.73 -1.69 -1.62 -1.59 -1.56 -1.53 -1.50 -1.47 -1.45 -1.40 -1.37 -1.34 -1.29 -1.24 -1.21 -1.25 -1.61 -0.85 -0.21 0.14 0.43 0.85 1.28 1.60 2.14 2.30 2.49 2.67 2.89 2.97 2.95 2.97 3.69 4.15 4.28 4.36 4.41 4.45 4.51 3.93 1.92 1.21 2.10 2.01 2.55 2.31 2.18 2.47 3.38 4.00 2.11 2.27 2.39 2.85 2.86 2.69 1.52 1.90 0.87 0.63 0.00 0.00 0.00 0.00 0.00 0.00
4.94 4.89 4.72 4.12 3.76 3.65 3.78 -0.04 -1.97 -2.02 -1.98 -1.96 -1.93 -1.83 -1.79 -1.74 -1.70 -1.63 -1.59 -1.56 -1.54 -1.51 -1.48 -1.45 -1.43 -1.35 -1.34 -1.31 -1.27 -1.24 -1.28 -1.65 -0.80 -0.14 0.18 0.43 0.91 1.33 1.63 2.00 2.30 2.46 2.61 2.72 2.77 2.52 0.07 2.60 4.07 4.30 4.36 4.39 4.47 4.50 4.51 1.46 1.27 1.98 1.85 2.21 2.16 3.78 3.98 3.98 2.42 1.58 1.94 1.94 2.69 2.68 2.59 2.46 1.85 0.94 0.62 0.00 0.00 0.00 0.00 0.00 0.00
4.94 4.89 4.69 4.08 3.71 3.63 3.70 -0.73 -2.01 -2.03 -2.02 -1.97 -1.93 -1.84 -1.79 -1.75 -1.71 -1.64 -1.60 -1.57 -1.56 -1.53 -1.50 -1.47 -1.45 -1.40 -1.35 -1.33 -1.29 -1.27 -1.31 -1.63 -0.78 -0.03 0.23 0.43 0.97 1.36 1.64 2.22 2.32 2.46 2.57 2.66 1.67 0.03 0.25 2.59 3.66 4.28 4.35 4.38 4.46 4.49 4.49 0.94 1.22 1.79 1.74 2.01 2.24 3.96 3.96 3.95 2.04 2.00 1.82 2.07 2.65 2.66 2.65 2.61 1.95 0.57 0.20 0.00 0.00 0.00 0.00 0.00 0.00
4.93 4.89 4.66 4.03 3.65 3.61 3.07 -1.70 -2.08 -2.07 -2.05 -1.98 -1.89 -1.84 -1.80 -1.76 -1.72 -1.66 -1.62 -1.60 -1.57 -1.55 -1.52 -1.49 -1.46 -1.38 -1.36 -1.33 -1.31 -1.30 -1.35 -1.66 -0.76 0.03 0.22 0.49 1.08 1.37 1.84 2.22 2.34 2.44 2.55 2.64 0.46 0.28 0.12 2.27 2.89 3.23 3.73 4.43 4.46 4.49 3.72 0.07 0.36 1.10 1.50 2.07 2.17 3.63 3.93 3.94 2.66 1.88 1.71 1.88 2.61 2.62 2.64 2.58 1.91 0.56 0.14 0.00 0.00 0.00 0.00 0.00 0.00
4.92 4.88 4.61 3.94 3.54 3.54 2.03 -1.86 -2.10 -2.08 -2.06 -2.00 -1.95 -1.85 -1.80 -1.77 -1.73 -1.69 -1.64 -1.62 -1.59 -1.57 -1.54 -1.50 -1.47 -1.39 -1.36 -1.33 -1.31 -1.32 -1.38 -1.67 -0.72 -0.02 0.17 0.58 1.16 1.42 1.78 2.17 2.27 2.43 2.45 2.38 0.00 0.05 0.67 2.39 2.38 2.28 2.75 4.46 4.48 4.50 2.88 0.00 0.11 0.35 1.33 2.02 2.08 3.72 3.92 3.93 2.38 1.98 1.84 1.41 2.55 2.56 2.56 2.41 2.09 0.74 0.37 0.00 0.00 0.00 0.00 0.00 0.00
4.91 4.87 4.57 3.86 3.46 3.48 1.20 -1.97 -2.12 -2.10 -2.07 -2.01 -1.91 -1.86 -1.82 -1.78 -1.74 -1.70 -1.67 -1.63 -1.63 -1.59 -1.55 -1.52 -1.48 -1.39 -1.36 -1.33 -1.32 -1.33 -1.41 -1.67 -0.69 -0.08 0.04 0.69 1.14 1.42 1.55 1.98 2.21 2.32 2.41 0.06 0.00 0.13 1.32 2.49 2.49 2.39 2.97 4.22 4.51 4.52 2.14 0.02 0.23 0.48 1.54 1.96 2.40 3.88 3.91 2.80 1.91 2.17 1.92 1.46 2.50 2.52 2.55 2.37 2.08 0.87 0.00 0.00 0.00 0.00 0.00 0.00 0.00
4.91 4.85 4.53 4.04 3.37 3.40 0.39 -2.05 -2.14 -2.11 -2.07 -2.01 -1.92 -1.87 -1.83 -1.79 -1.75 -1.71 -1.67 -1.66 -1.64 -1.61 -1.57 -1.54 -1.51 -1.48 -1.36 -1.33 -1.32 -1.34 -1.42 -1.66 -0.67 -0.24 0.04 0.83 1.09 1.32 1.60 1.91 2.15 2.28 2.44 0.07 0.06 1.09 2.26 2.47 2.48 2.45 3.14 4.53 4.53 4.54 1.36 0.19 0.23 0.93 1.84 2.02 3.11 3.87 3.15 1.91 1.75 2.06 1.65 1.49 2.43 2.43 2.15 2.30 1.05 0.65 0.00 0.00 0.00 0.00 0.00 0.00 0.00
4.90 4.84 4.46 3.94 3.29 3.31 -0.35 -2.11 -2.16 -2.12 -2.08 -2.04 -1.93 -1.89 -1.85 -1.80 -1.76 -1.71 -1.68 -1.67 -1.64 -1.61 -1.58 -1.56 -1.49 -1.42 -1.37 -1.32 -1.31 -1.32 -1.38 -1.58 -1.32 -0.41 0.13 0.83 1.07 1.24 1.35 1.90 2.10 2.24 2.21 0.03 0.62 1.79 2.34 2.57 2.58 2.44 3.16 4.56 4.56 4.56 0.74 0.33 0.38 1.47 1.85 2.08 3.25 3.84 3.11 1.91 1.72 2.01 1.34 1.42 2.37 2.30 1.84 2.01 0.89 0.34 0.00 0.00 0.00 0.00 0.00 0.00 0.00
4.89 4.81 4.39 3.83 3.21 3.17 -0.93 -2.15 -2.18 -2.14 -2.09 -2.05 -1.95 -1.91 -1.87 -1.82 -1.77 -1.72 -1.69 -1.67 -1.65 -1.62 -1.59 -1.57 -1.55 -1.44 -1.38 -1.34 -1.31 -1.31 -1.30 -1.27 -1.54 -0.91 0.23 0.79 1.02 1.15 1.34 1.88 2.06 2.19 1.83 0.01 1.02 2.21 2.28 2.57 2.59 2.51 3.35 4.58 4.58 3.33 0.27 0.25 0.42 1.46 1.65 1.82 3.72 3.80 3.21 1.82 1.68 1.71 1.36 1.60 2.33 2.23 1.99 1.77 0.74 0.02 0.00 0.00 0.00 0.00 0.00 0.00 0.00
4.88 4.77 4.30 3.71 3.13 2.74 -1.58 -2.20 -2.21 -2.16 -2.11 -2.00 -1.96 -1.93 -1.88 -1.83 -1.78 -1.73 -1.70 -1.68 -1.65 -1.62 -1.60 -1.58 -1.53 -1.45 -1.39 -1.34 -1.31 -1.31 -1.30 -1.22 -1.22 -1.17 0.32 0.75 0.90 0.94 1.34 1.78 2.04 2.15 1.06 0.35 1.26 2.35 2.33 2.57 2.62 3.18 4.65 4.64 4.07 0.72 0.46 0.40 0.40 1.16 1.59 2.24 3.79 3.79 2.93 1.76 1.63 1.21 1.02 1.36 2.22 2.12 1.54 1.50 1.60 0.00 0.00 0.00 0.00 0.00 0.00 0.00 0.00
4.86 4.68 4.14 3.52 3.04 2.23 -1.87 -2.24 -2.22 -2.18 -2.13 -2.01 -1.97 -1.94 -1.89 -1.84 -1.78 -1.74 -1.71 -1.69 -1.66 -1.64 -1.61 -1.59 -1.57 -1.49 -1.40 -1.34 -1.31 -1.30 -1.29 -1.20 -1.27 -0.95 0.33 0.67 0.79 0.81 1.55 1.78 2.02 1.60 0.28 0.63 2.18 2.43 2.34 2.55 2.67 3.59 4.70 4.68 2.14 0.47 0.47 0.37 0.46 1.18 1.64 2.79 3.77 3.77 2.61 1.44 1.84 1.29 1.16 1.73 1.52 0.87 0.51 1.24 0.94 0.00 0.00 0.00 0.00 0.00 0.00 0.00 0.00
4.85 4.60 4.04 3.39 2.99 1.46 -2.06 -2.27 -2.24 -2.19 -2.14 -2.02 -1.98 -1.95 -1.90 -1.85 -1.79 -1.75 -1.72 -1.70 -1.68 -1.65 -1.62 -1.60 -1.58 -1.50 -1.40 -1.34 -1.31 -1.31 -1.33 -1.34 -1.28 -0.96 0.31 0.62 0.73 0.96 1.55 1.77 0.55 0.26 0.24 1.13 2.18 2.44 2.28 2.44 2.71 4.02 4.74 4.19 1.22 0.53 0.49 0.24 0.64 1.33 1.80 3.24 3.76 3.76 2.65 1.68 2.01 1.26 1.42 2.12 1.81 0.25 0.00 0.00 0.00 0.00 0.00 0.00 0.00 0.00 0.00 0.00 0.00
4.82 4.49 3.93 3.26 2.95 0.54 -2.19 -2.30 -2.25 -2.21 -2.10 -2.05 -1.99 -1.96 -1.91 -1.86 -1.81 -1.76 -1.73 -1.71 -1.69 -1.66 -1.64 -1.62 -1.55 -1.50 -1.41 -1.35 -1.33 -1.33 -1.41 -1.47 -0.96 -0.84 0.24 0.56 0.67 1.04 1.54 1.72 0.01 0.35 0.32 1.38 2.12 2.43 2.30 2.47 3.39 4.80 4.76 1.65 1.11 0.53 0.52 0.31 0.87 1.36 1.83 3.38 3.75 3.74 2.90 2.11 1.28 1.19 1.75 2.51 0.94 0.00 0.00 0.00 0.00 0.00 0.00 0.00 0.00 0.00 0.00 0.00 0.00
4.77 4.37 3.82 3.15 2.92 -0.40 -2.27 -2.31 -2.27 -2.22 -2.12 -2.07 -2.01 -1.97 -1.92 -1.88 -1.83 -1.79 -1.76 -1.73 -1.71 -1.69 -1.65 -1.62 -1.55 -1.50 -1.42 -1.36 -1.34 -1.36 -1.47 -1.40 -0.79 -0.88 0.21 0.49 0.62 1.13 1.54 1.68 0.04 0.40 0.27 1.19 2.18 2.50 2.38 2.49 3.62 4.82 2.61 1.55 1.18 0.75 0.54 0.81 1.11 1.50 1.71 3.67 3.73 3.63 2.84 2.02 1.44 1.39 1.69 2.48 0.00 0.00 0.00 0.00 0.00 0.00 0.00 0.00 0.00 0.00 0.00 0.00 0.00
4.70 4.24 3.70 3.05 2.89 -1.17 -2.32 -2.33 -2.28 -2.23 -2.15 -2.10 -2.03 -1.99 -1.94 -1.89 -1.84 -1.80 -1.77 -1.75 -1.72 -1.70 -1.66 -1.58 -1.55 -1.51 -1.43 -1.38 -1.35 -1.38 -1.46 -1.30 -0.72 -0.69 0.18 0.44 0.57 1.16 1.52 1.61 0.43 0.43 0.24 1.16 2.29 2.53 2.51 2.57 2.99 4.87 1.86 1.56 1.14 0.76 0.62 0.76 1.34 1.56 1.87 2.53 3.68 3.52 2.82 1.91 1.38 1.43 1.50 1.25 0.00 0.00 0.00 0.00 0.00 0.00 0.00 0.00 0.00 0.00 0.00 0.00 0.00
4.59 4.12 3.59 2.94 2.87 -1.92 -2.39 -2.35 -2.30 -2.26 -2.22 -2.12 -2.05 -2.00 -1.95 -1.91 -1.86 -1.82 -1.79 -1.77 -1.73 -1.70 -1.67 -1.58 -1.55 -1.52 -1.47 -1.38 -1.36 -1.40 -1.37 -1.24 -0.70 -0.57 0.12 0.40 0.65 1.22 1.40 0.12 0.71 0.45 0.74 1.57 2.46 2.62 2.59 2.63 3.02 4.90 1.75 1.53 0.91 0.70 0.60 0.41 1.18 1.59 1.04 2.37 3.65 2.93 2.54 1.53 1.61 1.51 1.21 0.00 0.00 0.00 0.00 0.00 0.00 0.00 0.00 0.00 0.00 0.00 0.00 0.00 0.00
4.42 3.93 3.43 2.89 2.84 -0.92 -2.43 -2.37 -2.32 -2.27 -2.23 -2.14 -2.06 -2.01 -1.97 -1.92 -1.88 -1.84 -1.80 -1.77 -1.74 -1.71 -1.67 -1.59 -1.56 -1.53 -1.48 -1.38 -1.35 -1.40 -1.28 -1.20 -0.72 -0.51 -0.50 0.36 0.42 1.27 0.04 0.14 0.60 0.49 0.88 1.77 2.59 2.70 2.66 2.72 3.16 4.92 1.74 1.51 0.84 0.73 0.57 0.35 1.28 1.29 0.80 2.91 3.63 2.75 1.52 1.48 1.38 0.72 0.00 0.00 0.00 0.00 0.00 0.00 0.00 0.00 0.00 0.00 0.00 0.00 0.00 0.00 0.00
4.32 3.83 3.34 2.88 2.72 -1.61 -2.45 -2.39 -2.34 -2.29 -2.21 -2.17 -2.11 -2.03 -1.98 -1.94 -1.89 -1.85 -1.81 -1.78 -1.74 -1.70 -1.67 -1.63 -1.57 -1.53 -1.49 -1.40 -1.30 -1.32 -1.32 -1.03 -0.71 -0.47 -0.57 0.32 0.38 1.32 1.18 0.14 0.31 0.61 0.97 2.23 2.74 2.84 2.78 2.87 3.56 4.94 1.75 1.56 0.82 0.75 0.58 0.59 0.97 0.72 1.02 3.16 3.61 2.34 1.36 1.77 2.35 0.00 0.00 0.00 0.00 0.00 0.00 0.00 0.00 0.00 0.00 0.00 0.00 0.00 0.00 0.00 0.00
