tsunami_inundation/2970.asc
ncols        89
nrows        96
xllcorner    425855.973699999973
yllcorner    5091051.504999999888
cellsize     55.000000000000
NODATA_value  -9999.00
[rows 36 to 71 of 96, columns 0 to 81 of 89]
4.37 4.38 4.38 4.37 4.36 4.33 4.27 4.21 4.11 3.46 -2.69 -2.83 -2.76 -2.68 -2.64 -2.61 -2.57 -2.54 -2.51 -2.49 -2.46 -2.44 -2.41 -2.37 -2.29 -2.27 -2.25 -2.18 -2.03 -2.04 -2.01 -1.47 -1.21 -0.92 -1.03 -0.00 0.11 1.27 1.39 1.17 0.03 0.46 1.00 2.42 2.78 3.21 2.96 2.79 3.96 4.86 1.67 1.58 0.80 0.70 0.57 0.82 0.76 1.14 1.58 3.34 3.64 2.43 1.41 2.08 1.77 0.00 0.00 0.00 0.00 0.00 0.00 0.00 0.00 0.00 0.00 0.00 0.00 0.00 0.00 0.00 0.00 0.00
4.40 4.42 4.40 4.39 4.38 4.35 4.28 4.21 4.04 0.19 -2.81 -2.84 -2.78 -2.70 -2.66 -2.63 -2.60 -2.57 -2.53 -2.50 -2.48 -2.44 -2.37 -2.32 -2.29 -2.28 -2.27 -2.23 -2.04 -1.99 -1.78 -1.40 -1.24 -0.93 -0.96 -0.03 0.10 1.29 1.43 1.45 0.00 0.48 1.13 2.42 2.80 3.40 3.30 2.92 4.74 4.87 1.70 1.59 0.75 0.62 0.66 0.74 0.60 1.39 1.55 3.60 3.68 3.03 2.60 2.28 0.96 0.00 0.00 0.00 0.00 0.00 0.00 0.00 0.00 0.00 0.00 0.00 0.00 0.00 0.00 0.00 0.00 0.00
4.42 4.44 4.42 4.44 4.42 4.36 4.31 4.21 3.86 -1.54 -2.88 -2.86 -2.81 -2.73 -2.68 -2.64 -2.61 -2.58 -2.55 -2.52 -2.49 -2.44 -2.37 -2.33 -2.30 -2.28 -2.28 -2.31 -2.04 -1.87 -1.55 -1.37 -1.29 -0.96 -0.79 0.16 1.11 1.33 1.40 0.46 0.00 0.51 1.23 2.45 2.86 3.21 2.89 3.30 4.89 1.98 1.71 1.49 0.71 0.62 0.67 0.51 0.93 1.57 1.77 3.71 3.72 3.31 2.91 1.94 1.49 0.00 0.00 0.00 0.00 0.00 0.00 0.00 0.00 0.00 0.00 0.00 0.00 0.00 0.00 0.00 0.00 0.00
4.43 4.44 4.44 4.44 4.41 4.34 4.27 4.19 3.76 -2.58 -2.94 -2.87 -2.83 -2.75 -2.70 -2.66 -2.63 -2.60 -2.56 -2.52 -2.49 -2.44 -2.38 -2.34 -2.31 -2.29 -2.30 -2.38 -1.99 -1.67 -1.43 -1.30 -1.25 -1.04 -0.44 -0.16 1.19 1.39 1.45 0.05 0.00 0.58 1.61 2.49 2.74 3.06 2.92 4.29 4.87 1.95 1.72 1.47 0.73 0.67 0.69 0.45 1.06 1.58 2.14 3.75 3.76 3.36 1.65 1.95 2.59 0.00 0.00 0.00 0.00 0.00 0.00 0.00 0.00 0.00 0.00 0.00 0.00 0.00 0.00 0.00 0.00 0.00
4.43 4.43 4.43 4.42 4.36 4.29 4.21 4.12 3.69 2.38 -2.96 -2.90 -2.86 -2.80 -2.74 -2.68 -2.64 -2.61 -2.57 -2.53 -2.49 -2.44 -2.40 -2.36 -2.32 -2.29 -2.32 -2.38 -1.92 -1.57 -1.34 -1.21 -1.19 -0.87 -0.29 0.56 1.28 1.44 1.52 0.04 0.12 0.51 2.00 2.58 2.80 3.07 3.12 4.91 4.91 1.92 1.76 1.52 0.75 0.68 0.62 0.40 1.59 2.03 3.17 3.77 3.78 3.28 2.18 1.71 2.08 1.16 0.00 0.00 0.00 0.00 0.00 0.00 0.00 0.00 0.00 0.00 0.00 0.00 0.00 0.00 0.00 0.00
4.42 4.42 4.41 4.37 4.30 4.22 4.14 4.08 3.66 1.77 -2.97 -2.91 -2.87 -2.83 -2.75 -2.69 -2.66 -2.62 -2.57 -2.55 -2.50 -2.45 -2.43 -2.37 -2.35 -2.31 -2.33 -2.30 -1.82 -1.52 -1.23 -1.09 -1.06 -0.87 -0.30 -0.26 1.36 1.53 1.55 0.05 0.11 0.35 1.72 2.65 2.90 2.91 3.70 4.92 4.92 1.77 1.68 1.43 0.75 0.66 0.44 0.90 2.19 3.33 3.77 3.74 3.80 3.62 2.78 1.93 1.65 1.26 0.92 0.13 0.00 0.00 0.00 0.00 0.00 0.00 0.00 0.00 0.00 0.00 0.00 0.00 0.00 0.00
4.39 4.38 4.36 4.31 4.24 4.15 4.08 4.01 1.19 -2.92 -2.97 -2.92 -2.87 -2.83 -2.76 -2.71 -2.67 -2.64 -2.60 -2.56 -2.51 -2.48 -2.41 -2.39 -2.37 -2.34 -2.31 -2.24 -1.77 -1.47 -1.13 -1.03 -0.98 -0.83 -0.35 0.80 1.46 1.61 1.46 0.04 0.43 0.72 1.89 2.62 2.97 2.93 4.50 4.92 4.92 2.00 1.68 1.30 0.70 0.67 0.31 1.64 3.31 3.77 2.67 1.95 3.21 3.83 2.62 1.95 1.66 1.16 0.67 0.00 0.00 0.00 0.00 0.00 0.00 0.00 0.00 0.00 0.00 0.00 0.00 0.00 0.00 0.00
4.34 4.32 4.29 4.24 4.17 4.06 4.00 3.97 3.51 -2.93 -2.95 -2.90 -2.86 -2.82 -2.76 -2.72 -2.68 -2.65 -2.61 -2.57 -2.52 -2.44 -2.43 -2.42 -2.41 -2.37 -2.29 -2.20 -1.88 -1.38 -1.06 -1.06 -0.93 -0.74 -0.33 -0.25 1.53 1.68 1.62 0.15 0.70 0.97 2.20 2.63 2.93 2.92 4.93 4.93 4.10 2.00 1.65 1.62 1.40 0.81 0.76 1.69 2.53 3.19 2.60 2.48 3.25 3.85 2.61 1.82 1.66 1.21 0.75 0.00 0.00 0.00 0.00 0.00 0.00 0.00 0.00 0.00 0.00 0.00 0.00 0.00 0.00 0.00
4.24 4.21 4.18 4.13 4.07 4.00 3.94 3.90 3.43 -2.91 -2.92 -2.87 -2.84 -2.80 -2.76 -2.71 -2.68 -2.65 -2.61 -2.56 -2.52 -2.48 -2.44 -2.44 -2.43 -2.38 -2.23 -2.14 -1.85 -1.26 -1.03 -1.06 -0.88 -0.62 -0.18 1.14 1.60 1.64 0.05 0.12 0.44 1.34 2.96 2.83 2.87 2.83 4.94 4.94 2.93 1.93 1.65 1.62 1.54 0.83 1.11 1.75 1.77 1.87 1.85 2.02 2.34 3.87 2.67 1.78 0.91 0.14 0.00 0.00 0.00 0.00 0.00 0.00 0.00 0.00 0.00 0.00 0.00 0.00 0.00 0.00 0.00 0.00
4.17 4.14 4.11 4.06 4.00 3.94 3.88 3.84 -0.54 -2.90 -2.88 -2.83 -2.79 -2.76 -2.73 -2.69 -2.66 -2.64 -2.61 -2.56 -2.52 -2.46 -2.45 -2.46 -2.45 -2.39 -2.25 -2.06 -1.78 -1.19 -1.10 -1.07 -0.81 -0.55 -0.35 0.92 1.58 1.60 0.03 0.09 0.62 2.37 3.04 2.78 2.83 2.82 4.95 2.35 2.00 1.87 1.68 1.64 1.34 0.80 1.40 1.75 1.76 1.76 1.74 2.01 2.68 3.88 2.29 1.56 0.00 0.00 0.00 0.00 0.00 0.00 0.00 0.00 0.00 0.00 0.00 0.00 0.00 0.00 0.00 0.00 0.00 0.00
4.12 4.07 4.04 4.00 3.93 3.88 3.83 3.78 -1.01 -2.90 -2.87 -2.81 -2.75 -2.71 -2.68 -2.64 -2.63 -2.62 -2.59 -2.56 -2.52 -2.47 -2.46 -2.47 -2.48 -2.41 -2.25 -2.12 -1.71 -1.22 -1.16 -1.08 -0.58 -0.33 -0.27 1.05 1.42 0.44 0.01 0.38 1.62 2.54 2.86 2.96 2.81 2.79 4.95 2.17 1.95 1.79 1.65 1.66 1.17 0.94 1.59 1.87 1.83 1.69 1.63 2.61 3.92 3.20 1.86 0.40 0.00 0.00 0.00 0.00 0.00 0.00 0.00 0.00 0.00 0.00 0.00 0.00 0.00 0.00 0.00 0.00 0.00 0.00
4.06 4.02 3.98 3.94 3.87 3.82 3.78 3.73 -1.45 -2.91 -2.87 -2.80 -2.73 -2.68 -2.63 -2.58 -2.54 -2.54 -2.54 -2.53 -2.51 -2.47 -2.44 -2.45 -2.50 -2.43 -2.26 -2.22 -1.68 -1.36 -1.20 -1.14 -0.44 -0.30 -0.23 1.15 1.37 0.05 0.03 0.36 1.65 2.71 2.74 2.87 3.55 3.53 4.96 4.04 1.82 1.76 1.64 1.57 1.04 1.04 1.60 1.94 1.82 1.64 1.78 3.95 2.69 1.94 0.34 0.00 0.00 0.00 0.00 0.00 0.00 0.00 0.00 0.00 0.00 0.00 0.00 0.00 0.00 0.00 0.00 0.00 0.00 0.00
4.01 3.97 3.93 3.89 3.83 3.77 3.73 3.68 -1.84 -2.91 -2.86 -2.79 -2.71 -2.66 -2.61 -2.54 -2.51 -2.49 -2.49 -2.49 -2.48 -2.47 -2.42 -2.42 -2.48 -2.47 -2.34 -2.22 -1.68 -1.43 -1.35 -0.86 -0.34 -0.25 -0.02 1.18 1.34 0.06 0.00 0.37 1.74 2.71 2.57 2.81 3.13 2.96 4.96 1.90 1.77 1.74 1.61 1.24 0.88 0.92 1.54 1.80 1.76 1.87 2.34 4.01 2.37 1.69 0.00 0.00 0.00 0.00 0.00 0.00 0.00 0.00 0.00 0.00 0.00 0.00 0.00 0.00 0.00 0.00 0.00 0.00 0.00 0.00
3.96 3.92 3.90 3.84 3.78 3.71 3.68 3.62 -2.31 -2.91 -2.84 -2.77 -2.70 -2.65 -2.60 -2.55 -2.49 -2.47 -2.44 -2.43 -2.44 -2.43 -2.40 -2.40 -2.43 -2.47 -2.41 -2.24 -1.69 -1.45 -1.41 -0.47 -0.29 -0.21 0.15 1.23 1.27 0.17 0.00 0.75 2.43 2.91 2.80 2.88 2.82 2.89 4.96 4.12 1.75 1.73 1.55 0.79 0.67 0.87 1.60 1.78 1.78 2.03 2.23 3.65 2.40 1.55 0.00 0.00 0.00 0.00 0.00 0.00 0.00 0.00 0.00 0.00 0.00 0.00 0.00 0.00 0.00 0.00 0.00 0.00 0.00 0.00
3.90 3.86 3.84 3.81 3.74 3.68 3.66 3.58 -2.51 -2.89 -2.83 -2.76 -2.69 -2.63 -2.59 -2.54 -2.48 -2.46 -2.43 -2.40 -2.38 -2.39 -2.38 -2.38 -2.41 -2.43 -2.43 -2.40 -1.68 -1.47 -1.11 -0.40 -0.25 -0.17 1.06 1.24 0.27 0.30 0.61 1.48 2.55 2.84 2.87 2.93 2.89 2.98 4.95 1.93 1.78 1.82 1.35 1.21 1.28 1.09 1.64 1.88 1.86 2.12 2.20 3.76 4.07 1.10 0.00 0.00 0.00 0.00 0.00 0.00 0.00 0.00 0.00 0.00 0.00 0.00 0.00 0.00 0.00 0.00 0.00 0.00 0.00 0.00
3.86 3.84 3.81 3.77 3.71 3.66 3.65 3.30 -2.65 -2.88 -2.82 -2.75 -2.68 -2.62 -2.58 -2.53 -2.47 -2.44 -2.42 -2.39 -2.33 -2.33 -2.35 -2.36 -2.39 -2.40 -2.44 -2.37 -1.66 -1.51 -0.98 -0.30 -0.16 0.46 1.09 1.14 0.06 0.51 1.01 1.59 2.09 2.48 2.49 2.37 2.64 3.51 4.95 1.97 1.89 1.85 1.35 1.61 1.24 1.17 1.75 1.97 1.81 1.94 2.09 3.23 4.13 0.00 0.00 0.00 0.00 0.00 0.00 0.00 0.00 0.00 0.00 0.00 0.00 0.00 0.00 0.00 0.00 0.00 0.00 0.00 0.00 0.00
3.83 3.81 3.78 3.75 3.69 3.65 3.65 3.25 -2.74 -2.87 -2.80 -2.73 -2.66 -2.61 -2.56 -2.51 -2.45 -2.42 -2.40 -2.37 -2.31 -2.28 -2.27 -2.33 -2.38 -2.34 -2.48 -2.21 -1.63 -1.49 -1.37 -0.23 -0.15 0.60 1.07 0.89 0.06 0.75 1.71 1.46 1.55 1.77 1.80 1.99 2.78 4.32 4.43 2.00 1.93 1.74 1.35 1.49 1.23 1.29 1.77 2.12 1.92 1.95 2.23 4.16 2.04 0.00 0.00 0.00 0.00 0.00 0.00 0.00 0.00 0.00 0.00 0.00 0.00 0.00 0.00 0.00 0.00 0.00 0.00 0.00 0.00 0.00
3.81 3.79 3.77 3.73 3.68 3.64 3.64 3.11 -2.05 -2.85 -2.79 -2.72 -2.65 -2.59 -2.54 -2.48 -2.41 -2.38 -2.36 -2.33 -2.32 -2.27 -2.24 -2.28 -2.35 -2.33 -2.55 -2.14 -1.56 -1.48 -1.37 -0.25 -0.18 -0.07 1.03 0.16 0.59 0.81 1.79 1.14 0.87 1.00 1.56 2.45 3.16 4.95 4.95 1.87 1.93 1.69 1.42 1.45 1.29 1.57 1.81 1.90 2.07 2.30 2.52 3.18 0.83 0.00 0.00 0.00 0.00 0.00 0.00 0.00 0.00 0.00 0.00 0.00 0.00 0.00 0.00 0.00 0.00 0.00 0.00 0.00 0.00 0.00
3.79 3.78 3.76 3.72 3.67 3.63 3.38 2.65 -2.50 -2.84 -2.77 -2.69 -2.63 -2.58 -2.52 -2.46 -2.41 -2.35 -2.32 -2.30 -2.26 -2.25 -2.23 -2.25 -2.28 -2.29 -2.70 -1.93 -1.50 -1.41 -1.50 -0.29 -0.20 0.02 0.98 0.34 0.56 0.60 1.83 0.99 0.82 1.01 1.85 2.64 3.44 4.94 4.10 1.72 1.87 1.63 1.56 1.46 1.22 1.67 1.89 2.04 2.52 3.05 3.47 4.19 0.00 0.00 0.00 0.00 0.00 0.00 0.00 0.00 0.00 0.00 0.00 0.00 0.00 0.00 0.00 0.00 0.00 0.00 0.00 0.00 0.00 0.00
3.78 3.77 3.74 3.69 3.64 3.59 3.58 2.04 -2.66 -2.83 -2.76 -2.69 -2.62 -2.57 -2.51 -2.45 -2.39 -2.33 -2.30 -2.24 -2.22 -2.20 -2.20 -2.23 -2.23 -2.25 -2.76 -1.79 -1.45 -1.39 -1.38 -0.30 -0.23 0.75 0.88 0.31 0.37 0.63 1.60 0.82 1.06 1.74 2.46 2.75 4.45 4.94 3.84 1.77 1.93 1.61 1.33 1.35 1.33 1.81 2.05 2.17 2.70 3.99 4.18 3.01 0.00 0.00 0.00 0.00 0.00 0.00 0.00 0.00 0.00 0.00 0.00 0.00 0.00 0.00 0.00 0.00 0.00 0.00 0.00 0.00 0.00 0.00
3.76 3.74 3.72 3.67 3.62 3.58 3.30 1.24 -2.75 -2.81 -2.74 -2.67 -2.61 -2.56 -2.50 -2.44 -2.38 -2.32 -2.28 -2.25 -2.18 -2.16 -2.15 -2.17 -2.19 -2.21 -2.64 -1.69 -1.45 -1.39 -1.09 -0.28 -0.26 0.77 0.04 0.32 0.40 1.13 1.45 0.79 1.12 1.91 2.57 2.84 4.93 4.93 2.94 1.84 1.98 1.36 1.00 1.21 1.47 1.90 2.20 2.88 3.96 4.13 4.17 3.98 0.00 0.00 0.00 0.00 0.00 0.00 0.00 0.00 0.00 0.00 0.00 0.00 0.00 0.00 0.00 0.00 0.00 0.00 0.00 0.00 0.00 0.00
3.74 3.71 3.70 3.64 3.60 3.56 3.23 0.36 -2.79 -2.79 -2.72 -2.66 -2.60 -2.55 -2.49 -2.43 -2.37 -2.30 -2.26 -2.23 -2.15 -2.12 -2.10 -2.10 -2.09 -2.22 -2.18 -1.70 -1.49 -1.40 -0.74 -0.32 0.30 0.82 0.05 0.28 0.31 1.24 1.22 0.81 1.17 2.18 2.75 3.44 4.93 4.93 1.89 1.85 1.86 1.03 1.11 1.11 1.31 2.12 3.21 4.00 4.24 4.25 4.25 2.79 0.87 0.00 0.00 0.00 0.00 0.00 0.00 0.00 0.00 0.00 0.00 0.00 0.00 0.00 0.00 0.00 0.00 0.00 0.00 0.00 0.00 0.00
3.71 3.69 3.68 3.63 3.58 3.55 3.42 -0.49 -2.80 -2.78 -2.68 -2.64 -2.59 -2.54 -2.48 -2.41 -2.36 -2.28 -2.23 -2.15 -2.11 -2.07 -2.05 -2.02 -2.02 -2.15 -2.12 -1.71 -1.49 -1.50 -0.61 -0.31 0.44 0.67 0.05 0.31 0.37 1.29 1.04 0.89 1.72 2.53 2.97 4.14 4.93 4.92 1.83 1.82 1.73 0.90 1.01 1.17 1.69 2.77 4.01 4.19 4.24 4.24 3.21 2.27 1.88 0.00 0.00 0.00 0.00 0.00 0.00 0.00 0.00 0.00 0.00 0.00 0.00 0.00 0.00 0.00 0.00 0.00 0.00 0.00 0.00 0.00
3.69 3.68 3.66 3.62 3.56 3.53 3.01 -1.90 -2.79 -2.74 -2.64 -2.59 -2.54 -2.51 -2.45 -2.37 -2.33 -2.28 -2.22 -2.13 -2.08 -2.05 -2.02 -1.98 -1.97 -2.06 -2.03 -1.69 -1.48 -1.52 -0.59 -0.32 -0.18 0.63 0.07 0.47 0.64 1.22 1.09 1.12 2.47 2.91 3.20 4.08 4.93 4.93 1.74 1.75 1.50 0.65 0.97 1.66 2.32 4.08 4.25 4.25 4.25 3.89 2.65 2.00 1.94 0.74 0.00 0.00 0.00 0.00 0.00 0.00 0.00 0.00 0.00 0.00 0.00 0.00 0.00 0.00 0.00 0.00 0.00 0.00 0.00 0.00
3.67 3.66 3.64 3.60 3.51 3.46 2.81 -2.23 -2.79 -2.72 -2.62 -2.57 -2.52 -2.46 -2.40 -2.34 -2.32 -2.25 -2.18 -2.11 -2.06 -2.03 -2.00 -1.95 -1.93 -1.96 -1.99 -1.65 -1.46 -1.49 -0.62 -0.36 -0.09 0.38 0.36 0.56 0.81 1.41 1.07 2.01 2.91 3.10 3.33 4.57 4.93 2.68 1.98 1.94 1.47 0.80 1.23 2.06 3.09 4.19 4.14 4.17 4.18 3.89 3.75 2.00 1.87 1.96 1.77 0.00 0.00 0.00 0.00 0.00 0.00 0.00 0.00 0.00 0.00 0.00 0.00 0.00 0.00 0.00 0.00 0.00 0.00 0.00
3.66 3.64 3.62 3.57 3.46 3.41 2.49 -2.45 -2.79 -2.71 -2.60 -2.55 -2.49 -2.43 -2.37 -2.32 -2.27 -2.22 -2.12 -2.08 -2.03 -2.01 -1.97 -1.93 -1.89 -1.84 -2.03 -1.60 -1.43 -1.48 -0.66 -0.43 -0.05 0.37 0.46 0.53 1.22 1.31 1.25 2.46 2.72 2.80 3.32 4.57 4.92 3.05 2.02 1.81 1.23 1.22 1.59 2.42 3.73 4.03 3.99 4.28 4.22 4.01 2.41 2.12 1.94 1.83 1.29 0.00 0.00 0.00 0.00 0.00 0.00 0.00 0.00 0.00 0.00 0.00 0.00 0.00 0.00 0.00 0.00 0.00 0.00 0.00
3.64 3.62 3.60 3.54 3.42 3.37 1.97 -2.59 -2.78 -2.69 -2.62 -2.52 -2.46 -2.39 -2.33 -2.28 -2.24 -2.20 -2.14 -2.07 -2.01 -1.98 -1.92 -1.88 -1.84 -1.78 -1.91 -1.47 -1.27 -1.30 -0.96 -0.38 0.19 0.21 0.49 0.51 1.33 1.21 1.64 2.60 2.66 2.83 2.78 3.52 4.92 4.05 1.87 1.71 1.47 1.51 1.98 2.54 4.01 4.08 4.32 4.29 3.81 3.52 2.64 1.61 1.52 0.00 0.00 0.00 0.00 0.00 0.00 0.00 0.00 0.00 0.00 0.00 0.00 0.00 0.00 0.00 0.00 0.00 0.00 0.00 0.00 0.00
3.62 3.60 3.57 3.51 3.39 3.34 1.28 -2.67 -2.77 -2.67 -2.60 -2.50 -2.43 -2.36 -2.30 -2.24 -2.19 -2.15 -2.08 -2.04 -1.99 -1.95 -1.89 -1.86 -1.83 -1.74 -1.90 -1.44 -1.19 -1.21 -1.01 -0.27 0.07 0.26 0.51 0.53 1.15 1.35 1.99 2.80 2.75 3.32 2.84 4.45 4.92 4.46 1.88 1.69 1.51 1.94 2.18 2.54 3.92 4.16 4.33 3.85 2.07 0.77 0.00 0.00 0.00 0.00 0.00 0.00 0.00 0.00 0.00 0.00 0.00 0.00 0.00 0.00 0.00 0.00 0.00 0.00 0.00 0.00 0.00 0.00 0.00 0.00
3.60 3.58 3.54 3.48 3.38 3.32 0.44 -2.71 -2.74 -2.64 -2.57 -2.46 -2.39 -2.32 -2.25 -2.20 -2.15 -2.12 -2.10 -2.02 -1.97 -1.93 -1.87 -1.85 -1.83 -1.75 -1.92 -1.41 -1.14 -1.05 -0.91 0.04 0.25 0.39 0.49 0.68 0.68 1.39 2.26 2.90 3.29 3.84 3.80 4.53 4.92 4.55 1.75 1.57 1.94 2.25 2.57 3.67 4.19 4.34 3.68 1.46 0.00 0.00 0.00 0.00 0.00 0.00 0.00 0.00 0.00 0.00 0.00 0.00 0.00 0.00 0.00 0.00 0.00 0.00 0.00 0.00 0.00 0.00 0.00 0.00 0.00 0.00
3.58 3.56 3.52 3.45 3.38 3.16 -0.94 -2.73 -2.69 -2.61 -2.54 -2.44 -2.37 -2.29 -2.23 -2.17 -2.13 -2.10 -2.03 -2.00 -1.95 -1.90 -1.84 -1.83 -1.82 -1.78 -1.83 -1.31 -1.13 -0.95 -0.80 0.37 0.27 0.46 0.41 0.54 0.63 2.12 2.69 2.97 2.81 3.80 3.57 3.67 4.93 3.71 1.75 2.30 2.71 2.94 3.95 4.27 4.37 4.47 2.86 0.37 0.00 0.00 0.00 0.00 0.00 0.00 0.00 0.00 0.00 0.00 0.00 0.00 0.00 0.00 0.00 0.00 0.00 0.00 0.00 0.00 0.00 0.00 0.00 0.00 0.00 0.00
3.55 3.53 3.50 3.44 3.26 3.13 -1.70 -2.74 -2.65 -2.58 -2.52 -2.42 -2.35 -2.27 -2.21 -2.15 -2.10 -2.08 -2.00 -1.97 -1.93 -1.88 -1.82 -1.84 -1.85 -1.93 -1.53 -1.18 -1.08 -0.84 -0.65 0.73 0.00 0.51 0.67 0.63 1.11 2.46 2.76 2.73 2.80 2.76 2.81 3.15 2.40 1.89 2.19 2.57 3.12 3.41 4.12 4.28 4.34 4.33 2.30 0.00 0.00 0.00 0.00 0.00 0.00 0.00 0.00 0.00 0.00 0.00 0.00 0.00 0.00 0.00 0.00 0.00 0.00 0.00 0.00 0.00 0.00 0.00 0.00 0.00 0.00 0.00
3.53 3.52 3.49 3.43 3.38 2.95 -2.25 -2.75 -2.63 -2.56 -2.51 -2.44 -2.33 -2.26 -2.20 -2.13 -2.08 -2.06 -1.98 -1.95 -1.91 -1.86 -1.81 -1.83 -1.89 -2.10 -1.28 -1.04 -0.96 -0.70 -0.53 1.13 0.06 0.48 0.73 0.73 1.50 2.51 2.72 2.72 2.66 2.73 2.75 3.50 1.82 2.46 2.47 2.47 2.70 3.13 3.95 4.35 4.38 4.26 2.91 0.00 0.00 0.00 0.00 0.00 0.00 0.00 0.00 0.00 0.00 0.00 0.00 0.00 0.00 0.00 0.00 0.00 0.00 0.00 0.00 0.00 0.00 0.00 0.00 0.00 0.00 0.00
3.52 3.51 3.48 3.42 3.24 2.50 -2.58 -2.76 -2.61 -2.55 -2.50 -2.44 -2.32 -2.25 -2.19 -2.12 -2.07 -2.03 -1.98 -1.92 -1.88 -1.84 -1.80 -1.84 -2.06 -1.75 -1.11 -0.99 -0.88 -0.62 0.50 1.24 0.05 0.31 0.67 0.88 1.83 2.45 2.65 2.64 2.64 2.66 2.82 3.68 2.06 2.47 2.49 2.43 2.66 2.86 2.93 3.66 4.39 4.25 3.31 0.00 0.00 0.00 0.00 0.00 0.00 0.00 0.00 0.00 0.00 0.00 0.00 0.00 0.00 0.00 0.00 0.00 0.00 0.00 0.00 0.00 0.00 0.00 0.00 0.00 0.00 0.00
3.50 3.50 3.46 3.40 3.36 1.64 -2.76 -2.76 -2.61 -2.55 -2.50 -2.43 -2.32 -2.25 -2.19 -2.12 -2.06 -2.02 -1.97 -1.90 -1.87 -1.82 -1.80 -1.86 -2.16 -1.51 -1.04 -0.94 -0.81 -0.58 0.71 1.31 0.05 0.09 0.48 1.12 1.78 2.21 2.52 2.56 2.54 2.70 3.08 3.17 2.20 2.45 2.47 2.45 2.59 2.84 2.80 2.99 4.36 4.20 3.26 0.00 0.00 0.00 0.00 0.00 0.00 0.00 0.00 0.00 0.00 0.00 0.00 0.00 0.00 0.00 0.00 0.00 0.00 0.00 0.00 0.00 0.00 0.00 0.00 0.00 0.00 0.00
3.48 3.47 3.44 3.37 3.22 0.52 -2.85 -2.78 -2.63 -2.56 -2.51 -2.44 -2.32 -2.25 -2.19 -2.12 -2.05 -2.03 -1.97 -1.89 -1.86 -1.82 -1.80 -1.93 -2.13 -1.38 -1.07 -0.89 -0.78 -0.49 0.86 1.28 0.04 0.04 0.49 1.08 1.73 1.81 2.30 2.44 2.51 2.74 3.36 1.68 2.19 2.40 2.50 2.51 2.50 2.65 2.80 3.01 4.42 4.59 3.64 1.86 0.00 0.24 0.00 0.00 0.00 0.00 0.00 0.00 0.00 0.00 0.00 0.00 0.00 0.00 0.00 0.00 0.00 0.00 0.00 0.00 0.00 0.00 0.00 0.00 0.00 0.00
3.45 3.42 3.39 3.32 3.17 -1.15 -2.91 -2.79 -2.66 -2.58 -2.52 -2.45 -2.32 -2.25 -2.19 -2.13 -2.07 -2.03 -1.97 -1.88 -1.85 -1.83 -1.81 -2.01 -1.89 -1.27 -1.00 -0.84 -0.78 -0.36 0.17 0.85 0.05 0.27 0.71 1.13 1.73 1.69 1.96 2.27 2.41 2.95 3.67 1.50 2.01 2.28 2.40 2.49 3.39 3.58 3.56 3.91 4.67 4.52 3.91 3.63 2.78 2.67 2.13 0.36 0.00 0.00 0.00 0.00 0.00 0.00 0.00 0.00 0.00 0.00 0.00 0.00 0.00 0.00 0.00 0.00 0.00 0.00 0.00 0.00 0.00 0.00
