tsunami_inundation/2970.asc
ncols        89
nrows        96
xllcorner    425855.973699999973
yllcorner    5091051.504999999888
cellsize     55.000000000000
NODATA_value  -9999.00
[rows 0 to 35 of 96, columns 0 to 81 of 89]
-9999.00 4.49 4.47 4.47 4.38 4.41 4.34 4.30 4.28 4.24 4.11 3.65 3.05 2.74 0.65 -2.12 -2.21 -2.14 -2.11 -2.07 -2.02 -1.93 -1.88 -1.85 -1.81 -1.77 -1.73 -1.70 -1.64 -1.62 -1.67 -1.77 -1.90 -1.69 -1.26 -0.90 -0.72 -0.56 -0.38 0.12 0.92 0.08 0.02 0.51 0.45 0.01 0.02 0.03 0.52 2.68 4.47 4.78 4.80 4.82 4.85 4.87 4.94 4.96 4.97 3.08 3.78 3.91 3.52 2.97 1.36 0.00 0.16 1.42 2.27 2.45 1.80 1.50 0.69 0.19 0.00 0.00 0.00 0.00 0.00 0.00 0.00 0.00
-9999.00 4.41 4.40 4.37 4.36 4.35 4.31 4.29 4.27 4.24 4.11 3.65 3.05 2.75 0.57 -2.12 -2.16 -2.14 -2.11 -2.07 -2.02 -1.93 -1.88 -1.84 -1.81 -1.78 -1.74 -1.71 -1.66 -1.67 -1.72 -1.83 -1.95 -1.59 -1.17 -0.83 -0.65 -0.51 -0.36 -0.01 0.91 0.07 0.02 0.18 0.47 0.35 0.03 0.70 2.97 4.41 4.75 4.75 4.77 4.78 4.80 4.83 4.89 4.92 4.94 3.13 3.78 3.96 3.80 2.97 1.05 0.03 0.16 1.75 2.46 2.57 2.01 1.06 0.73 0.14 0.00 0.00 0.00 0.00 0.00 0.00 0.00 0.00
-9999.00 4.37 4.36 4.35 4.35 4.34 4.33 4.29 4.27 4.23 4.10 3.66 3.06 2.78 0.47 -2.20 -2.16 -2.13 -2.10 -2.06 -2.02 -1.92 -1.87 -1.84 -1.82 -1.78 -1.75 -1.72 -1.71 -1.71 -1.76 -1.90 -1.95 -1.45 -1.06 -0.83 -0.57 -0.44 -0.34 -0.11 0.68 0.00 0.00 0.04 0.24 0.41 1.01 2.65 4.23 4.75 4.72 4.71 4.72 4.73 4.76 4.82 4.85 4.89 4.71 3.44 3.66 4.05 3.92 2.86 1.93 0.02 0.39 1.84 2.26 2.71 2.32 0.91 0.70 0.55 0.00 0.00 0.00 0.00 0.00 0.00 0.00 0.00
-9999.00 4.35 4.35 4.34 4.34 4.34 4.33 4.29 4.26 4.23 4.11 3.67 3.07 2.80 0.34 -2.12 -2.16 -2.13 -2.10 -2.06 -2.01 -1.92 -1.87 -1.84 -1.82 -1.80 -1.78 -1.77 -1.76 -1.76 -1.81 -1.99 -1.91 -1.36 -1.00 -0.79 -0.53 -0.40 -0.31 -0.15 0.35 0.20 0.01 0.03 0.05 0.02 1.19 3.57 4.63 4.72 4.66 4.64 4.65 4.67 4.70 4.78 4.81 4.86 4.77 3.86 3.72 4.02 3.82 2.70 1.78 0.92 1.47 2.25 2.63 2.88 2.52 1.29 1.06 0.85 0.00 0.00 0.00 0.00 0.00 0.00 0.00 0.00
-9999.00 4.33 4.34 4.34 4.35 4.35 4.34 4.28 4.26 4.22 4.11 3.68 3.07 2.84 2.28 -2.18 -2.14 -2.11 -2.08 -2.05 -2.01 -1.93 -1.88 -1.85 -1.84 -1.82 -1.82 -1.82 -1.82 -1.79 -1.85 -2.03 -1.84 -1.29 -0.95 -0.76 -0.49 -0.37 -0.28 -0.17 0.32 0.46 0.02 0.03 0.06 0.00 2.43 4.09 4.70 4.66 4.59 4.57 4.57 4.59 4.69 4.73 4.77 4.81 4.84 4.33 3.88 4.32 3.61 2.51 1.44 0.98 1.52 2.05 2.62 2.99 2.65 1.37 1.34 0.30 0.00 0.00 0.00 0.00 0.00 0.00 0.00 0.00
-9999.00 4.32 4.33 4.34 4.35 4.35 4.34 4.28 4.26 4.23 4.12 3.70 3.09 2.87 2.16 -2.17 -2.13 -2.11 -2.08 -2.05 -2.01 -1.96 -1.89 -1.86 -1.89 -1.91 -1.92 -1.87 -1.81 -1.81 -1.87 -2.05 -1.78 -1.23 -0.92 -0.73 -0.45 -0.33 -0.25 -0.15 0.26 0.38 0.02 0.03 0.06 0.00 2.81 4.42 4.65 4.60 4.51 4.44 4.45 4.49 4.61 4.66 4.71 4.76 4.78 4.79 4.78 4.69 4.27 3.30 1.27 0.89 1.69 2.20 2.75 3.12 2.76 1.44 1.39 0.00 0.00 0.00 0.00 0.00 0.00 0.00 0.00 0.00
-9999.00 4.32 4.33 4.34 4.35 4.35 4.33 4.30 4.27 4.23 4.12 3.70 3.09 2.90 2.00 -2.16 -2.12 -2.10 -2.08 -2.05 -2.01 -1.97 -1.92 -1.92 -1.93 -1.96 -1.97 -1.92 -1.85 -1.82 -1.89 -2.05 -1.74 -1.21 -0.90 -0.70 -0.42 -0.29 -0.21 -0.12 0.35 0.10 0.02 0.05 0.02 0.29 2.09 3.86 4.51 4.49 4.45 4.39 4.39 4.45 4.51 4.62 4.67 4.70 4.71 4.73 4.71 4.69 4.48 4.08 2.69 1.15 1.83 2.30 2.74 3.18 2.88 1.65 1.44 0.00 0.00 0.00 0.00 0.00 0.00 0.00 0.00 0.00
-9999.00 4.32 4.33 4.35 4.35 4.35 4.33 4.30 4.27 4.24 4.12 3.71 3.10 2.92 1.81 -2.14 -2.11 -2.09 -2.07 -2.05 -2.01 -1.98 -1.96 -1.96 -1.98 -2.00 -2.00 -1.99 -1.88 -1.83 -1.85 -1.97 -1.85 -1.31 -0.90 -0.67 -0.46 -0.24 -0.16 -0.05 0.71 1.09 0.03 0.01 0.02 0.72 2.14 3.67 4.40 4.41 4.41 4.38 4.41 4.45 4.55 4.59 4.63 4.67 3.38 3.70 4.67 4.66 4.62 4.58 4.52 3.39 1.93 2.41 2.79 3.23 3.06 2.22 2.10 0.00 0.00 0.00 0.00 0.00 0.00 0.00 0.00 0.00
-9999.00 4.31 4.33 4.35 4.35 4.35 4.33 4.30 4.28 4.24 4.11 3.71 3.10 2.95 1.58 -2.13 -2.10 -2.08 -2.07 -2.05 -2.02 -2.00 -2.00 -2.01 -2.04 -2.04 -2.04 -1.97 -1.91 -1.84 -1.85 -1.95 -1.93 -1.38 -0.92 -0.63 -0.37 -0.18 -0.08 0.03 0.66 0.03 0.09 0.00 0.24 1.20 2.55 3.77 4.33 4.38 4.42 4.43 4.44 4.47 4.51 4.58 4.61 4.63 2.39 2.24 3.23 4.65 4.65 4.61 4.56 4.57 2.27 2.43 2.65 3.24 3.31 2.86 2.60 0.00 0.00 0.00 0.00 0.00 0.00 0.00 0.00 0.00
-9999.00 4.28 4.33 4.35 4.35 4.35 4.33 4.30 4.27 4.24 4.11 3.72 3.11 2.96 1.32 -2.13 -2.09 -2.07 -2.07 -2.07 -2.07 -2.06 -2.07 -2.07 -2.07 -2.07 -2.06 -2.05 -1.94 -1.85 -1.85 -1.95 -2.01 -1.41 -0.90 -0.55 -0.33 -0.14 -0.01 0.11 0.87 0.56 0.08 0.14 0.87 1.92 3.40 4.18 4.31 4.37 4.42 4.47 4.47 4.49 4.54 4.57 4.60 3.25 1.88 2.28 2.68 3.18 2.89 2.95 4.44 4.58 2.56 2.30 2.82 3.30 3.16 2.76 2.49 0.00 0.00 0.00 0.00 0.00 0.00 0.00 0.00 0.00
-9999.00 4.26 4.33 4.34 4.35 4.35 4.33 4.30 4.27 4.24 4.12 3.74 3.12 2.98 0.85 -2.12 -2.08 -2.08 -2.09 -2.10 -2.11 -2.11 -2.11 -2.10 -2.09 -2.09 -2.08 -2.06 -1.97 -1.91 -1.88 -2.00 -2.06 -1.38 -0.84 -0.50 -0.29 -0.08 0.12 0.29 0.94 2.50 2.60 1.92 1.69 3.17 4.10 4.18 4.30 4.38 4.44 4.48 4.50 4.51 4.54 4.56 3.67 2.04 2.11 2.61 2.68 2.70 2.57 2.51 4.00 4.50 3.12 2.43 2.87 3.32 3.28 2.70 2.69 0.97 0.00 0.00 0.00 0.00 0.00 0.00 0.00 0.00
-9999.00 4.25 4.32 4.34 4.35 4.34 4.33 4.29 4.27 4.23 4.13 3.75 3.12 2.99 -2.08 -2.13 -2.09 -2.09 -2.11 -2.14 -2.15 -2.15 -2.14 -2.13 -2.12 -2.10 -2.09 -2.05 -2.00 -1.95 -1.95 -2.11 -2.03 -1.28 -0.75 -0.44 -0.24 -0.09 0.31 0.51 0.95 2.60 2.99 3.30 3.69 3.96 4.10 4.20 4.31 4.40 4.46 4.48 4.50 4.52 4.54 4.55 3.13 1.68 1.71 2.62 2.70 2.85 2.70 2.66 3.69 4.43 3.36 2.74 3.06 3.33 3.14 2.55 2.70 2.19 0.80 0.00 0.00 0.00 0.00 0.00 0.00 0.00
4.25 4.30 4.32 4.34 4.34 4.34 4.32 4.28 4.26 4.23 4.14 3.75 3.11 0.08 -2.11 -2.14 -2.12 -2.13 -2.15 -2.18 -2.18 -2.18 -2.17 -2.15 -2.13 -2.12 -2.11 -2.08 -2.03 -2.00 -2.04 -2.25 -1.84 -1.13 -0.66 -0.34 -0.18 0.10 0.63 0.87 1.89 2.61 3.03 3.36 3.76 3.97 4.08 4.18 4.28 4.37 4.43 4.46 4.48 4.51 4.51 4.48 2.21 1.56 1.80 2.51 2.59 2.59 2.52 2.50 3.30 4.36 2.46 2.53 2.85 3.31 3.15 2.37 2.39 2.04 2.10 0.93 0.00 0.00 0.00 0.00 0.00 0.00
4.24 4.29 4.32 4.33 4.34 4.34 4.32 4.28 4.26 4.23 4.15 3.75 3.12 3.03 -2.16 -2.19 -2.16 -2.17 -2.19 -2.21 -2.21 -2.20 -2.19 -2.17 -2.15 -2.14 -2.13 -2.10 -2.07 -2.06 -2.28 -2.40 -1.51 -0.91 -0.50 -0.27 -0.10 0.28 0.82 1.23 1.61 2.53 3.01 3.35 3.70 3.95 4.06 4.14 4.24 4.34 4.40 4.44 4.46 4.49 4.50 3.42 1.87 1.47 2.31 2.49 2.50 2.44 2.37 2.50 3.11 4.28 2.32 1.98 2.44 3.46 2.96 2.29 2.13 1.83 1.99 1.68 1.24 0.24 0.00 0.00 0.00 0.00
4.24 4.29 4.31 4.33 4.33 4.33 4.31 4.28 4.26 4.23 4.15 3.74 3.13 -0.81 -2.21 -2.23 -2.20 -2.21 -2.23 -2.24 -2.24 -2.22 -2.22 -2.20 -2.18 -2.16 -2.15 -2.13 -2.09 -2.09 -2.44 -2.29 -1.37 -0.79 -0.41 -0.20 0.03 0.47 1.00 1.37 1.66 2.24 2.90 3.34 3.61 3.88 4.02 4.11 4.19 4.31 4.38 4.42 4.47 4.48 4.48 2.74 1.50 1.60 2.32 2.35 2.32 2.32 2.62 2.28 2.88 4.09 2.14 2.15 2.41 3.36 2.65 2.04 1.91 1.68 1.65 1.29 0.71 0.02 0.00 0.00 0.00 0.00
4.24 4.27 4.30 4.32 4.33 4.33 4.31 4.28 4.26 4.23 4.16 3.73 3.16 -1.25 -2.26 -2.30 -2.27 -2.27 -2.27 -2.27 -2.27 -2.25 -2.23 -2.22 -2.20 -2.18 -2.17 -2.14 -2.11 -2.11 -2.24 -2.21 -1.28 -0.71 -0.33 -0.12 0.18 0.65 1.16 1.35 1.75 2.10 2.72 3.26 3.53 3.76 3.93 4.08 4.15 4.27 4.35 4.40 4.43 4.46 4.36 2.73 0.69 1.71 2.27 2.29 2.16 2.27 2.22 2.02 2.95 2.15 2.08 2.45 3.18 3.23 2.81 1.85 1.62 1.45 1.30 1.01 0.14 0.00 0.00 0.00 0.00 0.00
4.23 4.26 4.30 4.31 4.32 4.32 4.31 4.28 4.26 4.25 4.16 3.70 3.22 -1.82 -2.35 -2.34 -2.31 -2.30 -2.29 -2.29 -2.28 -2.27 -2.25 -2.24 -2.21 -2.19 -2.19 -2.16 -2.12 -2.12 -2.25 -2.20 -1.23 -0.64 -0.28 -0.04 0.34 0.82 1.18 1.50 1.85 2.17 2.63 3.13 3.44 3.62 3.73 3.96 4.09 4.21 4.30 4.36 4.41 4.45 3.82 2.64 0.87 2.10 2.46 2.39 2.55 2.33 2.30 2.11 3.23 2.04 1.92 2.19 3.11 3.13 3.16 1.74 1.56 1.00 1.05 0.51 0.00 0.00 0.00 0.00 0.00 0.00
4.22 4.25 4.28 4.30 4.31 4.31 4.30 4.28 4.26 4.25 4.16 3.67 3.27 2.44 -2.40 -2.38 -2.35 -2.33 -2.32 -2.31 -2.30 -2.29 -2.27 -2.25 -2.23 -2.21 -2.20 -2.18 -2.14 -2.12 -2.23 -2.21 -1.19 -0.60 -0.24 0.05 0.48 0.95 1.30 1.63 2.01 2.25 2.51 2.82 3.11 3.26 3.55 3.82 4.06 4.19 4.28 4.35 4.42 4.44 3.46 2.23 1.17 2.23 2.36 2.51 2.56 2.16 2.15 2.21 3.85 2.76 1.98 2.24 3.04 3.07 2.95 1.48 1.94 1.12 1.03 0.27 0.00 0.00 0.00 0.00 0.00 0.00
4.20 4.24 4.27 4.29 4.30 4.31 4.30 4.27 4.26 4.24 4.16 3.63 3.30 -2.25 -2.44 -2.41 -2.39 -2.35 -2.34 -2.32 -2.31 -2.30 -2.28 -2.27 -2.24 -2.22 -2.22 -2.20 -2.16 -2.13 -2.22 -2.20 -1.15 -0.50 -0.20 0.15 0.65 1.10 1.42 1.91 2.05 2.25 2.44 2.69 2.79 2.76 2.81 3.59 4.07 4.19 4.28 4.33 4.37 4.43 3.84 1.83 1.13 2.01 1.92 2.47 2.23 2.11 2.40 3.30 3.92 2.04 2.25 2.54 2.99 2.98 2.84 1.68 2.05 1.02 0.99 0.05 0.00 0.00 0.00 0.00 0.00 0.00
4.19 4.23 4.26 4.29 4.30 4.30 4.29 4.26 4.25 4.23 4.15 3.58 3.33 -2.37 -2.46 -2.43 -2.41 -2.37 -2.35 -2.34 -2.33 -2.32 -2.30 -2.28 -2.26 -2.23 -2.23 -2.22 -2.18 -2.14 -2.24 -2.14 -1.04 -0.39 -0.14 0.19 0.73 1.17 1.46 1.83 2.07 2.25 2.40 2.50 2.57 2.34 0.00 2.52 4.00 4.22 4.28 4.31 4.39 4.42 4.43 1.38 1.19 1.89 1.77 2.13 2.09 3.71 3.91 3.90 2.35 1.52 1.92 2.12 2.86 2.83 2.75 2.62 1.99 1.08 1.01 0.04 0.00 0.00 0.00 0.00 0.00 0.00
4.19 4.23 4.26 4.29 4.29 4.30 4.28 4.25 4.24 4.23 4.18 3.53 3.34 -2.43 -2.48 -2.45 -2.43 -2.38 -2.36 -2.35 -2.35 -2.33 -2.31 -2.29 -2.27 -2.24 -2.23 -2.22 -2.19 -2.16 -2.30 -2.68 -1.01 -0.24 -0.09 0.23 0.80 1.21 1.48 2.07 2.15 2.26 2.34 2.45 1.44 0.03 0.18 2.52 3.59 4.20 4.27 4.30 4.38 4.41 4.41 0.86 1.14 1.71 1.66 1.93 2.17 3.89 3.89 3.87 1.98 1.95 1.80 2.25 2.81 2.80 2.79 2.75 2.07 0.69 0.68 0.01 0.00 0.00 0.00 0.00 0.00 0.00
4.19 4.23 4.26 4.28 4.29 4.29 4.26 4.23 4.21 4.20 4.17 3.48 -1.74 -2.49 -2.50 -2.47 -2.44 -2.40 -2.37 -2.36 -2.35 -2.34 -2.32 -2.30 -2.27 -2.23 -2.22 -2.21 -2.19 -2.19 -2.37 -2.63 -0.96 -0.18 -0.10 0.31 0.95 1.21 1.69 2.09 2.18 2.26 2.36 2.45 0.41 0.25 0.08 2.20 2.81 3.14 3.64 4.35 4.38 4.41 3.64 0.01 0.30 1.03 1.43 2.00 2.10 3.56 3.86 3.87 2.60 1.84 1.70 2.06 2.76 2.77 2.78 2.72 2.04 0.67 0.59 0.00 0.00 0.00 0.00 0.00 0.00 0.00
4.19 4.23 4.26 4.28 4.28 4.28 4.25 4.22 4.21 4.19 4.16 3.41 2.77 -2.55 -2.51 -2.48 -2.45 -2.42 -2.38 -2.37 -2.36 -2.34 -2.32 -2.30 -2.28 -2.23 -2.22 -2.21 -2.20 -2.22 -2.42 -2.54 -0.92 -0.23 -0.17 0.47 1.04 1.29 1.62 2.04 2.13 2.27 2.26 2.23 0.01 0.03 0.57 2.30 2.29 2.19 2.66 4.36 4.39 4.41 2.79 0.00 0.07 0.28 1.26 1.95 2.01 3.65 3.85 3.86 2.32 1.95 1.83 1.54 2.72 2.73 2.73 2.57 2.23 0.89 0.89 0.00 0.00 0.00 0.00 0.00 0.00 0.00
4.19 4.23 4.25 4.27 4.28 4.28 4.25 4.22 4.20 4.18 4.14 3.40 -2.34 -2.57 -2.53 -2.50 -2.46 -2.42 -2.39 -2.37 -2.36 -2.34 -2.32 -2.30 -2.28 -2.23 -2.21 -2.20 -2.19 -2.22 -2.43 -2.47 -0.88 -0.33 -0.18 0.58 1.03 1.29 1.41 1.84 2.07 2.17 2.26 0.06 0.00 0.05 1.22 2.39 2.39 2.29 2.87 4.12 4.41 4.43 2.05 0.00 0.16 0.41 1.47 1.89 2.33 3.81 3.84 2.73 1.85 2.14 1.92 1.61 2.69 2.71 2.72 2.54 2.24 1.10 0.18 0.00 0.00 0.00 0.00 0.00 0.00 0.00
4.20 4.23 4.25 4.26 4.27 4.27 4.25 4.21 4.20 4.17 4.12 3.38 -2.48 -2.59 -2.54 -2.50 -2.46 -2.43 -2.40 -2.38 -2.37 -2.35 -2.34 -2.32 -2.31 -2.30 -2.20 -2.18 -2.18 -2.21 -2.38 -2.51 -0.86 -0.50 -0.07 0.73 0.95 1.19 1.45 1.77 2.01 2.14 2.32 0.06 0.06 0.98 2.16 2.37 2.37 2.34 3.03 4.43 4.43 4.44 1.25 0.10 0.17 0.87 1.77 1.95 3.05 3.80 3.08 1.85 1.69 2.02 1.64 1.69 2.67 2.66 2.37 2.53 1.31 0.95 0.00 0.00 0.00 0.00 0.00 0.00 0.00 0.00
4.20 4.23 4.25 4.26 4.27 4.27 4.24 4.21 4.19 4.16 4.09 3.46 -2.56 -2.60 -2.56 -2.51 -2.47 -2.43 -2.41 -2.40 -2.39 -2.37 -2.35 -2.35 -2.31 -2.24 -2.19 -2.16 -2.13 -2.13 -2.21 -2.53 -1.46 -0.68 0.03 0.71 0.94 1.09 1.20 1.75 1.96 2.11 2.08 0.04 0.51 1.68 2.24 2.47 2.47 2.33 3.04 4.45 4.45 4.45 0.63 0.24 0.32 1.40 1.79 2.02 3.19 3.78 3.05 1.85 1.68 1.98 1.34 1.75 2.67 2.60 2.17 2.35 1.30 0.98 0.00 0.00 0.00 0.00 0.00 0.00 0.00 0.00
4.21 4.24 4.25 4.26 4.27 4.27 4.24 4.21 4.18 4.15 4.04 3.44 -2.62 -2.62 -2.58 -2.53 -2.48 -2.44 -2.42 -2.41 -2.40 -2.38 -2.36 -2.35 -2.35 -2.24 -2.18 -2.14 -2.12 -2.11 -2.09 -2.03 -1.78 -1.04 0.10 0.63 0.87 0.99 1.17 1.73 1.92 2.05 1.69 0.01 0.92 2.11 2.18 2.47 2.48 2.40 3.24 4.47 4.46 3.22 0.17 0.18 0.37 1.40 1.59 1.75 3.66 3.74 3.15 1.76 1.64 1.67 1.40 2.01 2.67 2.58 2.39 2.33 1.50 0.76 0.00 0.00 0.00 0.00 0.00 0.00 0.00 0.00
4.21 4.24 4.26 4.27 4.27 4.26 4.23 4.20 4.17 4.14 3.93 -2.03 -2.65 -2.63 -2.59 -2.54 -2.49 -2.45 -2.43 -2.42 -2.41 -2.39 -2.37 -2.36 -2.32 -2.24 -2.18 -2.13 -2.10 -2.10 -2.07 -1.93 -1.90 -1.17 0.16 0.57 0.70 0.75 1.15 1.60 1.88 2.01 0.98 0.26 1.16 2.25 2.22 2.47 2.51 3.08 4.54 4.52 3.95 0.60 0.38 0.34 0.35 1.10 1.53 2.18 3.73 3.73 2.87 1.70 1.59 1.19 1.09 1.80 2.56 2.47 1.98 2.29 2.36 0.22 0.00 0.00 0.00 0.00 0.00 0.00 0.00 0.00
4.23 4.26 4.27 4.28 4.28 4.26 4.23 4.20 4.16 4.14 3.82 -2.38 -2.68 -2.64 -2.60 -2.55 -2.50 -2.46 -2.44 -2.43 -2.42 -2.40 -2.37 -2.36 -2.35 -2.27 -2.18 -2.12 -2.10 -2.09 -2.06 -1.92 -2.01 -1.00 0.16 0.47 0.58 0.59 1.36 1.59 1.84 1.44 0.20 0.53 2.08 2.33 2.24 2.45 2.56 3.48 4.59 4.56 2.02 0.37 0.39 0.31 0.41 1.12 1.58 2.74 3.71 3.71 2.55 1.40 1.81 1.29 1.41 2.09 1.87 1.32 1.19 2.28 1.87 0.00 0.00 0.00 0.00 0.00 0.00 0.00 0.00 0.00
4.25 4.27 4.29 4.29 4.29 4.27 4.22 4.19 4.16 4.15 3.71 -2.57 -2.69 -2.65 -2.61 -2.56 -2.51 -2.47 -2.45 -2.44 -2.42 -2.40 -2.38 -2.36 -2.35 -2.27 -2.18 -2.12 -2.09 -2.08 -2.08 -2.08 -1.72 -1.34 0.14 0.40 0.50 0.77 1.36 1.58 0.38 0.22 0.15 1.03 2.08 2.34 2.18 2.33 2.61 3.91 4.63 4.07 1.10 0.43 0.41 0.18 0.59 1.28 1.74 3.18 3.71 3.70 2.60 1.63 1.99 1.30 1.70 2.44 2.15 0.91 0.36 1.10 0.49 0.00 0.00 0.00 0.00 0.00 0.00 0.00 0.00 0.00
4.26 4.29 4.30 4.30 4.30 4.27 4.22 4.19 4.17 4.15 2.72 -2.28 -2.70 -2.66 -2.62 -2.57 -2.52 -2.48 -2.45 -2.44 -2.43 -2.40 -2.38 -2.36 -2.31 -2.27 -2.19 -2.13 -2.09 -2.09 -2.16 -2.07 -1.33 -1.25 0.04 0.33 0.42 0.86 1.34 1.52 0.00 0.29 0.23 1.29 2.02 2.34 2.21 2.36 3.28 4.70 4.65 1.54 1.00 0.43 0.45 0.24 0.82 1.32 1.79 3.33 3.70 3.70 2.86 2.08 1.29 1.34 2.00 2.75 1.15 0.00 0.00 0.00 0.00 0.00 0.00 0.00 0.00 0.00 0.00 0.00 0.00 0.00
4.28 4.30 4.31 4.31 4.31 4.27 4.22 4.19 4.17 4.13 1.76 -2.56 -2.71 -2.66 -2.62 -2.58 -2.53 -2.49 -2.46 -2.44 -2.43 -2.41 -2.39 -2.37 -2.31 -2.28 -2.19 -2.13 -2.10 -2.11 -2.27 -1.79 -1.21 -1.30 -0.00 0.25 0.37 0.96 1.34 1.48 0.04 0.33 0.19 1.09 2.09 2.40 2.29 2.39 3.52 4.72 2.50 1.44 1.08 0.66 0.47 0.73 1.05 1.46 1.67 3.63 3.69 3.60 2.81 2.00 1.49 1.56 1.91 2.70 0.00 0.00 0.00 0.00 0.00 0.00 0.00 0.00 0.00 0.00 0.00 0.00 0.00 0.00
4.29 4.31 4.32 4.32 4.32 4.28 4.22 4.19 4.18 4.07 -0.22 -2.72 -2.71 -2.67 -2.63 -2.58 -2.53 -2.49 -2.47 -2.45 -2.43 -2.42 -2.39 -2.34 -2.31 -2.28 -2.19 -2.12 -2.10 -2.13 -2.26 -1.74 -1.13 -1.18 -0.03 0.19 0.31 1.00 1.33 1.40 0.37 0.35 0.15 1.07 2.19 2.43 2.41 2.48 2.89 4.77 1.77 1.46 1.05 0.67 0.55 0.68 1.27 1.50 1.84 2.52 3.66 3.50 2.80 1.91 1.45 1.55 1.70 1.45 0.00 0.00 0.00 0.00 0.00 0.00 0.00 0.00 0.00 0.00 0.00 0.00 0.00 0.00
4.30 4.33 4.33 4.34 4.33 4.28 4.23 4.19 4.16 3.88 3.35 -2.77 -2.71 -2.67 -2.63 -2.58 -2.54 -2.50 -2.47 -2.46 -2.44 -2.42 -2.40 -2.34 -2.31 -2.28 -2.22 -2.12 -2.11 -2.18 -2.06 -1.79 -1.12 -1.04 -0.10 0.15 0.45 1.05 1.24 0.09 0.64 0.37 0.65 1.48 2.37 2.53 2.50 2.54 2.93 4.80 1.66 1.44 0.82 0.62 0.53 0.35 1.11 1.53 1.00 2.37 3.64 2.92 2.53 1.57 1.67 1.57 1.31 0.00 0.00 0.00 0.00 0.00 0.00 0.00 0.00 0.00 0.00 0.00 0.00 0.00 0.00 0.00
4.33 4.35 4.35 4.35 4.34 4.31 4.24 4.20 4.14 3.71 3.09 -2.80 -2.72 -2.67 -2.63 -2.59 -2.55 -2.51 -2.49 -2.47 -2.44 -2.43 -2.40 -2.34 -2.31 -2.27 -2.22 -2.13 -2.10 -2.17 -1.94 -1.80 -1.16 -0.96 -0.73 0.09 0.12 1.10 0.03 0.10 0.54 0.42 0.79 1.68 2.49 2.61 2.57 2.63 3.07 4.82 1.65 1.42 0.75 0.66 0.50 0.28 1.21 1.24 0.78 2.91 3.64 2.75 1.55 1.54 1.44 0.77 0.00 0.00 0.00 0.00 0.00 0.00 0.00 0.00 0.00 0.00 0.00 0.00 0.00 0.00 0.00 0.00
4.35 4.37 4.37 4.36 4.35 4.32 4.26 4.20 4.13 3.56 -2.48 -2.82 -2.75 -2.67 -2.63 -2.60 -2.56 -2.53 -2.50 -2.48 -2.45 -2.43 -2.41 -2.37 -2.30 -2.27 -2.24 -2.16 -2.05 -2.08 -2.04 -1.58 -1.19 -0.96 -0.88 0.05 0.09 1.15 1.03 0.12 0.25 0.53 0.88 2.13 2.64 2.75 2.69 2.78 3.47 4.84 1.66 1.47 0.73 0.67 0.52 0.52 0.90 0.67 1.03 3.18 3.63 2.37 1.40 1.83 2.40 0.00 0.00 0.00 0.00 0.00 0.00 0.00 0.00 0.00 0.00 0.00 0.00 0.00 0.00 0.00 0.00 0.00
