tsunami_inundation/3000.asc
ncols        89
nrows        96
xllcorner    425855.973699999973
yllcorner    5091051.504999999888
cellsize     55.000000000000
NODATA_value  -9999.00
[rows 37 to 73 of 96, columns 0 to 81 of 89]
3.20 3.27 3.35 3.42 3.48 3.54 3.62 3.65 3.67 3.68 3.66 3.65 3.61 3.54 3.42 1.21 -3.20 -3.25 -3.22 -3.19 -3.17 -3.14 -3.09 -3.06 -3.03 -3.01 -2.99 -2.94 -2.70 -2.66 -2.22 -1.85 -1.59 -1.26 -1.00 -0.20 0.01 1.16 1.28 1.26 0.03 0.41 1.05 2.34 2.72 3.32 3.22 2.84 4.66 4.79 1.62 1.51 0.67 0.55 0.59 0.67 0.69 1.58 1.70 3.72 3.79 3.15 2.71 2.42 1.10 0.00 0.00 0.00 0.00 0.00 0.00 0.00 0.00 0.00 0.00 0.00 0.00 0.00 0.00 0.00 0.00 0.00
3.19 3.26 3.34 3.40 3.47 3.54 3.59 3.66 3.69 3.70 3.68 3.67 3.63 3.57 3.49 -0.34 -3.26 -3.26 -3.23 -3.20 -3.18 -3.15 -3.09 -3.06 -3.03 -3.02 -3.02 -3.10 -2.67 -2.41 -2.00 -1.83 -1.72 -1.28 -0.94 0.09 0.99 1.20 1.26 0.29 0.00 0.44 1.14 2.37 2.78 3.12 2.81 3.22 4.81 1.89 1.62 1.40 0.63 0.55 0.60 0.44 1.13 1.74 1.90 3.82 3.82 3.40 3.00 2.07 1.65 0.00 0.00 0.00 0.00 0.00 0.00 0.00 0.00 0.00 0.00 0.00 0.00 0.00 0.00 0.00 0.00 0.00
3.19 3.26 3.33 3.40 3.46 3.53 3.58 3.66 3.70 3.71 3.70 3.69 3.64 3.57 3.51 -1.65 -3.29 -3.27 -3.24 -3.21 -3.19 -3.16 -3.10 -3.07 -3.04 -3.03 -3.06 -3.21 -2.52 -2.14 -1.89 -1.77 -1.73 -1.28 -0.62 -0.34 1.07 1.27 1.36 0.04 0.00 0.50 1.53 2.41 2.66 2.98 2.84 4.21 4.79 1.87 1.64 1.38 0.65 0.60 0.63 0.38 1.27 1.72 2.25 3.84 3.84 3.44 1.73 2.06 2.74 0.00 0.00 0.00 0.00 0.00 0.00 0.00 0.00 0.00 0.00 0.00 0.00 0.00 0.00 0.00 0.00 0.00
3.19 3.26 3.33 3.40 3.46 3.52 3.58 3.64 3.68 3.69 3.69 3.69 3.64 3.63 3.25 -2.46 -3.31 -3.27 -3.25 -3.23 -3.20 -3.17 -3.11 -3.08 -3.05 -3.05 -3.11 -3.13 -2.40 -2.02 -1.80 -1.67 -1.66 -1.04 -0.47 0.48 1.16 1.31 1.41 0.04 0.08 0.43 1.91 2.49 2.72 2.98 3.03 4.83 4.82 1.84 1.68 1.44 0.67 0.62 0.56 0.46 1.73 2.14 3.27 3.85 3.85 3.34 2.24 1.79 2.22 1.38 0.00 0.00 0.00 0.00 0.00 0.00 0.00 0.00 0.00 0.00 0.00 0.00 0.00 0.00 0.00 0.00
3.19 3.26 3.33 3.40 3.46 3.52 3.57 3.63 3.66 3.67 3.68 3.68 3.63 3.58 2.81 -2.92 -3.33 -3.29 -3.26 -3.26 -3.21 -3.17 -3.15 -3.10 -3.10 -3.08 -3.09 -2.93 -2.30 -1.97 -1.67 -1.52 -1.49 -1.07 -0.50 -0.49 1.23 1.40 1.42 0.05 0.07 0.26 1.64 2.56 2.81 2.82 3.61 4.83 4.83 1.69 1.60 1.35 0.67 0.60 0.36 1.03 2.30 3.43 3.86 3.82 3.86 3.66 2.81 1.98 1.77 1.47 1.37 1.12 0.00 0.00 0.00 0.00 0.00 0.00 0.00 0.00 0.00 0.00 0.00 0.00 0.00 0.00
3.19 3.26 3.33 3.40 3.46 3.52 3.57 3.62 3.66 3.66 3.65 3.63 3.58 3.48 1.65 -3.25 -3.31 -3.30 -3.29 -3.26 -3.22 -3.20 -3.16 -3.16 -3.13 -3.08 -3.04 -2.85 -2.24 -1.90 -1.55 -1.46 -1.38 -1.08 -0.57 0.72 1.35 1.48 1.39 0.01 0.36 0.64 1.81 2.54 2.89 2.85 4.42 4.84 4.84 1.91 1.59 1.22 0.62 0.61 0.28 1.73 3.41 3.87 2.75 2.02 3.26 3.88 2.65 1.99 1.77 1.36 1.28 0.37 0.00 0.00 0.00 0.00 0.00 0.00 0.00 0.00 0.00 0.00 0.00 0.00 0.00 0.00
3.20 3.27 3.34 3.40 3.46 3.52 3.56 3.60 3.63 3.63 3.61 3.58 3.53 3.38 0.70 -3.25 -3.28 -3.28 -3.28 -3.26 -3.23 -3.20 -3.21 -3.21 -3.18 -3.11 -3.00 -2.80 -2.36 -1.79 -1.47 -1.49 -1.34 -0.93 -0.56 -0.35 1.44 1.57 1.56 0.09 0.62 0.89 2.12 2.55 2.84 2.84 4.85 4.84 4.02 1.91 1.57 1.54 1.33 0.74 0.81 1.76 2.62 3.27 2.67 2.55 3.30 3.88 2.65 1.87 1.79 1.43 1.18 0.00 0.00 0.00 0.00 0.00 0.00 0.00 0.00 0.00 0.00 0.00 0.00 0.00 0.00 0.00
3.21 3.28 3.35 3.41 3.46 3.52 3.57 3.60 3.63 3.61 3.58 3.52 3.44 3.28 2.90 -3.26 -3.26 -3.25 -3.25 -3.25 -3.23 -3.22 -3.22 -3.22 -3.20 -3.13 -2.92 -2.71 -2.29 -1.66 -1.46 -1.48 -1.22 -0.86 -0.25 1.05 1.51 1.55 0.00 0.05 0.35 1.26 2.88 2.75 2.78 2.74 4.85 4.85 2.85 1.84 1.57 1.54 1.46 0.76 1.17 1.80 1.83 1.94 1.91 2.07 2.38 3.90 2.70 1.83 1.04 0.33 0.00 0.00 0.00 0.00 0.00 0.00 0.00 0.00 0.00 0.00 0.00 0.00 0.00 0.00 0.00 0.00
3.21 3.28 3.35 3.41 3.47 3.52 3.57 3.61 3.61 3.58 3.54 3.44 3.35 3.18 2.51 -3.28 -3.26 -3.23 -3.22 -3.22 -3.22 -3.21 -3.22 -3.23 -3.23 -3.16 -2.92 -2.59 -2.21 -1.60 -1.53 -1.47 -1.03 -0.78 -0.56 0.84 1.49 1.52 0.03 0.03 0.52 2.28 2.96 2.69 2.74 2.73 4.86 2.26 1.92 1.78 1.60 1.56 1.27 0.74 1.46 1.79 1.80 1.80 1.77 2.04 2.71 3.91 2.32 1.59 0.00 0.00 0.00 0.00 0.00 0.00 0.00 0.00 0.00 0.00 0.00 0.00 0.00 0.00 0.00 0.00 0.00 0.00
3.19 3.29 3.36 3.42 3.48 3.53 3.58 3.61 3.59 3.54 3.48 3.36 3.25 3.09 1.99 -3.28 -3.26 -3.24 -3.22 -3.19 -3.18 -3.20 -3.20 -3.24 -3.29 -3.18 -2.89 -2.64 -2.12 -1.63 -1.58 -1.47 -0.77 -0.53 -0.49 0.96 1.32 0.34 0.00 0.25 1.51 2.45 2.77 2.87 2.73 2.70 4.87 2.08 1.87 1.71 1.57 1.59 1.10 0.90 1.63 1.91 1.87 1.72 1.65 2.62 3.93 3.21 1.87 0.41 0.00 0.00 0.00 0.00 0.00 0.00 0.00 0.00 0.00 0.00 0.00 0.00 0.00 0.00 0.00 0.00 0.00 0.00
3.19 3.30 3.37 3.43 3.48 3.53 3.58 3.60 3.55 3.48 3.40 3.28 3.17 3.01 1.39 -3.29 -3.25 -3.24 -3.22 -3.19 -3.16 -3.14 -3.18 -3.23 -3.32 -3.20 -2.90 -2.73 -2.07 -1.77 -1.62 -1.41 -0.63 -0.50 -0.32 1.05 1.24 0.04 0.00 0.23 1.54 2.61 2.65 2.78 3.46 3.44 4.87 3.95 1.73 1.67 1.56 1.49 0.97 1.01 1.64 1.98 1.86 1.67 1.79 3.96 2.68 1.93 0.33 0.00 0.00 0.00 0.00 0.00 0.00 0.00 0.00 0.00 0.00 0.00 0.00 0.00 0.00 0.00 0.00 0.00 0.00 0.00
3.19 3.30 3.37 3.43 3.49 3.53 3.57 3.59 3.49 3.37 3.28 3.17 3.05 2.90 0.39 -3.27 -3.24 -3.22 -3.21 -3.18 -3.16 -3.13 -3.14 -3.19 -3.29 -3.24 -2.99 -2.69 -2.08 -1.84 -1.77 -1.00 -0.52 -0.46 -0.08 1.08 1.21 0.00 0.00 0.27 1.64 2.62 2.48 2.72 3.04 2.87 4.87 1.82 1.68 1.66 1.53 1.16 0.82 0.92 1.61 1.84 1.79 1.89 2.36 4.02 2.36 1.68 0.00 0.00 0.00 0.00 0.00 0.00 0.00 0.00 0.00 0.00 0.00 0.00 0.00 0.00 0.00 0.00 0.00 0.00 0.00 0.00
3.20 3.31 3.37 3.43 3.48 3.52 3.53 3.53 3.38 3.30 3.21 3.10 2.96 2.83 -0.33 -3.22 -3.21 -3.20 -3.18 -3.17 -3.15 -3.11 -3.10 -3.14 -3.23 -3.24 -3.12 -2.66 -2.06 -1.87 -1.51 -0.64 -0.48 -0.42 0.10 1.14 1.17 0.12 0.00 0.65 2.33 2.81 2.70 2.78 2.73 2.81 4.87 4.04 1.66 1.65 1.47 0.72 0.61 0.90 1.67 1.83 1.81 2.06 2.25 3.66 2.41 1.55 0.00 0.00 0.00 0.00 0.00 0.00 0.00 0.00 0.00 0.00 0.00 0.00 0.00 0.00 0.00 0.00 0.00 0.00 0.00 0.00
3.21 3.31 3.37 3.42 3.47 3.49 3.50 3.48 3.31 3.23 3.14 3.03 2.89 2.77 -1.08 -3.23 -3.19 -3.17 -3.15 -3.14 -3.13 -3.11 -3.09 -3.09 -3.15 -3.19 -3.15 -2.75 -2.05 -1.88 -1.23 -0.58 -0.44 -0.38 0.98 1.15 0.22 0.24 0.53 1.38 2.45 2.74 2.78 2.84 2.81 2.90 4.87 1.84 1.70 1.74 1.27 1.14 1.24 1.14 1.70 1.93 1.89 2.15 2.23 3.77 4.08 1.12 0.00 0.00 0.00 0.00 0.00 0.00 0.00 0.00 0.00 0.00 0.00 0.00 0.00 0.00 0.00 0.00 0.00 0.00 0.00 0.00
3.21 3.27 3.36 3.40 3.44 3.45 3.45 3.38 3.26 3.18 3.09 2.99 2.83 2.73 -1.75 -3.23 -3.18 -3.15 -3.13 -3.12 -3.09 -3.09 -3.09 -3.07 -3.08 -3.12 -3.17 -2.68 -2.04 -1.91 -1.17 -0.48 -0.34 0.40 1.00 1.05 0.05 0.44 0.93 1.50 2.00 2.39 2.40 2.28 2.55 3.43 4.87 1.89 1.81 1.77 1.28 1.55 1.21 1.24 1.82 2.02 1.85 1.97 2.12 3.25 4.15 0.00 0.00 0.00 0.00 0.00 0.00 0.00 0.00 0.00 0.00 0.00 0.00 0.00 0.00 0.00 0.00 0.00 0.00 0.00 0.00 0.00
3.20 3.26 3.34 3.37 3.40 3.41 3.41 3.33 3.21 3.14 3.05 2.95 2.79 2.67 -2.29 -3.23 -3.16 -3.14 -3.12 -3.10 -3.06 -3.04 -3.04 -3.06 -3.08 -3.04 -3.21 -2.50 -2.00 -1.89 -1.55 -0.41 -0.34 0.53 0.98 0.78 0.00 0.68 1.63 1.37 1.46 1.68 1.72 1.91 2.70 4.24 4.34 1.92 1.85 1.67 1.28 1.43 1.21 1.38 1.84 2.18 1.97 2.00 2.28 4.19 2.08 0.00 0.00 0.00 0.00 0.00 0.00 0.00 0.00 0.00 0.00 0.00 0.00 0.00 0.00 0.00 0.00 0.00 0.00 0.00 0.00 0.00
3.18 3.23 3.30 3.33 3.36 3.37 3.36 3.29 3.21 3.11 3.02 2.93 2.77 2.53 -2.83 -3.22 -3.14 -3.12 -3.10 -3.08 -3.06 -3.01 -3.00 -3.03 -3.05 -3.02 -3.26 -2.41 -1.93 -1.84 -1.54 -0.43 -0.36 -0.15 0.94 0.12 0.55 0.74 1.71 1.07 0.78 0.91 1.48 2.37 3.08 4.87 4.87 1.79 1.85 1.62 1.35 1.40 1.30 1.68 1.91 1.98 2.14 2.37 2.58 3.24 0.89 0.00 0.00 0.00 0.00 0.00 0.00 0.00 0.00 0.00 0.00 0.00 0.00 0.00 0.00 0.00 0.00 0.00 0.00 0.00 0.00 0.00
3.16 3.21 3.27 3.29 3.32 3.32 3.29 3.23 3.16 3.08 2.99 2.90 2.78 2.03 -3.01 -3.21 -3.15 -3.10 -3.08 -3.06 -3.01 -2.99 -2.98 -2.99 -3.00 -2.94 -3.33 -2.21 -1.86 -1.77 -1.72 -0.47 -0.38 -0.05 0.89 0.31 0.51 0.54 1.76 0.92 0.75 0.94 1.77 2.57 3.36 4.87 4.03 1.65 1.80 1.57 1.50 1.41 1.26 1.79 2.01 2.14 2.60 3.13 3.54 4.26 0.00 0.00 0.00 0.00 0.00 0.00 0.00 0.00 0.00 0.00 0.00 0.00 0.00 0.00 0.00 0.00 0.00 0.00 0.00 0.00 0.00 0.00
3.14 3.16 3.21 3.23 3.26 3.26 3.26 3.19 3.13 3.06 2.97 2.89 2.80 1.38 -3.11 -3.19 -3.13 -3.08 -3.06 -3.01 -2.99 -2.96 -2.95 -2.97 -2.96 -2.95 -3.17 -2.10 -1.82 -1.77 -1.51 -0.48 -0.41 0.67 0.78 0.29 0.32 0.57 1.53 0.75 0.99 1.67 2.39 2.68 4.38 4.87 3.77 1.70 1.87 1.54 1.27 1.31 1.42 1.94 2.18 2.28 2.78 4.07 4.25 3.08 0.00 0.00 0.00 0.00 0.00 0.00 0.00 0.00 0.00 0.00 0.00 0.00 0.00 0.00 0.00 0.00 0.00 0.00 0.00 0.00 0.00 0.00
3.07 3.10 3.13 3.20 3.22 3.23 3.20 3.16 3.10 3.03 2.96 2.89 2.81 0.53 -3.15 -3.17 -3.11 -3.06 -3.04 -3.02 -2.97 -2.94 -2.93 -2.95 -2.94 -2.96 -2.95 -2.05 -1.84 -1.79 -1.22 -0.47 -0.43 0.72 0.04 0.29 0.35 1.07 1.39 0.73 1.05 1.84 2.50 2.77 4.86 4.86 2.87 1.77 1.92 1.30 0.95 1.19 1.57 2.02 2.32 2.98 4.05 4.22 4.25 4.06 0.00 0.00 0.00 0.00 0.00 0.00 0.00 0.00 0.00 0.00 0.00 0.00 0.00 0.00 0.00 0.00 0.00 0.00 0.00 0.00 0.00 0.00
3.04 3.07 3.11 3.15 3.19 3.18 3.15 3.13 3.08 3.01 2.95 2.88 2.81 -0.39 -3.17 -3.15 -3.10 -3.05 -3.02 -3.00 -2.95 -2.92 -2.91 -2.91 -2.89 -2.98 -2.52 -2.05 -1.87 -1.81 -0.89 -0.50 0.27 0.79 0.05 0.25 0.26 1.18 1.16 0.74 1.10 2.12 2.68 3.37 4.86 4.86 1.83 1.79 1.80 0.98 1.09 1.13 1.41 2.24 3.33 4.11 4.34 4.34 4.34 2.89 0.96 0.00 0.00 0.00 0.00 0.00 0.00 0.00 0.00 0.00 0.00 0.00 0.00 0.00 0.00 0.00 0.00 0.00 0.00 0.00 0.00 0.00
3.01 3.04 3.08 3.13 3.15 3.15 3.14 3.11 3.04 3.01 2.94 2.86 2.81 -1.27 -3.17 -3.13 -3.08 -3.03 -2.99 -2.94 -2.91 -2.89 -2.88 -2.87 -2.85 -2.93 -2.48 -2.05 -1.88 -1.90 -0.77 -0.51 0.40 0.63 0.05 0.27 0.32 1.23 0.99 0.82 1.66 2.47 2.90 4.08 4.87 4.86 1.77 1.76 1.67 0.85 1.02 1.24 1.79 2.87 4.12 4.30 4.35 4.35 3.33 2.40 2.05 0.00 0.00 0.00 0.00 0.00 0.00 0.00 0.00 0.00 0.00 0.00 0.00 0.00 0.00 0.00 0.00 0.00 0.00 0.00 0.00 0.00
2.98 3.02 3.05 3.10 3.12 3.13 3.09 3.06 3.02 2.99 2.91 2.80 2.56 -2.22 -3.16 -3.07 -3.05 -3.01 -2.97 -2.91 -2.88 -2.87 -2.86 -2.84 -2.82 -2.90 -2.46 -2.04 -1.88 -1.92 -0.76 -0.50 -0.21 0.59 0.00 0.44 0.58 1.16 1.03 1.06 2.41 2.84 3.14 4.01 4.87 4.86 1.68 1.69 1.44 0.62 1.04 1.74 2.42 4.17 4.35 4.36 4.36 4.00 2.77 2.15 2.16 0.98 0.00 0.00 0.00 0.00 0.00 0.00 0.00 0.00 0.00 0.00 0.00 0.00 0.00 0.00 0.00 0.00 0.00 0.00 0.00 0.00
2.94 2.98 3.01 3.05 3.09 3.10 3.08 3.04 3.00 2.96 2.89 2.78 2.22 -2.86 -3.12 -3.05 -3.02 -2.96 -2.92 -2.89 -2.86 -2.85 -2.84 -2.81 -2.80 -2.83 -2.50 -2.02 -1.88 -1.90 -0.79 -0.54 -0.15 0.38 0.33 0.52 0.76 1.35 1.01 1.95 2.85 3.04 3.27 4.51 4.87 2.62 1.93 1.89 1.43 0.82 1.30 2.15 3.18 4.28 4.23 4.27 4.28 4.00 3.87 2.17 2.11 2.23 2.03 0.00 0.00 0.00 0.00 0.00 0.00 0.00 0.00 0.00 0.00 0.00 0.00 0.00 0.00 0.00 0.00 0.00 0.00 0.00
2.91 2.95 2.99 3.03 3.07 3.08 3.06 3.02 2.98 2.93 2.85 2.76 1.57 -2.98 -3.09 -3.02 -2.98 -2.94 -2.87 -2.84 -2.81 -2.82 -2.81 -2.79 -2.78 -2.75 -2.71 -2.00 -1.87 -1.90 -0.84 -0.63 -0.09 0.34 0.43 0.48 1.17 1.25 1.20 2.40 2.66 2.74 3.26 4.51 4.87 3.00 1.98 1.77 1.22 1.28 1.67 2.50 3.82 4.11 4.07 4.36 4.32 4.12 2.54 2.30 2.18 2.14 1.66 0.00 0.00 0.00 0.00 0.00 0.00 0.00 0.00 0.00 0.00 0.00 0.00 0.00 0.00 0.00 0.00 0.00 0.00 0.00
2.89 2.93 2.97 3.01 3.05 3.06 3.03 2.98 2.95 2.89 2.86 2.72 0.65 -3.03 -3.07 -3.01 -2.96 -2.93 -2.88 -2.83 -2.79 -2.77 -2.72 -2.71 -2.71 -2.72 -3.03 -1.99 -1.75 -1.78 -1.21 -0.44 0.15 0.18 0.45 0.46 1.28 1.15 1.59 2.54 2.60 2.77 2.72 3.47 4.87 4.00 1.83 1.69 1.48 1.57 2.05 2.62 4.09 4.15 4.40 4.38 3.91 3.61 2.74 1.79 1.74 0.00 0.00 0.00 0.00 0.00 0.00 0.00 0.00 0.00 0.00 0.00 0.00 0.00 0.00 0.00 0.00 0.00 0.00 0.00 0.00 0.00
2.87 2.92 2.96 2.99 3.03 3.03 2.99 2.95 2.91 2.86 2.82 2.67 -0.40 -3.05 -3.04 -2.99 -2.94 -2.91 -2.83 -2.80 -2.76 -2.73 -2.69 -2.69 -2.69 -2.64 -2.98 -1.98 -1.72 -1.58 -1.27 -0.29 0.06 0.23 0.47 0.48 1.10 1.30 1.94 2.75 2.70 3.27 2.79 4.40 4.87 4.41 1.85 1.68 1.54 1.99 2.25 2.61 4.00 4.23 4.41 3.93 2.16 0.82 0.00 0.00 0.00 0.00 0.00 0.00 0.00 0.00 0.00 0.00 0.00 0.00 0.00 0.00 0.00 0.00 0.00 0.00 0.00 0.00 0.00 0.00 0.00 0.00
2.89 2.91 2.93 2.97 2.99 2.99 2.95 2.91 2.88 2.82 2.74 2.57 -1.78 -3.07 -3.02 -2.97 -2.93 -2.90 -2.87 -2.79 -2.75 -2.71 -2.67 -2.67 -2.67 -2.63 -2.91 -1.89 -1.69 -1.42 -1.13 0.03 0.22 0.35 0.45 0.64 0.63 1.34 2.21 2.84 3.23 3.79 3.75 4.48 4.88 4.50 1.72 1.59 1.97 2.30 2.64 3.74 4.26 4.41 3.75 1.53 0.00 0.00 0.00 0.00 0.00 0.00 0.00 0.00 0.00 0.00 0.00 0.00 0.00 0.00 0.00 0.00 0.00 0.00 0.00 0.00 0.00 0.00 0.00 0.00 0.00 0.00
3.01 2.94 2.93 2.94 2.93 2.93 2.90 2.86 2.84 2.78 2.68 2.40 -2.38 -3.08 -3.01 -2.96 -2.92 -2.89 -2.82 -2.78 -2.74 -2.70 -2.66 -2.67 -2.67 -2.67 -2.43 -1.78 -1.70 -1.33 -0.98 0.37 0.25 0.43 0.36 0.49 0.58 2.07 2.64 2.92 2.76 3.75 3.52 3.62 4.88 3.66 1.76 2.32 2.75 3.00 4.01 4.34 4.43 4.53 2.92 0.42 0.00 0.00 0.00 0.00 0.00 0.00 0.00 0.00 0.00 0.00 0.00 0.00 0.00 0.00 0.00 0.00 0.00 0.00 0.00 0.00 0.00 0.00 0.00 0.00 0.00 0.00
5.66 4.24 3.31 3.01 2.90 2.89 2.86 2.83 2.80 2.74 2.60 2.06 -2.77 -3.08 -3.00 -2.95 -2.91 -2.89 -2.81 -2.78 -2.73 -2.69 -2.66 -2.68 -2.72 -2.98 -1.95 -1.64 -1.57 -1.20 -0.80 0.73 0.05 0.47 0.63 0.58 1.06 2.40 2.71 2.68 2.75 2.72 2.76 3.11 2.36 1.87 2.19 2.59 3.16 3.47 4.18 4.34 4.40 4.39 2.38 0.00 0.00 0.00 0.00 0.00 0.00 0.00 0.00 0.00 0.00 0.00 0.00 0.00 0.00 0.00 0.00 0.00 0.00 0.00 0.00 0.00 0.00 0.00 0.00 0.00 0.00 0.00
6.24 6.26 5.61 3.99 3.15 2.86 2.82 2.79 2.76 2.69 2.54 2.45 -2.96 -3.08 -2.99 -2.94 -2.90 -2.89 -2.81 -2.78 -2.73 -2.69 -2.66 -2.70 -2.83 -2.95 -1.67 -1.53 -1.42 -0.99 -0.74 1.12 0.00 0.44 0.68 0.67 1.45 2.46 2.67 2.67 2.62 2.69 2.71 3.46 1.81 2.45 2.47 2.50 2.74 3.18 4.01 4.40 4.43 4.31 2.97 0.00 0.00 0.00 0.00 0.00 0.00 0.00 0.00 0.00 0.00 0.00 0.00 0.00 0.00 0.00 0.00 0.00 0.00 0.00 0.00 0.00 0.00 0.00 0.00 0.00 0.00 0.00
6.00 6.14 6.29 6.25 3.12 2.87 2.77 2.74 2.71 2.64 2.50 2.33 -3.05 -3.07 -2.99 -2.93 -2.89 -2.88 -2.83 -2.78 -2.75 -2.70 -2.67 -2.73 -3.11 -2.12 -1.56 -1.49 -1.38 -0.89 0.50 1.22 0.05 0.27 0.63 0.83 1.77 2.40 2.61 2.59 2.60 2.62 2.79 3.65 2.04 2.47 2.50 2.47 2.71 2.91 2.98 3.70 4.42 4.28 3.33 0.00 0.00 0.00 0.00 0.00 0.00 0.00 0.00 0.00 0.00 0.00 0.00 0.00 0.00 0.00 0.00 0.00 0.00 0.00 0.00 0.00 0.00 0.00 0.00 0.00 0.00 0.00
5.98 5.97 6.00 6.20 6.30 3.34 2.81 2.70 2.65 2.60 2.48 1.99 -3.09 -3.06 -3.00 -2.93 -2.88 -2.87 -2.84 -2.78 -2.76 -2.71 -2.69 -2.77 -3.07 -1.90 -1.53 -1.47 -1.31 -0.77 0.70 1.30 0.00 0.05 0.43 1.07 1.73 2.17 2.48 2.52 2.50 2.67 3.05 3.14 2.19 2.46 2.49 2.49 2.64 2.89 2.84 3.02 4.38 4.21 3.27 0.00 0.00 0.00 0.00 0.00 0.00 0.00 0.00 0.00 0.00 0.00 0.00 0.00 0.00 0.00 0.00 0.00 0.00 0.00 0.00 0.00 0.00 0.00 0.00 0.00 0.00 0.00
5.99 5.98 5.95 5.93 6.21 5.82 3.69 3.10 2.67 2.54 2.48 0.61 -3.12 -3.05 -3.00 -2.94 -2.88 -2.87 -2.84 -2.79 -2.77 -2.74 -2.72 -2.87 -2.68 -1.81 -1.57 -1.44 -1.31 -0.64 0.85 1.27 0.04 0.00 0.43 1.03 1.68 1.77 2.26 2.41 2.47 2.71 3.34 1.68 2.20 2.42 2.53 2.56 2.54 2.68 2.83 3.03 4.44 4.60 3.64 1.85 0.00 0.18 0.00 0.00 0.00 0.00 0.00 0.00 0.00 0.00 0.00 0.00 0.00 0.00 0.00 0.00 0.00 0.00 0.00 0.00 0.00 0.00 0.00 0.00 0.00 0.00
5.93 5.90 5.92 5.92 5.84 5.94 6.01 5.50 3.24 2.57 2.47 -0.68 -3.13 -3.05 -3.00 -2.94 -2.89 -2.86 -2.84 -2.79 -2.78 -2.77 -2.76 -3.02 -2.31 -1.73 -1.51 -1.42 -1.25 -0.53 0.14 0.83 0.00 0.21 0.66 1.08 1.68 1.64 1.92 2.24 2.38 2.92 3.65 1.50 2.02 2.31 2.44 2.54 3.43 3.61 3.59 3.93 4.68 4.52 3.90 3.61 2.72 2.59 2.04 0.25 0.00 0.00 0.00 0.00 0.00 0.00 0.00 0.00 0.00 0.00 0.00 0.00 0.00 0.00 0.00 0.00 0.00 0.00 0.00 0.00 0.00 0.00
5.81 5.79 5.79 5.86 5.85 5.79 5.83 5.95 5.64 3.15 2.50 -1.86 -3.15 -3.06 -3.00 -2.95 -2.90 -2.86 -2.84 -2.78 -2.78 -2.78 -2.78 -3.24 -2.03 -1.65 -1.44 -1.41 -1.13 -0.49 0.29 0.15 0.21 0.27 0.70 0.81 1.31 1.55 1.95 2.24 2.43 3.09 3.83 2.05 2.21 2.24 2.29 2.61 3.91 4.82 4.82 4.82 4.72 3.98 3.80 3.68 3.33 2.62 2.38 1.61 0.38 0.00 0.00 0.00 0.00 0.00 0.00 0.00 0.00 0.00 0.00 0.00 0.00 0.00 0.00 0.00 0.00 0.00 0.00 0.00 0.00 0.00
5.78 5.77 5.75 5.77 5.82 5.82 5.79 5.80 6.00 5.42 3.06 -2.69 -3.17 -3.06 -3.02 -2.97 -2.89 -2.86 -2.84 -2.78 -2.79 -2.80 -2.80 -3.29 -1.92 -1.50 -1.39 -1.47 -0.97 -0.33 0.51 0.03 0.10 0.24 0.69 0.66 0.98 1.56 2.09 2.52 2.73 3.06 3.70 1.71 3.97 3.09 2.40 2.63 3.66 4.82 4.83 4.83 4.72 3.89 3.70 3.70 3.54 2.62 1.33 0.53 0.40 0.11 0.00 0.00 0.00 0.00 0.00 0.00 0.00 0.00 0.00 0.00 0.00 0.00 0.00 0.00 0.00 0.00 0.00 0.00 0.00 0.00
