tsunami_inundation/3000.asc
ncols        89
nrows        96
xllcorner    425855.973699999973
yllcorner    5091051.504999999888
cellsize     55.000000000000
NODATA_value  -9999.00
[rows 0 to 36 of 96, columns 0 to 81 of 89]
-9999.00 3.58 3.64 3.76 3.82 3.90 3.99 4.03 4.04 4.01 3.98 3.96 3.94 3.94 3.88 3.77 3.66 3.44 2.94 1.45 -2.62 -2.74 -2.70 -2.68 -2.66 -2.63 -2.60 -2.57 -2.50 -2.45 -2.41 -2.45 -2.76 -2.23 -1.74 -1.38 -1.18 -0.97 -0.66 0.10 0.92 0.08 0.01 0.49 0.43 0.00 0.02 0.03 0.39 2.53 4.32 4.62 4.63 4.64 4.67 4.69 4.74 4.75 4.76 2.87 3.56 3.69 3.31 2.75 1.08 0.00 0.19 1.44 2.29 2.48 1.85 1.60 0.84 0.76 0.01 0.00 0.00 0.00 0.00 0.00 0.00 0.00
-9999.00 3.57 3.63 3.73 3.78 3.83 3.89 3.95 3.93 3.94 3.95 3.94 3.92 3.90 3.78 3.66 3.48 3.40 2.91 1.41 -2.64 -2.74 -2.70 -2.68 -2.67 -2.64 -2.60 -2.57 -2.46 -2.44 -2.45 -2.57 -2.82 -2.09 -1.64 -1.31 -1.12 -0.93 -0.73 -0.03 0.95 0.05 0.02 0.16 0.45 0.33 0.04 0.54 2.82 4.27 4.60 4.60 4.61 4.62 4.63 4.65 4.70 4.72 4.73 2.91 3.56 3.74 3.58 2.74 0.81 0.03 0.19 1.77 2.48 2.59 2.04 1.18 0.94 0.66 0.04 0.00 0.00 0.00 0.00 0.00 0.00 0.00
-9999.00 3.55 3.64 3.70 3.75 3.80 3.84 3.90 3.92 3.92 3.89 3.91 3.77 3.70 3.68 3.50 3.44 3.37 2.90 1.35 -2.65 -2.75 -2.70 -2.68 -2.67 -2.64 -2.60 -2.57 -2.53 -2.46 -2.49 -2.74 -2.65 -1.92 -1.52 -1.31 -1.05 -0.90 -0.75 -0.18 0.73 0.00 0.00 0.03 0.23 0.40 0.89 2.51 4.09 4.61 4.58 4.57 4.57 4.58 4.60 4.64 4.66 4.69 4.50 3.22 3.44 3.83 3.70 2.64 1.71 0.02 0.41 1.85 2.27 2.73 2.34 0.98 0.90 1.02 0.00 0.00 0.00 0.00 0.00 0.00 0.00 0.00
-9999.00 3.51 3.61 3.67 3.73 3.79 3.84 3.87 3.88 3.85 3.80 3.74 3.67 3.62 3.60 3.52 3.41 3.34 2.89 1.27 -2.66 -2.75 -2.71 -2.69 -2.67 -2.64 -2.61 -2.57 -2.49 -2.49 -2.59 -2.96 -2.50 -1.82 -1.46 -1.27 -1.01 -0.88 -0.76 -0.27 0.30 0.21 0.01 0.03 0.04 0.02 1.06 3.42 4.49 4.58 4.53 4.52 4.53 4.53 4.55 4.61 4.63 4.67 4.57 3.65 3.51 3.81 3.61 2.49 1.59 0.82 1.44 2.25 2.64 2.89 2.52 1.31 1.18 1.02 0.00 0.00 0.00 0.00 0.00 0.00 0.00 0.00
-9999.00 3.49 3.60 3.67 3.73 3.78 3.80 3.81 3.79 3.75 3.70 3.65 3.60 3.54 3.52 3.43 3.37 3.30 2.88 1.10 -2.70 -2.76 -2.71 -2.69 -2.67 -2.65 -2.62 -2.58 -2.54 -2.54 -2.67 -3.07 -2.35 -1.74 -1.42 -1.23 -0.96 -0.85 -0.76 -0.36 0.26 0.45 0.01 0.02 0.05 0.01 2.29 3.96 4.56 4.53 4.47 4.45 4.46 4.48 4.54 4.57 4.60 4.62 4.65 4.13 3.67 4.11 3.41 2.31 1.25 0.89 1.49 2.03 2.62 2.99 2.65 1.38 1.39 0.36 0.00 0.00 0.00 0.00 0.00 0.00 0.00 0.00
-9999.00 3.48 3.60 3.65 3.70 3.72 3.73 3.67 3.65 3.63 3.60 3.56 3.53 3.51 3.50 3.41 3.37 3.29 2.88 0.77 -2.71 -2.79 -2.71 -2.69 -2.68 -2.67 -2.64 -2.59 -2.54 -2.60 -2.75 -3.10 -2.24 -1.68 -1.38 -1.19 -0.91 -0.79 -0.73 -0.44 0.22 0.35 0.02 0.03 0.05 0.01 2.66 4.29 4.52 4.48 4.40 4.35 4.36 4.38 4.47 4.51 4.55 4.59 4.60 4.60 4.59 4.50 4.09 3.13 1.10 0.82 1.64 2.17 2.74 3.11 2.76 1.44 1.40 0.00 0.00 0.00 0.00 0.00 0.00 0.00 0.00 0.00
-9999.00 3.49 3.52 3.55 3.57 3.59 3.59 3.60 3.59 3.57 3.55 3.53 3.51 3.50 3.49 3.40 3.36 3.28 2.88 0.58 -2.72 -2.78 -2.72 -2.70 -2.69 -2.68 -2.66 -2.61 -2.58 -2.64 -2.80 -3.06 -2.20 -1.65 -1.35 -1.15 -0.86 -0.74 -0.66 -0.42 0.28 0.12 0.02 0.04 0.03 0.17 1.96 3.73 4.38 4.36 4.33 4.28 4.29 4.33 4.38 4.48 4.51 4.54 4.55 4.56 4.55 4.53 4.32 3.93 2.56 1.09 1.78 2.26 2.72 3.18 2.88 1.64 1.45 0.00 0.00 0.00 0.00 0.00 0.00 0.00 0.00 0.00
-9999.00 3.41 3.44 3.46 3.49 3.51 3.53 3.54 3.54 3.53 3.52 3.50 3.49 3.49 3.48 3.37 3.34 3.27 2.88 0.37 -2.73 -2.78 -2.73 -2.71 -2.69 -2.69 -2.69 -2.69 -2.68 -2.69 -2.73 -2.91 -2.41 -1.72 -1.34 -1.11 -0.89 -0.65 -0.57 -0.24 0.65 1.07 0.02 0.01 0.00 0.56 1.99 3.53 4.27 4.29 4.29 4.24 4.25 4.30 4.40 4.45 4.48 4.51 3.23 3.56 4.52 4.50 4.46 4.44 4.39 3.27 1.87 2.36 2.78 3.22 3.06 2.21 2.09 0.00 0.00 0.00 0.00 0.00 0.00 0.00 0.00 0.00
-9999.00 3.32 3.36 3.39 3.42 3.45 3.47 3.49 3.50 3.50 3.49 3.49 3.48 3.48 3.46 3.35 3.33 3.25 2.88 0.16 -2.74 -2.79 -2.74 -2.72 -2.72 -2.72 -2.76 -2.78 -2.75 -2.69 -2.71 -2.88 -2.52 -1.77 -1.29 -1.02 -0.74 -0.54 -0.42 -0.10 0.61 0.02 0.08 0.00 0.12 1.05 2.40 3.63 4.18 4.23 4.26 4.27 4.28 4.32 4.36 4.43 4.46 4.48 2.24 2.09 3.08 4.50 4.50 4.46 4.42 4.44 2.19 2.39 2.64 3.23 3.30 2.85 2.60 0.00 0.00 0.00 0.00 0.00 0.00 0.00 0.00 0.00
-9999.00 3.23 3.30 3.34 3.38 3.41 3.44 3.46 3.48 3.48 3.48 3.48 3.48 3.47 3.44 3.33 3.31 3.22 2.87 -0.15 -2.77 -2.80 -2.77 -2.74 -2.74 -2.76 -2.81 -2.84 -2.78 -2.70 -2.71 -2.89 -2.58 -1.77 -1.24 -0.90 -0.68 -0.48 -0.31 0.02 0.80 0.49 0.05 0.08 0.74 1.78 3.26 4.04 4.16 4.22 4.27 4.30 4.32 4.34 4.39 4.42 4.45 3.10 1.74 2.13 2.53 3.04 2.75 2.82 4.32 4.44 2.48 2.26 2.80 3.28 3.15 2.75 2.48 0.00 0.00 0.00 0.00 0.00 0.00 0.00 0.00 0.00
-9999.00 3.16 3.26 3.30 3.35 3.38 3.41 3.44 3.46 3.47 3.47 3.47 3.46 3.45 3.42 3.31 3.28 3.19 2.86 -0.36 -2.79 -2.81 -2.78 -2.76 -2.77 -2.81 -2.85 -2.88 -2.82 -2.76 -2.74 -2.96 -2.54 -1.71 -1.17 -0.83 -0.63 -0.39 -0.12 0.14 0.87 2.43 2.53 1.83 1.58 3.05 3.99 4.04 4.16 4.24 4.30 4.33 4.35 4.36 4.40 4.42 3.52 1.89 1.97 2.47 2.54 2.57 2.44 2.38 3.88 4.38 3.03 2.38 2.85 3.31 3.27 2.70 2.69 0.99 0.00 0.00 0.00 0.00 0.00 0.00 0.00 0.00
-9999.00 3.12 3.23 3.28 3.32 3.36 3.39 3.41 3.44 3.46 3.46 3.46 3.45 3.44 3.35 3.29 3.26 3.15 2.85 -0.60 -2.81 -2.82 -2.79 -2.79 -2.82 -2.85 -2.89 -2.90 -2.85 -2.80 -2.82 -3.12 -2.34 -1.57 -1.06 -0.76 -0.57 -0.38 0.10 0.30 0.88 2.52 2.91 3.22 3.60 3.86 3.99 4.10 4.21 4.30 4.35 4.37 4.38 4.38 4.40 4.41 2.98 1.54 1.58 2.48 2.56 2.72 2.57 2.54 3.57 4.32 3.28 2.69 3.05 3.32 3.13 2.55 2.71 2.22 0.85 0.00 0.00 0.00 0.00 0.00 0.00 0.00
3.09 3.16 3.21 3.26 3.31 3.35 3.38 3.41 3.43 3.45 3.46 3.46 3.45 3.40 3.34 3.28 3.24 3.12 2.84 -0.87 -2.82 -2.83 -2.82 -2.84 -2.86 -2.89 -2.92 -2.92 -2.89 -2.86 -3.01 -3.09 -2.09 -1.40 -0.94 -0.63 -0.48 -0.13 0.43 0.66 1.81 2.52 2.95 3.28 3.68 3.87 3.98 4.07 4.18 4.27 4.33 4.36 4.37 4.39 4.39 4.34 2.08 1.42 1.67 2.38 2.46 2.47 2.40 2.39 3.19 4.25 2.39 2.49 2.85 3.31 3.15 2.37 2.41 2.10 2.20 1.05 0.00 0.00 0.00 0.00 0.00 0.00
3.08 3.15 3.20 3.26 3.30 3.34 3.37 3.40 3.43 3.45 3.46 3.45 3.44 3.42 3.34 3.29 3.23 3.08 2.84 -1.17 -2.84 -2.86 -2.86 -2.88 -2.91 -2.92 -2.94 -2.94 -2.93 -2.93 -3.30 -2.63 -1.75 -1.16 -0.77 -0.56 -0.36 0.08 0.62 1.02 1.47 2.43 2.92 3.27 3.63 3.86 3.97 4.04 4.14 4.24 4.30 4.34 4.36 4.37 4.38 3.30 1.74 1.34 2.19 2.37 2.39 2.32 2.26 2.39 3.00 4.18 2.26 1.94 2.45 3.48 2.97 2.31 2.16 1.93 2.13 1.91 1.52 0.80 0.00 0.00 0.00 0.00
3.07 3.15 3.20 3.25 3.30 3.33 3.37 3.40 3.42 3.45 3.45 3.45 3.44 3.39 3.33 3.28 3.22 3.06 2.84 -1.49 -2.87 -2.89 -2.93 -2.94 -2.96 -2.96 -2.97 -2.96 -2.94 -2.96 -3.42 -2.42 -1.59 -1.03 -0.67 -0.49 -0.19 0.28 0.80 1.16 1.48 2.12 2.81 3.27 3.53 3.80 3.94 4.02 4.09 4.21 4.28 4.33 4.36 4.37 4.37 2.62 1.38 1.48 2.20 2.24 2.21 2.22 2.52 2.19 2.80 4.00 2.06 2.15 2.43 3.38 2.68 2.08 1.96 1.76 1.80 1.55 1.10 0.44 0.00 0.00 0.00 0.00
3.07 3.12 3.20 3.25 3.29 3.33 3.36 3.39 3.42 3.45 3.45 3.45 3.44 3.39 3.33 3.27 3.22 3.04 2.80 -1.99 -2.93 -2.95 -2.97 -2.98 -2.99 -2.98 -2.98 -2.98 -2.95 -2.97 -3.28 -2.33 -1.49 -0.94 -0.59 -0.39 -0.01 0.47 0.96 1.14 1.54 1.94 2.62 3.19 3.46 3.70 3.85 4.00 4.05 4.17 4.26 4.30 4.34 4.36 4.26 2.62 0.58 1.60 2.17 2.19 2.06 2.17 2.13 1.94 2.87 2.08 2.05 2.50 3.23 3.27 2.85 1.90 1.69 1.55 1.50 1.33 0.74 0.03 0.00 0.00 0.00 0.00
3.07 3.12 3.19 3.24 3.28 3.32 3.36 3.39 3.42 3.44 3.45 3.45 3.43 3.38 3.33 3.27 3.22 3.03 2.71 -2.31 -2.97 -2.99 -3.00 -3.01 -3.01 -3.00 -3.00 -3.00 -2.95 -2.96 -3.29 -2.30 -1.43 -0.87 -0.53 -0.27 0.16 0.65 1.00 1.29 1.64 2.00 2.52 3.07 3.38 3.54 3.64 3.87 4.00 4.12 4.21 4.28 4.32 4.35 3.72 2.54 0.77 1.99 2.36 2.29 2.46 2.24 2.22 2.03 3.16 1.99 1.91 2.25 3.17 3.19 3.21 1.81 1.64 1.14 1.33 1.10 0.32 0.00 0.00 0.00 0.00 0.00
3.07 3.12 3.19 3.24 3.28 3.32 3.35 3.39 3.42 3.44 3.45 3.45 3.43 3.41 3.32 3.27 3.23 3.04 2.51 -2.57 -3.01 -3.01 -3.02 -3.03 -3.02 -3.01 -3.02 -3.01 -2.95 -2.94 -3.28 -2.28 -1.38 -0.81 -0.48 -0.14 0.33 0.81 1.14 1.44 1.81 2.07 2.36 2.72 3.02 3.16 3.45 3.72 3.97 4.10 4.19 4.27 4.34 4.35 3.36 2.14 1.07 2.13 2.26 2.42 2.47 2.08 2.07 2.14 3.78 2.69 1.98 2.32 3.11 3.14 3.01 1.57 2.04 1.25 1.42 0.92 0.11 0.00 0.00 0.00 0.00 0.00
3.07 3.11 3.19 3.23 3.27 3.31 3.35 3.39 3.42 3.44 3.45 3.44 3.43 3.37 3.32 3.27 3.25 3.06 2.13 -2.76 -3.03 -3.03 -3.04 -3.04 -3.04 -3.02 -3.03 -3.02 -2.95 -2.93 -3.27 -2.25 -1.31 -0.68 -0.43 0.00 0.53 0.98 1.28 1.74 1.86 2.08 2.28 2.56 2.66 2.63 2.71 3.51 3.99 4.11 4.20 4.25 4.29 4.34 3.75 1.74 1.04 1.92 1.83 2.38 2.15 2.03 2.33 3.23 3.85 1.98 2.24 2.62 3.06 3.06 2.92 1.77 2.15 1.12 1.27 0.34 0.00 0.00 0.00 0.00 0.00 0.00
3.07 3.12 3.17 3.24 3.28 3.32 3.35 3.39 3.42 3.44 3.44 3.44 3.42 3.37 3.32 3.26 3.26 3.07 1.52 -2.89 -3.05 -3.05 -3.05 -3.05 -3.05 -3.04 -3.04 -3.01 -2.95 -2.94 -3.32 -2.19 -1.19 -0.55 -0.36 0.06 0.61 1.06 1.34 1.71 1.89 2.07 2.23 2.34 2.41 2.20 0.02 2.45 3.93 4.15 4.20 4.24 4.31 4.33 4.34 1.29 1.11 1.81 1.69 2.05 2.01 3.63 3.84 3.83 2.28 1.46 1.91 2.22 2.95 2.93 2.86 2.73 2.10 1.20 1.23 0.19 0.00 0.00 0.00 0.00 0.00 0.00
3.07 3.13 3.18 3.25 3.29 3.32 3.36 3.39 3.42 3.44 3.43 3.43 3.41 3.36 3.32 3.26 3.25 3.07 0.76 -2.98 -3.09 -3.08 -3.08 -3.07 -3.06 -3.04 -3.02 -3.00 -2.95 -2.96 -3.35 -2.74 -1.13 -0.39 -0.30 0.13 0.70 1.10 1.37 1.96 2.01 2.12 2.21 2.31 1.27 0.03 0.13 2.45 3.52 4.12 4.19 4.22 4.30 4.33 4.33 0.78 1.07 1.64 1.59 1.86 2.09 3.82 3.82 3.81 1.91 1.93 1.80 2.36 2.92 2.92 2.91 2.87 2.19 0.80 0.98 0.18 0.00 0.00 0.00 0.00 0.00 0.00
3.08 3.13 3.19 3.26 3.30 3.33 3.37 3.40 3.43 3.44 3.43 3.42 3.40 3.36 3.32 3.25 3.23 3.07 -0.56 -3.06 -3.11 -3.10 -3.09 -3.07 -3.06 -3.03 -3.01 -2.98 -2.96 -2.96 -3.34 -2.64 -1.07 -0.32 -0.30 0.23 0.86 1.10 1.57 2.00 2.08 2.15 2.25 2.33 0.39 0.23 0.05 2.13 2.74 3.07 3.57 4.27 4.30 4.33 3.57 0.00 0.23 0.96 1.36 1.93 2.03 3.49 3.79 3.80 2.53 1.81 1.71 2.20 2.90 2.90 2.91 2.85 2.17 0.79 0.95 0.23 0.00 0.00 0.00 0.00 0.00 0.00
3.09 3.15 3.20 3.27 3.31 3.35 3.38 3.41 3.43 3.44 3.44 3.43 3.41 3.36 3.31 3.24 3.17 3.06 -1.38 -3.10 -3.12 -3.11 -3.10 -3.08 -3.07 -3.02 -2.99 -2.97 -2.95 -2.96 -3.33 -2.51 -1.02 -0.38 -0.36 0.41 0.97 1.20 1.50 1.94 2.03 2.17 2.16 2.12 0.01 0.03 0.49 2.21 2.21 2.12 2.58 4.28 4.31 4.33 2.72 0.00 0.05 0.21 1.19 1.88 1.94 3.58 3.78 3.79 2.25 1.93 1.84 1.67 2.88 2.89 2.88 2.71 2.38 1.04 1.14 0.00 0.00 0.00 0.00 0.00 0.00 0.00
3.10 3.16 3.21 3.28 3.32 3.36 3.39 3.42 3.44 3.45 3.45 3.43 3.40 3.36 3.29 3.22 3.13 3.05 -2.53 -3.13 -3.14 -3.12 -3.11 -3.09 -3.07 -3.01 -2.98 -2.95 -2.94 -2.95 -3.31 -2.44 -0.98 -0.48 -0.28 0.51 0.95 1.21 1.31 1.75 1.97 2.07 2.17 0.05 0.00 0.00 1.11 2.30 2.30 2.21 2.79 4.04 4.33 4.35 1.97 0.00 0.11 0.34 1.40 1.82 2.26 3.75 3.77 2.67 1.79 2.12 1.93 1.78 2.87 2.89 2.89 2.71 2.40 1.27 0.33 0.00 0.00 0.00 0.00 0.00 0.00 0.00
3.11 3.16 3.21 3.26 3.32 3.36 3.40 3.43 3.45 3.46 3.46 3.44 3.40 3.35 3.27 3.21 3.10 3.04 -2.84 -3.16 -3.14 -3.13 -3.11 -3.09 -3.07 -3.05 -2.94 -2.93 -2.92 -2.94 -3.24 -2.52 -0.98 -0.66 -0.13 0.66 0.86 1.10 1.35 1.66 1.90 2.03 2.22 0.06 0.05 0.88 2.07 2.28 2.28 2.25 2.95 4.34 4.35 4.36 1.17 0.03 0.10 0.79 1.70 1.89 2.98 3.73 3.01 1.78 1.63 2.01 1.67 1.90 2.88 2.90 2.63 2.82 1.62 1.29 0.00 0.00 0.00 0.00 0.00 0.00 0.00 0.00
3.12 3.17 3.22 3.26 3.32 3.36 3.40 3.44 3.46 3.48 3.48 3.47 3.40 3.35 3.27 3.21 3.08 3.01 -3.06 -3.16 -3.14 -3.12 -3.11 -3.09 -3.05 -2.98 -2.93 -2.89 -2.85 -2.83 -3.02 -2.82 -1.55 -0.81 -0.04 0.63 0.85 0.99 1.10 1.64 1.85 1.99 1.95 0.03 0.43 1.59 2.15 2.38 2.38 2.24 2.95 4.36 4.36 4.36 0.55 0.17 0.25 1.33 1.72 1.95 3.12 3.71 2.99 1.79 1.64 1.97 1.41 1.97 2.90 2.89 2.58 2.82 1.85 1.58 0.00 0.00 0.00 0.00 0.00 0.00 0.00 0.00
3.13 3.18 3.22 3.26 3.33 3.37 3.41 3.45 3.48 3.49 3.49 3.48 3.40 3.34 3.26 3.20 3.07 2.65 -3.12 -3.16 -3.14 -3.12 -3.10 -3.09 -3.08 -2.98 -2.92 -2.86 -2.82 -2.79 -2.74 -2.67 -1.79 -1.13 0.01 0.52 0.77 0.88 1.07 1.62 1.80 1.91 1.50 0.00 0.84 2.02 2.09 2.37 2.39 2.30 3.14 4.37 4.37 3.13 0.09 0.12 0.30 1.33 1.52 1.69 3.59 3.68 3.09 1.71 1.61 1.68 1.52 2.22 2.91 2.90 2.86 2.88 2.17 1.58 0.67 0.00 0.00 0.00 0.00 0.00 0.00 0.00
3.14 3.18 3.22 3.27 3.33 3.38 3.43 3.47 3.50 3.51 3.52 3.46 3.41 3.34 3.26 3.19 3.08 1.88 -2.98 -3.15 -3.13 -3.11 -3.09 -3.09 -3.06 -2.98 -2.91 -2.85 -2.80 -2.76 -2.69 -2.47 -2.38 -1.23 0.06 0.45 0.58 0.63 1.05 1.48 1.75 1.88 0.89 0.22 1.07 2.16 2.13 2.38 2.42 2.97 4.44 4.43 3.86 0.50 0.31 0.28 0.29 1.03 1.46 2.12 3.67 3.67 2.81 1.65 1.58 1.22 1.26 2.01 2.77 2.80 2.50 2.91 2.95 0.78 0.00 0.00 0.00 0.00 0.00 0.00 0.00 0.00
3.16 3.20 3.24 3.29 3.35 3.40 3.44 3.48 3.51 3.53 3.53 3.47 3.42 3.35 3.27 3.18 3.09 0.58 -3.09 -3.15 -3.13 -3.11 -3.09 -3.09 -3.09 -3.01 -2.90 -2.84 -2.79 -2.75 -2.67 -2.46 -2.56 -1.10 0.04 0.33 0.44 0.46 1.24 1.47 1.72 1.30 0.14 0.44 1.99 2.24 2.15 2.35 2.46 3.38 4.49 4.46 1.92 0.28 0.33 0.26 0.35 1.06 1.53 2.68 3.66 3.66 2.51 1.37 1.81 1.37 1.60 2.29 2.07 1.72 1.86 2.94 2.45 0.00 0.00 0.00 0.00 0.00 0.00 0.00 0.00 0.00
3.17 3.21 3.26 3.30 3.35 3.42 3.46 3.50 3.53 3.54 3.54 3.48 3.43 3.35 3.28 3.17 3.10 -0.92 -3.14 -3.15 -3.14 -3.12 -3.10 -3.09 -3.09 -3.01 -2.89 -2.83 -2.78 -2.75 -2.72 -2.66 -1.86 -1.55 0.01 0.26 0.35 0.65 1.24 1.45 0.30 0.19 0.08 0.94 1.99 2.25 2.09 2.24 2.51 3.81 4.52 3.97 0.99 0.35 0.33 0.14 0.53 1.22 1.70 3.14 3.66 3.66 2.56 1.61 2.01 1.40 1.90 2.63 2.34 1.39 1.27 1.75 1.31 0.00 0.00 0.00 0.00 0.00 0.00 0.00 0.00 0.00
3.19 3.23 3.28 3.33 3.38 3.44 3.49 3.52 3.54 3.55 3.53 3.50 3.44 3.36 3.29 3.17 3.08 -2.08 -3.17 -3.16 -3.15 -3.13 -3.11 -3.10 -3.04 -2.99 -2.89 -2.82 -2.78 -2.77 -2.86 -2.31 -1.53 -1.44 -0.09 0.17 0.26 0.75 1.21 1.38 0.00 0.24 0.16 1.20 1.93 2.25 2.11 2.27 3.18 4.60 4.55 1.43 0.90 0.35 0.37 0.19 0.76 1.27 1.75 3.29 3.66 3.66 2.83 2.05 1.33 1.47 2.16 2.94 1.36 0.00 0.00 0.00 0.00 0.00 0.00 0.00 0.00 0.00 0.00 0.00 0.00 0.00
3.20 3.25 3.30 3.35 3.40 3.47 3.51 3.54 3.56 3.57 3.54 3.51 3.45 3.36 3.30 3.19 2.55 -2.93 -3.19 -3.16 -3.16 -3.14 -3.12 -3.09 -3.03 -2.98 -2.89 -2.83 -2.79 -2.80 -2.93 -1.98 -1.46 -1.45 -0.15 0.09 0.19 0.85 1.21 1.34 0.00 0.28 0.11 1.01 2.00 2.31 2.20 2.30 3.42 4.62 2.40 1.34 0.99 0.58 0.40 0.66 1.00 1.42 1.64 3.59 3.66 3.57 2.78 1.99 1.55 1.68 2.04 2.85 0.00 0.00 0.00 0.00 0.00 0.00 0.00 0.00 0.00 0.00 0.00 0.00 0.00 0.00
3.21 3.27 3.32 3.38 3.43 3.50 3.54 3.56 3.58 3.59 3.57 3.54 3.47 3.38 3.30 3.22 1.46 -3.11 -3.19 -3.17 -3.16 -3.14 -3.12 -3.05 -3.02 -2.98 -2.89 -2.83 -2.80 -2.82 -2.77 -1.97 -1.39 -1.44 -0.18 0.02 0.14 0.88 1.19 1.27 0.32 0.27 0.07 0.99 2.11 2.35 2.32 2.39 2.79 4.68 1.67 1.37 0.96 0.59 0.48 0.61 1.22 1.46 1.81 2.52 3.66 3.49 2.78 1.90 1.50 1.63 1.82 1.52 0.00 0.00 0.00 0.00 0.00 0.00 0.00 0.00 0.00 0.00 0.00 0.00 0.00 0.00
3.22 3.28 3.34 3.40 3.46 3.53 3.57 3.60 3.62 3.63 3.62 3.55 3.48 3.40 3.30 3.25 -0.01 -3.18 -3.19 -3.18 -3.16 -3.14 -3.11 -3.05 -3.01 -2.98 -2.92 -2.83 -2.79 -2.85 -2.50 -2.08 -1.40 -1.35 -0.25 -0.03 0.35 0.92 1.11 0.06 0.58 0.29 0.57 1.40 2.28 2.44 2.41 2.45 2.83 4.71 1.57 1.35 0.73 0.54 0.47 0.29 1.06 1.49 0.99 2.39 3.66 2.93 2.52 1.60 1.72 1.62 1.35 0.00 0.00 0.00 0.00 0.00 0.00 0.00 0.00 0.00 0.00 0.00 0.00 0.00 0.00 0.00
3.23 3.29 3.35 3.41 3.47 3.52 3.58 3.61 3.64 3.64 3.64 3.58 3.50 3.42 3.30 3.26 -1.41 -3.21 -3.20 -3.18 -3.16 -3.14 -3.11 -3.04 -3.02 -2.99 -2.93 -2.82 -2.77 -2.87 -2.37 -2.15 -1.46 -1.26 -0.86 -0.09 -0.07 0.98 0.03 0.07 0.48 0.35 0.71 1.60 2.41 2.53 2.49 2.54 2.98 4.73 1.56 1.33 0.67 0.58 0.44 0.23 1.15 1.21 0.80 2.97 3.69 2.80 1.58 1.57 1.47 0.79 0.00 0.00 0.00 0.00 0.00 0.00 0.00 0.00 0.00 0.00 0.00 0.00 0.00 0.00 0.00 0.00
3.23 3.29 3.36 3.42 3.48 3.53 3.59 3.63 3.65 3.66 3.63 3.60 3.57 3.45 3.30 3.18 -2.34 -3.23 -3.20 -3.18 -3.15 -3.14 -3.11 -3.08 -3.02 -3.00 -2.95 -2.83 -2.72 -2.76 -2.50 -1.94 -1.53 -1.28 -0.99 -0.14 -0.05 1.03 0.92 0.10 0.20 0.46 0.80 2.05 2.56 2.67 2.61 2.70 3.38 4.75 1.57 1.39 0.65 0.60 0.46 0.45 0.84 0.67 1.12 3.27 3.71 2.45 1.47 1.89 2.48 0.00 0.00 0.00 0.00 0.00 0.00 0.00 0.00 0.00 0.00 0.00 0.00 0.00 0.00 0.00 0.00 0.00
3.22 3.29 3.36 3.42 3.48 3.54 3.61 3.64 3.66 3.67 3.65 3.62 3.59 3.49 3.33 2.85 -2.90 -3.25 -3.20 -3.18 -3.15 -3.14 -3.11 -3.08 -3.03 -3.01 -2.97 -2.86 -2.70 -2.70 -2.47 -1.87 -1.54 -1.26 -1.05 -0.17 0.02 1.14 1.26 1.02 0.02 0.40 0.92 2.34 2.69 3.13 2.88 2.70 3.87 4.77 1.59 1.50 0.72 0.63 0.50 0.76 0.71 1.27 1.72 3.47 3.76 2.56 1.54 2.21 1.89 0.00 0.00 0.00 0.00 0.00 0.00 0.00 0.00 0.00 0.00 0.00 0.00 0.00 0.00 0.00 0.00 0.00
