tsunami_inundation/3030.asc
ncols        89
nrows        96
xllcorner    425855.973699999973
yllcorner    5091051.504999999888
cellsize     55.000000000000
NODATA_value  -9999.00
[rows 0 to 36 of 96, columns 0 to 82 of 89]
-9999.00 2.67 2.70 2.80 2.77 2.86 2.90 2.93 2.96 2.98 3.02 3.06 3.09 3.12 3.17 3.19 3.20 3.17 3.13 3.09 3.07 2.98 2.88 2.82 2.62 1.02 -3.33 -3.39 -3.32 -3.27 -3.21 -3.25 -3.32 -2.54 -2.06 -1.70 -1.45 -1.18 -0.69 0.10 0.92 0.08 0.01 0.47 0.42 0.01 0.02 0.03 0.28 2.40 4.18 4.47 4.48 4.49 4.51 4.52 4.56 4.57 4.58 2.68 3.37 3.50 3.11 2.55 0.85 0.00 0.20 1.44 2.30 2.49 1.86 1.65 0.95 1.12 0.31 0.00 0.00 0.00 0.00 0.00 0.00 0.00 0.00
-9999.00 2.62 2.65 2.70 2.73 2.76 2.80 2.87 2.86 2.90 2.98 3.02 3.05 3.09 3.14 3.17 3.18 3.16 3.13 3.07 3.00 2.90 2.85 2.77 2.53 0.65 -3.37 -3.41 -3.29 -3.24 -3.24 -3.31 -3.20 -2.40 -1.96 -1.63 -1.40 -1.17 -0.81 -0.01 0.96 0.00 0.02 0.15 0.43 0.31 0.05 0.44 2.70 4.14 4.47 4.46 4.47 4.47 4.48 4.50 4.53 4.54 4.55 2.72 3.36 3.54 3.38 2.54 0.62 0.03 0.20 1.77 2.48 2.59 2.05 1.25 1.10 1.08 0.57 0.00 0.00 0.00 0.00 0.00 0.00 0.00 0.00
-9999.00 2.58 2.64 2.67 2.70 2.72 2.75 2.79 2.83 2.86 2.90 2.98 2.99 3.03 3.11 3.17 3.17 3.16 3.10 3.01 2.92 2.87 2.82 2.70 2.42 0.33 -3.40 -3.43 -3.38 -3.26 -3.27 -3.42 -2.94 -2.23 -1.86 -1.65 -1.35 -1.18 -0.97 -0.15 0.79 0.00 0.00 0.03 0.21 0.39 0.82 2.39 3.97 4.48 4.46 4.44 4.45 4.45 4.45 4.48 4.50 4.52 4.31 3.02 3.25 3.64 3.50 2.44 1.51 0.01 0.42 1.85 2.26 2.72 2.33 1.01 0.98 1.19 0.00 0.00 0.00 0.00 0.00 0.00 0.00 0.00 0.00
-9999.00 2.55 2.61 2.64 2.67 2.69 2.72 2.76 2.79 2.83 2.88 2.92 2.97 3.02 3.10 3.14 3.16 3.12 3.04 2.94 2.88 2.85 2.75 2.59 2.32 0.07 -3.44 -3.45 -3.32 -3.28 -3.30 -3.66 -2.75 -2.13 -1.80 -1.61 -1.32 -1.16 -1.00 -0.26 0.32 0.20 0.01 0.02 0.03 0.04 0.94 3.31 4.38 4.46 4.42 4.41 4.41 4.41 4.42 4.45 4.47 4.49 4.39 3.46 3.31 3.61 3.41 2.29 1.41 0.74 1.41 2.24 2.63 2.87 2.51 1.30 1.22 1.08 0.00 0.00 0.00 0.00 0.00 0.00 0.00 0.00 0.00
-9999.00 2.52 2.58 2.61 2.64 2.66 2.69 2.73 2.77 2.81 2.86 2.91 2.96 3.01 3.05 3.05 3.01 2.97 2.93 2.90 2.81 2.73 2.59 2.44 2.21 -0.26 -3.46 -3.46 -3.40 -3.31 -3.35 -3.66 -2.61 -2.05 -1.75 -1.57 -1.28 -1.14 -1.04 -0.35 0.25 0.45 0.01 0.02 0.04 0.00 2.17 3.85 4.45 4.42 4.37 4.35 4.36 4.37 4.40 4.43 4.45 4.45 4.47 3.95 3.49 3.93 3.23 2.14 1.10 0.80 1.44 2.00 2.60 2.97 2.63 1.36 1.40 0.38 0.00 0.00 0.00 0.00 0.00 0.00 0.00 0.00 0.00
-9999.00 2.49 2.54 2.58 2.61 2.64 2.67 2.72 2.76 2.80 2.85 2.90 2.95 2.98 3.01 2.99 2.98 2.95 2.90 2.82 2.71 2.59 2.49 2.37 2.13 -0.68 -3.49 -3.46 -3.34 -3.34 -3.44 -3.54 -2.51 -1.98 -1.71 -1.54 -1.24 -1.11 -1.00 -0.47 0.22 0.35 0.01 0.03 0.04 0.00 2.54 4.18 4.41 4.38 4.31 4.27 4.27 4.29 4.35 4.38 4.40 4.43 4.43 4.44 4.42 4.33 3.93 2.97 0.95 0.73 1.58 2.13 2.71 3.08 2.73 1.42 1.40 0.00 0.00 0.00 0.00 0.00 0.00 0.00 0.00 0.00 0.00
-9999.00 2.48 2.52 2.56 2.60 2.63 2.66 2.70 2.75 2.79 2.84 2.87 2.91 2.93 2.95 2.97 2.96 2.91 2.84 2.72 2.61 2.52 2.37 2.28 2.11 -0.90 -3.49 -3.47 -3.36 -3.36 -3.52 -3.46 -2.47 -1.95 -1.67 -1.48 -1.19 -1.07 -0.95 -0.44 0.27 0.13 0.02 0.04 0.03 0.10 1.86 3.62 4.29 4.27 4.24 4.21 4.22 4.24 4.28 4.34 4.37 4.39 4.40 4.41 4.39 4.37 4.17 3.80 2.45 1.01 1.71 2.21 2.69 3.14 2.84 1.61 1.42 0.00 0.00 0.00 0.00 0.00 0.00 0.00 0.00 0.00 0.00
-9999.00 2.48 2.52 2.56 2.60 2.63 2.66 2.69 2.74 2.76 2.79 2.83 2.86 2.89 2.92 2.94 2.90 2.83 2.73 2.63 2.54 2.47 2.34 2.25 2.10 -1.14 -3.50 -3.48 -3.36 -3.37 -3.51 -3.66 -2.64 -1.99 -1.64 -1.41 -1.20 -0.94 -0.83 -0.26 0.62 1.06 0.02 0.02 0.00 0.44 1.88 3.42 4.17 4.18 4.18 4.16 4.17 4.21 4.29 4.32 4.34 4.37 3.10 3.41 4.38 4.35 4.33 4.31 4.27 3.16 1.79 2.31 2.74 3.18 3.02 2.18 2.06 0.00 0.00 0.00 0.00 0.00 0.00 0.00 0.00 0.00 0.00
-9999.00 2.48 2.52 2.56 2.60 2.62 2.65 2.67 2.70 2.72 2.75 2.79 2.83 2.87 2.90 2.88 2.81 2.73 2.64 2.56 2.48 2.43 2.32 2.22 2.07 -1.50 -3.51 -3.43 -3.40 -3.39 -3.44 -3.68 -2.75 -2.02 -1.54 -1.30 -1.00 -0.79 -0.62 -0.12 0.59 0.00 0.07 0.00 0.08 0.94 2.29 3.52 4.06 4.12 4.14 4.15 4.16 4.20 4.24 4.30 4.33 4.34 2.11 1.95 2.93 4.36 4.36 4.32 4.29 4.31 2.10 2.35 2.60 3.20 3.27 2.82 2.56 0.00 0.00 0.00 0.00 0.00 0.00 0.00 0.00 0.00 0.00
-9999.00 2.44 2.52 2.55 2.58 2.60 2.61 2.63 2.65 2.68 2.72 2.77 2.81 2.84 2.85 2.78 2.72 2.62 2.55 2.48 2.43 2.40 2.32 2.18 2.05 -1.73 -3.51 -3.49 -3.45 -3.40 -3.42 -3.67 -2.78 -2.00 -1.48 -1.14 -0.92 -0.70 -0.47 0.00 0.77 0.45 0.04 0.05 0.64 1.67 3.15 3.93 4.04 4.10 4.14 4.17 4.19 4.21 4.27 4.29 4.31 2.97 1.60 1.99 2.39 2.89 2.62 2.69 4.19 4.31 2.41 2.21 2.77 3.25 3.12 2.72 2.46 0.00 0.00 0.00 0.00 0.00 0.00 0.00 0.00 0.00 0.00
-9999.00 2.42 2.49 2.52 2.54 2.56 2.58 2.59 2.64 2.68 2.72 2.73 2.75 2.75 2.73 2.65 2.61 2.56 2.51 2.45 2.41 2.38 2.30 2.15 2.02 -1.95 -3.52 -3.51 -3.50 -3.46 -3.45 -3.69 -2.69 -1.91 -1.38 -1.06 -0.85 -0.57 -0.25 0.10 0.83 2.38 2.49 1.77 1.49 2.95 3.87 3.92 4.05 4.12 4.17 4.20 4.22 4.23 4.27 4.29 3.39 1.76 1.84 2.34 2.41 2.44 2.31 2.26 3.76 4.25 2.94 2.34 2.82 3.28 3.25 2.67 2.67 0.99 0.00 0.00 0.00 0.00 0.00 0.00 0.00 0.00 0.00
-9999.00 2.40 2.46 2.49 2.51 2.54 2.56 2.59 2.61 2.64 2.66 2.66 2.66 2.65 2.63 2.59 2.56 2.52 2.48 2.44 2.40 2.36 2.28 2.13 1.99 -2.16 -3.52 -3.56 -3.55 -3.51 -3.62 -3.55 -2.51 -1.77 -1.27 -0.97 -0.78 -0.55 -0.02 0.21 0.84 2.47 2.85 3.16 3.53 3.77 3.90 4.01 4.11 4.20 4.25 4.26 4.26 4.26 4.27 4.29 2.86 1.41 1.45 2.36 2.44 2.59 2.45 2.42 3.45 4.20 3.21 2.65 3.02 3.30 3.12 2.53 2.70 2.23 0.88 0.00 0.00 0.00 0.00 0.00 0.00 0.00 0.00
2.37 2.41 2.45 2.48 2.51 2.54 2.56 2.57 2.58 2.58 2.58 2.57 2.58 2.58 2.57 2.54 2.53 2.50 2.47 2.42 2.38 2.34 2.26 2.10 1.97 -2.35 -3.54 -3.60 -3.59 -3.57 -3.87 -3.18 -2.28 -1.60 -1.14 -0.83 -0.65 -0.26 0.30 0.52 1.77 2.47 2.89 3.21 3.61 3.79 3.90 3.98 4.08 4.17 4.23 4.26 4.27 4.27 4.28 4.22 1.96 1.30 1.55 2.26 2.34 2.35 2.28 2.27 3.08 4.14 2.33 2.45 2.83 3.29 3.14 2.37 2.42 2.13 2.26 1.13 0.00 0.00 0.00 0.00 0.00 0.00 0.00
2.37 2.42 2.45 2.48 2.51 2.52 2.52 2.52 2.51 2.50 2.50 2.50 2.51 2.52 2.52 2.52 2.50 2.49 2.45 2.41 2.37 2.33 2.24 2.08 1.92 -2.53 -3.57 -3.62 -3.62 -3.62 -3.84 -2.75 -1.92 -1.34 -0.95 -0.75 -0.50 -0.05 0.49 0.85 1.43 2.38 2.87 3.21 3.57 3.79 3.89 3.96 4.05 4.15 4.21 4.25 4.26 4.27 4.27 3.19 1.63 1.22 2.07 2.25 2.28 2.21 2.15 2.28 2.90 4.08 2.20 1.90 2.45 3.47 2.97 2.32 2.18 2.00 2.22 2.04 1.70 0.91 0.00 0.00 0.00 0.00 0.00
2.37 2.41 2.44 2.46 2.47 2.47 2.46 2.45 2.44 2.43 2.44 2.45 2.46 2.48 2.49 2.49 2.49 2.47 2.44 2.40 2.36 2.31 2.22 2.14 1.86 -2.81 -3.62 -3.65 -3.62 -3.62 -3.66 -2.57 -1.75 -1.19 -0.83 -0.67 -0.31 0.16 0.68 1.01 1.38 2.06 2.75 3.22 3.48 3.73 3.87 3.94 4.01 4.13 4.19 4.24 4.27 4.27 4.27 2.52 1.28 1.37 2.10 2.13 2.11 2.12 2.42 2.10 2.71 3.92 1.98 2.14 2.45 3.39 2.69 2.10 2.00 1.83 1.92 1.70 1.30 0.84 0.18 0.00 0.00 0.00 0.00
2.36 2.37 2.39 2.40 2.40 2.39 2.39 2.38 2.38 2.39 2.40 2.41 2.43 2.45 2.46 2.46 2.46 2.45 2.42 2.39 2.34 2.29 2.21 2.13 1.82 -3.02 -3.65 -3.65 -3.61 -3.62 -4.05 -2.47 -1.63 -1.09 -0.75 -0.54 -0.13 0.36 0.84 1.01 1.43 1.86 2.56 3.15 3.41 3.63 3.77 3.92 3.97 4.09 4.17 4.22 4.25 4.27 4.16 2.53 0.49 1.50 2.06 2.09 1.96 2.08 2.04 1.85 2.79 2.02 2.02 2.53 3.25 3.29 2.87 1.93 1.74 1.64 1.67 1.56 1.02 0.36 0.02 0.00 0.00 0.00 0.00
2.30 2.31 2.32 2.33 2.33 2.33 2.33 2.33 2.34 2.34 2.37 2.38 2.40 2.42 2.44 2.45 2.45 2.44 2.42 2.38 2.33 2.29 2.21 2.12 1.77 -3.21 -3.67 -3.66 -3.60 -3.59 -4.04 -2.44 -1.57 -1.01 -0.69 -0.39 0.06 0.54 0.88 1.16 1.50 1.90 2.45 3.01 3.31 3.47 3.56 3.79 3.92 4.04 4.13 4.20 4.23 4.27 3.63 2.46 0.68 1.89 2.26 2.19 2.37 2.15 2.13 1.95 3.09 1.93 1.88 2.28 3.21 3.22 3.24 1.86 1.70 1.26 1.56 1.39 0.82 0.09 0.00 0.00 0.00 0.00 0.00
2.23 2.24 2.23 2.25 2.26 2.27 2.28 2.29 2.31 2.33 2.36 2.37 2.38 2.40 2.42 2.44 2.44 2.43 2.41 2.38 2.33 2.28 2.20 2.12 1.66 -3.38 -3.68 -3.66 -3.59 -3.56 -4.02 -2.42 -1.51 -0.95 -0.63 -0.25 0.23 0.70 1.04 1.32 1.66 1.96 2.25 2.63 2.94 3.07 3.35 3.63 3.89 4.02 4.12 4.19 4.25 4.26 3.28 2.05 0.97 2.04 2.17 2.33 2.38 1.99 2.00 2.07 3.71 2.62 1.96 2.36 3.15 3.18 3.05 1.63 2.13 1.38 1.72 1.36 0.63 0.00 0.00 0.00 0.00 0.00 0.00
2.11 2.17 2.19 2.21 2.23 2.24 2.26 2.28 2.30 2.33 2.35 2.37 2.38 2.40 2.42 2.43 2.43 2.43 2.41 2.38 2.33 2.28 2.20 2.11 1.45 -3.50 -3.69 -3.65 -3.58 -3.53 -4.00 -2.39 -1.43 -0.81 -0.57 -0.08 0.45 0.89 1.20 1.62 1.72 1.96 2.17 2.47 2.57 2.54 2.61 3.44 3.91 4.04 4.12 4.17 4.21 4.26 3.67 1.66 0.94 1.83 1.74 2.30 2.07 1.96 2.26 3.16 3.78 1.92 2.23 2.67 3.12 3.11 2.99 1.86 2.25 1.24 1.54 0.80 0.11 0.00 0.00 0.00 0.00 0.00 0.00
2.10 2.12 2.15 2.18 2.21 2.23 2.26 2.28 2.30 2.33 2.35 2.36 2.38 2.40 2.41 2.43 2.43 2.43 2.41 2.38 2.33 2.27 2.19 2.10 1.99 -3.69 -3.68 -3.64 -3.57 -3.53 -3.98 -2.30 -1.29 -0.65 -0.54 -0.00 0.54 0.98 1.26 1.64 1.77 1.95 2.12 2.25 2.33 2.11 0.02 2.38 3.85 4.07 4.12 4.16 4.23 4.25 4.26 1.21 1.02 1.72 1.60 1.97 1.94 3.56 3.77 3.76 2.21 1.42 1.91 2.30 3.04 3.02 2.96 2.83 2.20 1.31 1.50 0.61 0.06 0.00 0.00 0.00 0.00 0.00 0.00
2.09 2.12 2.15 2.19 2.21 2.23 2.26 2.28 2.31 2.33 2.35 2.37 2.38 2.40 2.42 2.43 2.43 2.43 2.41 2.38 2.32 2.26 2.19 2.08 1.94 -3.65 -3.67 -3.64 -3.58 -3.57 -3.93 -2.79 -1.21 -0.50 -0.43 0.07 0.63 1.03 1.30 1.89 1.92 2.02 2.11 2.22 1.18 0.00 0.09 2.38 3.44 4.05 4.12 4.14 4.22 4.25 4.25 0.70 0.98 1.56 1.51 1.78 2.02 3.75 3.75 3.74 1.85 1.91 1.81 2.47 3.03 3.03 3.02 2.98 2.29 0.90 1.31 0.74 0.07 0.00 0.00 0.00 0.00 0.00 0.00
2.10 2.13 2.16 2.19 2.22 2.24 2.27 2.31 2.33 2.35 2.36 2.37 2.41 2.41 2.43 2.44 2.44 2.44 2.41 2.37 2.32 2.25 2.18 2.06 1.82 -3.68 -3.65 -3.63 -3.58 -3.63 -3.86 -2.69 -1.15 -0.43 -0.41 0.19 0.82 1.02 1.50 1.93 2.00 2.06 2.15 2.24 0.39 0.22 0.03 2.06 2.66 2.99 3.49 4.19 4.22 4.25 3.49 0.00 0.17 0.88 1.28 1.85 1.96 3.43 3.73 3.73 2.47 1.81 1.74 2.33 3.03 3.03 3.03 2.98 2.30 0.90 1.30 0.84 0.00 0.00 0.00 0.00 0.00 0.00 0.00
2.12 2.15 2.18 2.22 2.24 2.27 2.30 2.32 2.35 2.36 2.38 2.40 2.41 2.44 2.44 2.45 2.47 2.47 2.42 2.37 2.32 2.25 2.18 2.05 1.60 -3.67 -3.64 -3.61 -3.58 -3.67 -3.78 -2.58 -1.10 -0.47 -0.47 0.37 0.93 1.14 1.41 1.87 1.95 2.07 2.07 2.01 0.01 0.03 0.41 2.14 2.13 2.04 2.51 4.20 4.23 4.25 2.65 0.00 0.05 0.15 1.12 1.81 1.88 3.52 3.71 3.73 2.19 1.94 1.89 1.81 3.03 3.04 3.04 2.88 2.55 1.22 1.46 0.11 0.00 0.00 0.00 0.00 0.00 0.00 0.00
2.13 2.17 2.20 2.23 2.26 2.29 2.32 2.34 2.36 2.38 2.39 2.42 2.44 2.46 2.47 2.48 2.48 2.48 2.43 2.37 2.32 2.25 2.18 2.04 1.12 -3.66 -3.62 -3.59 -3.57 -3.67 -3.71 -2.51 -1.05 -0.58 -0.35 0.45 0.90 1.16 1.24 1.66 1.88 1.97 2.07 0.04 0.00 0.00 1.03 2.22 2.23 2.13 2.71 3.97 4.25 4.27 1.90 0.00 0.08 0.27 1.33 1.75 2.20 3.68 3.71 2.60 1.74 2.14 1.98 1.94 3.05 3.07 3.09 2.94 2.64 1.51 0.54 0.00 0.00 0.00 0.00 0.00 0.00 0.00 0.00
2.15 2.18 2.21 2.24 2.28 2.31 2.34 2.36 2.39 2.40 2.42 2.44 2.47 2.48 2.49 2.50 2.50 2.50 2.44 2.38 2.32 2.26 2.18 2.02 -0.75 -3.71 -3.57 -3.57 -3.54 -3.62 -3.71 -2.55 -1.06 -0.74 -0.17 0.60 0.79 1.02 1.27 1.58 1.81 1.93 2.12 0.06 0.04 0.81 1.98 2.20 2.20 2.17 2.87 4.27 4.27 4.28 1.09 0.00 0.04 0.72 1.63 1.82 2.92 3.67 2.95 1.73 1.59 2.03 1.74 2.08 3.10 3.14 2.90 3.16 2.01 1.67 0.00 0.00 0.00 0.00 0.00 0.00 0.00 0.00 0.00
2.16 2.19 2.22 2.25 2.29 2.32 2.35 2.38 2.41 2.42 2.44 2.45 2.49 2.50 2.51 2.52 2.52 2.51 2.47 2.40 2.34 2.28 2.15 2.01 -3.73 -3.63 -3.55 -3.52 -3.46 -3.43 -3.75 -2.77 -1.62 -0.89 -0.09 0.57 0.77 0.91 1.01 1.55 1.75 1.89 1.86 0.00 0.36 1.51 2.06 2.29 2.30 2.16 2.88 4.28 4.29 4.29 0.48 0.12 0.17 1.26 1.65 1.89 3.06 3.65 2.93 1.74 1.65 2.00 1.51 2.18 3.15 3.18 2.94 3.22 2.30 2.04 0.00 0.00 0.00 0.00 0.00 0.00 0.00 0.00 0.00
2.16 2.20 2.23 2.26 2.30 2.34 2.37 2.40 2.42 2.45 2.46 2.48 2.52 2.53 2.53 2.54 2.55 2.54 2.48 2.42 2.35 2.28 2.13 1.94 -3.17 -3.62 -3.54 -3.47 -3.41 -3.39 -3.31 -3.30 -1.84 -1.22 -0.05 0.45 0.69 0.80 0.99 1.52 1.69 1.81 1.40 0.01 0.76 1.94 2.01 2.29 2.31 2.22 3.06 4.30 4.30 3.06 0.04 0.08 0.23 1.26 1.46 1.63 3.54 3.63 3.04 1.67 1.62 1.73 1.65 2.44 3.19 3.21 3.23 3.26 2.62 2.18 1.43 0.00 0.00 0.00 0.00 0.00 0.00 0.00 0.00
2.16 2.20 2.23 2.26 2.31 2.35 2.39 2.42 2.45 2.47 2.49 2.53 2.54 2.54 2.55 2.56 2.57 2.56 2.53 2.44 2.37 2.28 2.11 1.64 -3.72 -3.61 -3.52 -3.44 -3.39 -3.35 -3.24 -2.86 -2.69 -1.29 -0.00 0.38 0.50 0.56 0.97 1.39 1.64 1.76 0.84 0.17 0.99 2.08 2.05 2.29 2.33 2.89 4.36 4.35 3.78 0.43 0.27 0.24 0.23 0.97 1.41 2.07 3.62 3.62 2.77 1.62 1.60 1.27 1.40 2.22 3.02 3.10 2.85 3.29 3.32 1.12 0.00 0.00 0.00 0.00 0.00 0.00 0.00 0.00 0.00
2.16 2.20 2.23 2.27 2.32 2.36 2.40 2.43 2.46 2.49 2.51 2.55 2.56 2.56 2.58 2.59 2.60 2.59 2.56 2.47 2.38 2.29 2.10 0.80 -3.68 -3.63 -3.51 -3.43 -3.37 -3.32 -3.19 -2.85 -2.96 -1.16 -0.03 0.25 0.36 0.39 1.15 1.38 1.60 1.19 0.08 0.37 1.91 2.16 2.06 2.27 2.38 3.29 4.41 4.38 1.84 0.21 0.28 0.21 0.29 1.01 1.48 2.64 3.62 3.62 2.47 1.38 1.84 1.45 1.74 2.47 2.31 2.02 2.20 3.31 2.82 0.00 0.00 0.00 0.00 0.00 0.00 0.00 0.00 0.00 0.00
2.15 2.19 2.23 2.27 2.31 2.37 2.41 2.45 2.48 2.50 2.52 2.56 2.57 2.58 2.60 2.62 2.63 2.62 2.58 2.48 2.40 2.29 2.09 -0.55 -3.73 -3.63 -3.50 -3.42 -3.37 -3.32 -3.27 -2.99 -1.93 -1.63 -0.08 0.17 0.26 0.58 1.15 1.36 0.26 0.16 0.02 0.86 1.91 2.17 2.01 2.15 2.42 3.72 4.44 3.88 0.90 0.28 0.27 0.09 0.48 1.17 1.66 3.10 3.63 3.62 2.53 1.58 2.04 1.49 2.02 2.77 2.52 1.72 1.60 2.07 1.70 0.00 0.00 0.00 0.00 0.00 0.00 0.00 0.00 0.00 0.00
2.14 2.18 2.23 2.27 2.32 2.38 2.42 2.46 2.49 2.51 2.55 2.56 2.59 2.60 2.62 2.64 2.66 2.65 2.61 2.50 2.42 2.28 2.08 -2.54 -3.69 -3.63 -3.51 -3.43 -3.37 -3.35 -3.41 -2.36 -1.66 -1.51 -0.18 0.08 0.16 0.68 1.11 1.28 0.00 0.21 0.09 1.12 1.85 2.17 2.03 2.19 3.10 4.51 4.46 1.34 0.81 0.28 0.31 0.14 0.71 1.23 1.72 3.26 3.63 3.63 2.80 2.04 1.37 1.57 2.27 3.05 1.51 0.00 0.00 0.00 0.00 0.00 0.00 0.00 0.00 0.00 0.00 0.00 0.00 0.00 0.00
2.13 2.18 2.22 2.27 2.32 2.38 2.43 2.46 2.49 2.52 2.56 2.57 2.60 2.62 2.64 2.68 2.69 2.69 2.64 2.53 2.44 2.27 2.00 -3.27 -3.69 -3.63 -3.51 -3.43 -3.38 -3.36 -3.18 -2.11 -1.61 -1.52 -0.25 -0.01 0.09 0.77 1.11 1.23 0.03 0.24 0.04 0.93 1.92 2.23 2.12 2.22 3.33 4.54 2.31 1.25 0.90 0.50 0.33 0.60 0.96 1.39 1.61 3.57 3.65 3.56 2.78 1.99 1.59 1.77 2.15 2.95 0.00 0.00 0.00 0.00 0.00 0.00 0.00 0.00 0.00 0.00 0.00 0.00 0.00 0.00 0.00
2.13 2.17 2.22 2.27 2.32 2.38 2.42 2.46 2.49 2.52 2.57 2.59 2.63 2.65 2.67 2.69 2.70 2.70 2.65 2.60 2.46 2.28 1.71 -3.74 -3.69 -3.64 -3.51 -3.43 -3.38 -3.38 -2.93 -2.10 -1.56 -1.58 -0.29 -0.09 0.03 0.80 1.09 1.17 0.25 0.20 0.00 0.91 2.03 2.27 2.24 2.30 2.71 4.59 1.58 1.28 0.87 0.51 0.42 0.55 1.18 1.45 1.81 2.55 3.69 3.53 2.80 1.91 1.55 1.70 1.91 1.64 0.00 0.00 0.00 0.00 0.00 0.00 0.00 0.00 0.00 0.00 0.00 0.00 0.00 0.00 0.00
2.13 2.17 2.22 2.27 2.31 2.37 2.41 2.45 2.48 2.51 2.54 2.60 2.65 2.67 2.70 2.71 2.72 2.71 2.66 2.61 2.48 2.29 0.88 -3.74 -3.69 -3.64 -3.56 -3.44 -3.39 -3.40 -2.71 -2.23 -1.57 -1.55 -0.36 -0.15 0.29 0.84 1.03 0.04 0.53 0.23 0.50 1.32 2.21 2.36 2.33 2.37 2.75 4.62 1.48 1.26 0.65 0.47 0.41 0.24 1.03 1.49 1.02 2.46 3.72 2.99 2.56 1.67 1.77 1.68 1.41 0.00 0.00 0.00 0.00 0.00 0.00 0.00 0.00 0.00 0.00 0.00 0.00 0.00 0.00 0.00 0.00
2.13 2.18 2.22 2.27 2.31 2.35 2.40 2.44 2.47 2.51 2.54 2.61 2.66 2.70 2.72 2.73 2.73 2.71 2.67 2.61 2.49 2.29 -0.40 -3.73 -3.69 -3.65 -3.57 -3.44 -3.38 -3.38 -2.63 -2.33 -1.64 -1.45 -0.94 -0.22 -0.19 0.88 0.03 0.05 0.44 0.29 0.64 1.52 2.33 2.45 2.41 2.46 2.90 4.65 1.47 1.25 0.59 0.51 0.39 0.17 1.13 1.24 0.88 3.05 3.76 2.87 1.69 1.69 1.58 0.88 0.00 0.00 0.00 0.00 0.00 0.00 0.00 0.00 0.00 0.00 0.00 0.00 0.00 0.00 0.00 0.00 0.00
2.14 2.18 2.23 2.27 2.31 2.35 2.40 2.43 2.47 2.51 2.58 2.62 2.66 2.71 2.74 2.75 2.74 2.72 2.68 2.61 2.49 2.30 -1.83 -3.77 -3.69 -3.65 -3.60 -3.45 -3.28 -3.31 -2.74 -2.15 -1.72 -1.47 -1.05 -0.26 -0.12 0.93 0.84 0.09 0.16 0.40 0.73 1.98 2.49 2.59 2.53 2.62 3.30 4.67 1.49 1.31 0.57 0.53 0.40 0.39 0.83 0.78 1.23 3.36 3.79 2.53 1.58 2.01 2.59 0.00 0.00 0.00 0.00 0.00 0.00 0.00 0.00 0.00 0.00 0.00 0.00 0.00 0.00 0.00 0.00 0.00 0.00
2.14 2.18 2.23 2.27 2.31 2.34 2.40 2.43 2.47 2.51 2.59 2.63 2.67 2.72 2.74 2.75 2.75 2.72 2.69 2.62 2.46 2.24 -3.23 -3.78 -3.69 -3.67 -3.63 -3.46 -3.23 -3.22 -2.73 -2.11 -1.73 -1.43 -1.13 -0.28 -0.03 1.03 1.12 0.88 0.02 0.34 0.84 2.26 2.62 3.05 2.80 2.62 3.79 4.69 1.51 1.42 0.64 0.56 0.44 0.70 0.77 1.40 1.82 3.55 3.84 2.64 1.62 2.29 1.98 0.00 0.00 0.00 0.00 0.00 0.00 0.00 0.00 0.00 0.00 0.00 0.00 0.00 0.00 0.00 0.00 0.00 0.00
