tsunami_inundation/3030.asc
ncols        89
nrows        96
xllcorner    425855.973699999973
yllcorner    5091051.504999999888
cellsize     55.000000000000
NODATA_value  -9999.00
[rows 37 to 73 of 96, columns 0 to 82 of 89]
2.15 2.19 2.23 2.27 2.31 2.34 2.39 2.43 2.47 2.56 2.60 2.63 2.67 2.72 2.74 2.75 2.74 2.71 2.68 2.61 2.56 1.92 -3.78 -3.73 -3.70 -3.69 -3.68 -3.54 -3.21 -3.17 -2.49 -2.13 -1.77 -1.43 -1.08 -0.30 -0.03 1.05 1.16 1.17 0.03 0.35 0.98 2.26 2.64 3.24 3.14 2.76 4.58 4.71 1.54 1.43 0.59 0.48 0.52 0.61 0.83 1.68 1.79 3.79 3.86 3.21 2.78 2.49 1.17 0.00 0.00 0.00 0.00 0.00 0.00 0.00 0.00 0.00 0.00 0.00 0.00 0.00 0.00 0.00 0.00 0.00 0.00
2.16 2.20 2.23 2.28 2.32 2.34 2.39 2.44 2.48 2.57 2.61 2.64 2.68 2.72 2.74 2.74 2.73 2.70 2.67 2.61 2.53 1.05 -3.78 -3.74 -3.71 -3.71 -3.72 -3.80 -3.09 -2.76 -2.31 -2.12 -1.98 -1.43 -1.03 0.05 0.91 1.11 1.17 0.21 0.00 0.35 1.07 2.29 2.70 3.05 2.73 3.14 4.73 1.81 1.55 1.33 0.55 0.48 0.54 0.38 1.24 1.83 1.98 3.88 3.88 3.46 3.06 2.12 1.69 0.00 0.00 0.00 0.00 0.00 0.00 0.00 0.00 0.00 0.00 0.00 0.00 0.00 0.00 0.00 0.00 0.00 0.00
2.17 2.21 2.25 2.29 2.33 2.36 2.40 2.45 2.49 2.59 2.63 2.65 2.68 2.72 2.74 2.73 2.72 2.69 2.65 2.60 2.50 -0.17 -3.79 -3.76 -3.73 -3.72 -3.76 -3.81 -2.84 -2.46 -2.21 -2.09 -2.06 -1.37 -0.73 -0.44 0.98 1.18 1.27 0.00 0.00 0.40 1.45 2.33 2.58 2.90 2.76 4.13 4.71 1.79 1.56 1.31 0.58 0.54 0.58 0.36 1.37 1.80 2.32 3.90 3.90 3.49 1.78 2.11 2.78 0.00 0.00 0.00 0.00 0.00 0.00 0.00 0.00 0.00 0.00 0.00 0.00 0.00 0.00 0.00 0.00 0.00 0.00
2.17 2.22 2.26 2.30 2.34 2.37 2.41 2.47 2.51 2.56 2.64 2.67 2.70 2.72 2.73 2.73 2.71 2.68 2.62 2.58 2.46 -1.42 -3.81 -3.78 -3.75 -3.73 -3.79 -3.52 -2.71 -2.33 -2.13 -2.00 -1.93 -1.13 -0.59 0.43 1.08 1.22 1.31 0.04 0.05 0.35 1.84 2.41 2.64 2.91 2.96 4.75 4.75 1.76 1.60 1.36 0.60 0.55 0.50 0.53 1.81 2.21 3.33 3.91 3.90 3.39 2.29 1.85 2.27 1.45 0.00 0.00 0.00 0.00 0.00 0.00 0.00 0.00 0.00 0.00 0.00 0.00 0.00 0.00 0.00 0.00 0.00
2.18 2.23 2.27 2.31 2.35 2.38 2.42 2.48 2.52 2.56 2.64 2.67 2.70 2.72 2.73 2.73 2.70 2.66 2.60 2.53 2.42 -2.43 -3.86 -3.81 -3.79 -3.74 -3.72 -3.28 -2.61 -2.27 -1.97 -1.82 -1.80 -1.17 -0.62 -0.59 1.16 1.32 1.34 0.05 0.05 0.20 1.56 2.49 2.74 2.75 3.53 4.76 4.76 1.61 1.52 1.27 0.60 0.53 0.31 1.12 2.37 3.50 3.92 3.88 3.91 3.70 2.86 2.05 1.87 1.62 1.74 1.95 0.00 0.00 0.00 0.00 0.00 0.00 0.00 0.00 0.00 0.00 0.00 0.00 0.00 0.00 0.00
2.19 2.23 2.28 2.32 2.35 2.38 2.42 2.48 2.56 2.60 2.63 2.66 2.68 2.70 2.72 2.72 2.69 2.65 2.56 2.50 2.35 -1.15 -3.87 -3.85 -3.82 -3.74 -3.64 -3.19 -2.55 -2.18 -1.83 -1.75 -1.65 -1.19 -0.70 0.67 1.29 1.42 1.36 0.01 0.30 0.56 1.73 2.46 2.81 2.77 4.34 4.76 4.76 1.84 1.52 1.15 0.55 0.55 0.27 1.80 3.48 3.94 2.81 2.07 3.31 3.92 2.69 2.05 1.88 1.55 1.66 0.81 0.00 0.00 0.00 0.00 0.00 0.00 0.00 0.00 0.00 0.00 0.00 0.00 0.00 0.00 0.00
2.19 2.24 2.28 2.32 2.35 2.39 2.42 2.46 2.52 2.59 2.62 2.65 2.67 2.69 2.71 2.71 2.68 2.64 2.54 2.46 2.27 -3.88 -3.89 -3.90 -3.88 -3.72 -3.56 -3.13 -2.66 -2.06 -1.77 -1.78 -1.59 -1.04 -0.68 -0.39 1.38 1.51 1.53 0.03 0.56 0.81 2.04 2.47 2.77 2.76 4.77 4.77 3.94 1.83 1.49 1.47 1.26 0.69 0.85 1.83 2.69 3.34 2.74 2.60 3.34 3.92 2.68 1.93 1.90 1.65 1.51 0.00 0.00 0.00 0.00 0.00 0.00 0.00 0.00 0.00 0.00 0.00 0.00 0.00 0.00 0.00 0.00
2.20 2.25 2.29 2.32 2.36 2.39 2.43 2.46 2.51 2.58 2.61 2.64 2.66 2.68 2.69 2.69 2.66 2.61 2.51 2.42 2.21 -2.91 -3.89 -3.92 -3.90 -3.72 -3.40 -3.01 -2.56 -1.93 -1.75 -1.75 -1.42 -1.00 -0.28 1.00 1.44 1.48 0.04 0.00 0.27 1.18 2.79 2.67 2.70 2.66 4.78 4.78 2.77 1.77 1.49 1.47 1.40 0.71 1.22 1.86 1.90 2.01 1.97 2.12 2.42 3.93 2.73 1.87 1.13 0.56 0.16 0.00 0.00 0.00 0.00 0.00 0.00 0.00 0.00 0.00 0.00 0.00 0.00 0.00 0.00 0.00 0.00
2.21 2.25 2.29 2.33 2.36 2.39 2.43 2.46 2.55 2.58 2.61 2.63 2.65 2.67 2.68 2.67 2.63 2.57 2.49 2.38 2.09 -3.83 -3.87 -3.93 -3.91 -3.73 -3.36 -2.89 -2.48 -1.89 -1.82 -1.72 -1.13 -0.92 -0.67 0.79 1.41 1.41 0.03 0.00 0.42 2.19 2.87 2.61 2.66 2.65 4.78 2.19 1.84 1.71 1.53 1.49 1.21 0.70 1.50 1.84 1.86 1.87 1.82 2.08 2.73 3.95 2.35 1.63 0.00 0.00 0.00 0.00 0.00 0.00 0.00 0.00 0.00 0.00 0.00 0.00 0.00 0.00 0.00 0.00 0.00 0.00 0.00
2.18 2.25 2.29 2.32 2.36 2.39 2.43 2.46 2.54 2.58 2.60 2.63 2.65 2.67 2.67 2.65 2.61 2.53 2.46 2.32 1.86 -3.84 -3.83 -3.88 -3.96 -3.71 -3.30 -2.93 -2.38 -1.92 -1.85 -1.68 -0.87 -0.66 -0.59 0.88 1.24 0.28 0.01 0.16 1.43 2.36 2.69 2.79 2.65 2.62 4.79 2.01 1.79 1.63 1.50 1.52 1.04 0.89 1.67 1.95 1.91 1.77 1.69 2.65 3.96 3.24 1.91 0.44 0.00 0.00 0.00 0.00 0.00 0.00 0.00 0.00 0.00 0.00 0.00 0.00 0.00 0.00 0.00 0.00 0.00 0.00 0.00
2.18 2.24 2.28 2.32 2.35 2.38 2.42 2.46 2.54 2.57 2.60 2.62 2.64 2.66 2.66 2.63 2.58 2.48 2.43 2.20 1.10 -3.85 -3.83 -3.83 -3.97 -3.71 -3.33 -2.97 -2.31 -2.04 -1.90 -1.51 -0.75 -0.62 -0.35 0.97 1.17 0.04 0.00 0.15 1.46 2.52 2.56 2.69 3.38 3.36 4.79 3.88 1.65 1.60 1.49 1.43 0.91 1.01 1.68 2.01 1.89 1.70 1.82 3.98 2.70 1.95 0.35 0.00 0.00 0.00 0.00 0.00 0.00 0.00 0.00 0.00 0.00 0.00 0.00 0.00 0.00 0.00 0.00 0.00 0.00 0.00 0.00
2.18 2.24 2.28 2.31 2.34 2.38 2.42 2.45 2.54 2.56 2.59 2.61 2.63 2.65 2.64 2.61 2.56 2.46 2.37 2.12 0.30 -3.78 -3.81 -3.81 -3.87 -3.80 -3.40 -2.93 -2.34 -2.12 -2.01 -1.08 -0.64 -0.59 -0.09 1.01 1.17 0.06 0.00 0.19 1.56 2.53 2.39 2.63 2.96 2.79 4.80 1.74 1.61 1.58 1.46 1.10 0.77 0.94 1.64 1.87 1.82 1.92 2.38 4.04 2.37 1.69 0.00 0.00 0.00 0.00 0.00 0.00 0.00 0.00 0.00 0.00 0.00 0.00 0.00 0.00 0.00 0.00 0.00 0.00 0.00 0.00 0.00
2.19 2.24 2.28 2.31 2.34 2.37 2.41 2.45 2.52 2.55 2.58 2.60 2.62 2.64 2.63 2.61 2.54 2.45 2.31 2.04 -0.62 -3.79 -3.78 -3.78 -3.80 -3.82 -3.59 -2.89 -2.34 -2.15 -1.59 -0.74 -0.60 -0.56 0.07 1.07 1.11 0.09 0.00 0.56 2.24 2.73 2.62 2.70 2.65 2.73 4.80 3.96 1.59 1.58 1.40 0.66 0.57 0.93 1.70 1.86 1.85 2.08 2.27 3.67 2.41 1.55 0.00 0.00 0.00 0.00 0.00 0.00 0.00 0.00 0.00 0.00 0.00 0.00 0.00 0.00 0.00 0.00 0.00 0.00 0.00 0.00 0.00
2.20 2.25 2.28 2.31 2.34 2.38 2.41 2.44 2.52 2.55 2.57 2.60 2.62 2.63 2.62 2.60 2.51 2.41 2.24 1.97 -1.54 -3.77 -3.74 -3.74 -3.77 -3.75 -3.66 -2.94 -2.32 -2.15 -1.29 -0.69 -0.55 -0.48 0.91 1.07 0.19 0.19 0.45 1.30 2.37 2.66 2.70 2.76 2.73 2.82 4.80 1.77 1.63 1.67 1.20 1.10 1.22 1.16 1.73 1.97 1.94 2.18 2.26 3.80 4.10 1.12 0.00 0.00 0.00 0.00 0.00 0.00 0.00 0.00 0.00 0.00 0.00 0.00 0.00 0.00 0.00 0.00 0.00 0.00 0.00 0.00 0.00
2.20 2.24 2.28 2.31 2.35 2.38 2.41 2.47 2.51 2.55 2.57 2.60 2.62 2.62 2.61 2.58 2.47 2.35 2.15 1.91 -3.79 -3.75 -3.73 -3.71 -3.72 -3.69 -3.72 -2.82 -2.29 -2.16 -1.17 -0.58 -0.45 0.36 0.93 0.96 0.06 0.38 0.85 1.42 1.92 2.31 2.32 2.20 2.48 3.36 4.79 1.82 1.74 1.70 1.21 1.50 1.19 1.28 1.86 2.07 1.91 2.02 2.17 3.28 4.19 0.00 0.00 0.00 0.00 0.00 0.00 0.00 0.00 0.00 0.00 0.00 0.00 0.00 0.00 0.00 0.00 0.00 0.00 0.00 0.00 0.00 0.00
2.20 2.24 2.28 2.31 2.35 2.38 2.41 2.47 2.52 2.55 2.58 2.60 2.62 2.61 2.59 2.55 2.41 2.29 2.07 1.83 -3.77 -3.73 -3.72 -3.70 -3.70 -3.62 -3.80 -2.66 -2.24 -2.14 -1.65 -0.51 -0.44 0.48 0.91 0.71 0.03 0.61 1.55 1.29 1.38 1.60 1.64 1.84 2.63 4.17 4.27 1.85 1.78 1.60 1.22 1.39 1.21 1.43 1.90 2.23 2.03 2.05 2.34 4.24 2.11 0.00 0.00 0.00 0.00 0.00 0.00 0.00 0.00 0.00 0.00 0.00 0.00 0.00 0.00 0.00 0.00 0.00 0.00 0.00 0.00 0.00 0.00
2.20 2.23 2.28 2.31 2.34 2.38 2.41 2.47 2.51 2.56 2.58 2.61 2.62 2.60 2.54 2.46 2.30 2.20 1.98 1.61 -3.39 -3.72 -3.70 -3.69 -3.67 -3.55 -3.83 -2.57 -2.17 -2.09 -1.66 -0.54 -0.46 -0.15 0.88 0.09 0.51 0.68 1.64 0.99 0.70 0.83 1.41 2.30 3.01 4.80 4.80 1.72 1.79 1.55 1.30 1.37 1.35 1.74 1.97 2.04 2.20 2.42 2.64 3.29 0.93 0.00 0.00 0.00 0.00 0.00 0.00 0.00 0.00 0.00 0.00 0.00 0.00 0.00 0.00 0.00 0.00 0.00 0.00 0.00 0.00 0.00 0.00
2.20 2.22 2.27 2.30 2.34 2.38 2.45 2.49 2.53 2.57 2.59 2.60 2.59 2.55 2.49 2.40 2.30 2.14 1.94 1.30 -3.73 -3.70 -3.68 -3.68 -3.64 -3.55 -3.65 -2.40 -2.10 -2.02 -1.80 -0.58 -0.48 -0.08 0.82 0.25 0.48 0.48 1.69 0.85 0.68 0.87 1.70 2.50 3.29 4.80 3.96 1.58 1.74 1.51 1.46 1.39 1.34 1.85 2.07 2.20 2.66 3.20 3.61 4.31 0.00 0.00 0.00 0.00 0.00 0.00 0.00 0.00 0.00 0.00 0.00 0.00 0.00 0.00 0.00 0.00 0.00 0.00 0.00 0.00 0.00 0.00 0.00
2.19 2.21 2.26 2.29 2.33 2.37 2.41 2.49 2.53 2.57 2.58 2.57 2.55 2.49 2.43 2.35 2.24 2.09 1.90 -3.61 -3.71 -3.68 -3.66 -3.67 -3.62 -3.55 -3.42 -2.30 -2.06 -2.00 -1.57 -0.59 -0.50 0.63 0.73 0.27 0.28 0.52 1.47 0.69 0.92 1.60 2.32 2.61 4.32 4.80 3.70 1.64 1.81 1.49 1.23 1.31 1.51 2.01 2.24 2.35 2.85 4.14 4.32 3.13 0.00 0.00 0.00 0.00 0.00 0.00 0.00 0.00 0.00 0.00 0.00 0.00 0.00 0.00 0.00 0.00 0.00 0.00 0.00 0.00 0.00 0.00 0.00
2.22 2.22 2.24 2.29 2.33 2.37 2.45 2.49 2.52 2.55 2.55 2.53 2.50 2.44 2.37 2.29 2.19 2.05 1.87 -0.02 -3.69 -3.66 -3.65 -3.66 -3.62 -3.61 -3.06 -2.25 -2.09 -2.06 -1.23 -0.57 -0.49 0.69 0.04 0.26 0.30 1.02 1.33 0.67 0.99 1.77 2.44 2.71 4.80 4.80 2.80 1.71 1.86 1.24 0.93 1.22 1.67 2.09 2.39 3.05 4.12 4.29 4.33 4.13 0.00 0.00 0.00 0.00 0.00 0.00 0.00 0.00 0.00 0.00 0.00 0.00 0.00 0.00 0.00 0.00 0.00 0.00 0.00 0.00 0.00 0.00 0.00
2.74 2.41 2.31 2.30 2.32 2.35 2.42 2.47 2.50 2.51 2.51 2.48 2.44 2.38 2.31 2.24 2.14 2.01 1.84 -0.94 -3.67 -3.64 -3.64 -3.65 -3.66 -3.75 -2.70 -2.29 -2.13 -2.10 -0.96 -0.59 0.25 0.78 0.00 0.22 0.21 1.12 1.10 0.69 1.04 2.05 2.62 3.31 4.80 4.80 1.77 1.73 1.74 0.93 1.09 1.18 1.50 2.32 3.40 4.18 4.42 4.42 4.42 2.96 1.04 0.00 0.00 0.00 0.00 0.00 0.00 0.00 0.00 0.00 0.00 0.00 0.00 0.00 0.00 0.00 0.00 0.00 0.00 0.00 0.00 0.00 0.00
4.86 3.99 3.06 2.45 2.37 2.36 2.36 2.44 2.41 2.41 2.40 2.43 2.39 2.33 2.26 2.19 2.10 1.97 1.79 -3.66 -3.63 -3.62 -3.62 -3.63 -3.67 -3.71 -2.70 -2.30 -2.15 -2.13 -0.85 -0.60 0.39 0.61 0.04 0.24 0.27 1.18 0.93 0.76 1.60 2.41 2.84 4.02 4.81 4.80 1.71 1.71 1.63 0.80 1.05 1.32 1.88 2.95 4.20 4.38 4.43 4.44 3.42 2.50 2.13 0.00 0.00 0.00 0.00 0.00 0.00 0.00 0.00 0.00 0.00 0.00 0.00 0.00 0.00 0.00 0.00 0.00 0.00 0.00 0.00 0.00 0.00
5.13 5.17 5.09 3.83 2.90 2.51 2.38 2.34 2.33 2.33 2.32 2.29 2.25 2.26 2.20 2.10 2.05 1.99 1.72 -3.65 -3.61 -3.61 -3.61 -3.61 -3.67 -3.67 -2.70 -2.31 -2.16 -2.11 -0.83 -0.60 -0.25 0.56 0.04 0.40 0.53 1.11 0.97 1.00 2.35 2.79 3.08 3.96 4.81 4.81 1.63 1.65 1.40 0.60 1.10 1.81 2.50 4.26 4.43 4.44 4.45 4.10 2.88 2.28 2.29 1.10 0.00 0.00 0.00 0.00 0.00 0.00 0.00 0.00 0.00 0.00 0.00 0.00 0.00 0.00 0.00 0.00 0.00 0.00 0.00 0.00 0.00
4.97 4.97 5.02 5.12 5.18 4.95 2.78 2.42 2.32 2.28 2.27 2.25 2.21 2.17 2.12 2.06 2.01 1.91 1.03 -3.64 -3.60 -3.60 -3.60 -3.59 -3.63 -3.72 -2.76 -2.30 -2.17 -2.15 -0.87 -0.63 -0.19 0.38 0.30 0.48 0.71 1.30 0.96 1.90 2.79 2.98 3.22 4.45 4.82 2.57 1.89 1.86 1.40 0.84 1.36 2.21 3.26 4.36 4.31 4.36 4.37 4.11 3.98 2.31 2.25 2.36 2.16 0.03 0.00 0.00 0.00 0.00 0.00 0.00 0.00 0.00 0.00 0.00 0.00 0.00 0.00 0.00 0.00 0.00 0.00 0.00 0.00
4.97 4.96 4.95 4.95 5.02 5.10 4.76 3.39 2.51 2.30 2.22 2.20 2.17 2.14 2.09 2.02 1.95 1.86 -3.60 -3.64 -3.59 -3.59 -3.58 -3.57 -3.57 -3.67 -2.94 -2.30 -2.17 -2.09 -0.91 -0.72 -0.10 0.32 0.40 0.44 1.12 1.20 1.15 2.35 2.61 2.69 3.21 4.46 4.82 2.95 1.94 1.74 1.20 1.32 1.72 2.57 3.89 4.19 4.16 4.46 4.42 4.23 2.69 2.47 2.34 2.29 1.78 0.00 0.00 0.00 0.00 0.00 0.00 0.00 0.00 0.00 0.00 0.00 0.00 0.00 0.00 0.00 0.00 0.00 0.00 0.00 0.00
4.92 4.94 4.94 4.93 4.90 4.90 5.03 5.00 4.25 2.81 2.31 2.17 2.13 2.10 2.05 1.98 1.93 1.80 -0.93 -3.64 -3.59 -3.57 -3.53 -3.53 -3.54 -3.48 -3.34 -2.25 -2.11 -2.06 -1.31 -0.46 0.12 0.16 0.42 0.41 1.23 1.10 1.53 2.49 2.55 2.72 2.68 3.42 4.82 3.95 1.79 1.66 1.49 1.62 2.10 2.68 4.15 4.22 4.49 4.47 4.01 3.73 2.88 1.99 1.92 0.24 0.00 0.00 0.00 0.00 0.00 0.00 0.00 0.00 0.00 0.00 0.00 0.00 0.00 0.00 0.00 0.00 0.00 0.00 0.00 0.00 0.00
4.85 4.86 4.87 4.89 4.88 4.86 4.84 4.94 4.99 4.78 3.35 2.22 2.11 2.06 2.02 1.95 1.88 1.72 -3.70 -3.66 -3.61 -3.57 -3.52 -3.52 -3.52 -3.44 -3.36 -2.24 -2.06 -1.87 -1.40 -0.28 0.05 0.20 0.43 0.44 1.05 1.25 1.89 2.70 2.65 3.22 2.74 4.35 4.83 4.36 1.82 1.67 1.57 2.04 2.30 2.67 4.06 4.30 4.49 4.01 2.25 0.95 0.00 0.00 0.00 0.00 0.00 0.00 0.00 0.00 0.00 0.00 0.00 0.00 0.00 0.00 0.00 0.00 0.00 0.00 0.00 0.00 0.00 0.00 0.00 0.00 0.00
4.79 4.79 4.79 4.80 4.82 4.84 4.81 4.79 4.82 4.82 4.88 4.22 2.55 2.08 1.97 1.89 1.83 1.66 -0.36 -3.66 -3.62 -3.58 -3.52 -3.51 -3.51 -3.45 -3.29 -2.18 -2.03 -1.69 -1.25 0.01 0.18 0.32 0.41 0.59 0.58 1.29 2.16 2.80 3.19 3.74 3.71 4.43 4.83 4.45 1.70 1.61 2.01 2.34 2.68 3.79 4.30 4.46 3.81 1.62 0.00 0.00 0.00 0.00 0.00 0.00 0.00 0.00 0.00 0.00 0.00 0.00 0.00 0.00 0.00 0.00 0.00 0.00 0.00 0.00 0.00 0.00 0.00 0.00 0.00 0.00 0.00
4.73 4.74 4.75 4.75 4.75 4.75 4.76 4.76 4.74 4.70 4.71 4.79 4.48 2.73 2.02 1.86 1.76 1.61 -3.71 -3.67 -3.63 -3.58 -3.52 -3.51 -3.51 -3.53 -2.61 -2.07 -2.04 -1.53 -1.05 0.37 0.22 0.39 0.32 0.45 0.53 2.02 2.60 2.87 2.72 3.70 3.48 3.58 4.83 3.62 1.77 2.35 2.79 3.03 4.04 4.37 4.47 4.57 2.97 0.46 0.00 0.00 0.00 0.00 0.00 0.00 0.00 0.00 0.00 0.00 0.00 0.00 0.00 0.00 0.00 0.00 0.00 0.00 0.00 0.00 0.00 0.00 0.00 0.00 0.00 0.00 0.00
4.69 4.70 4.72 4.73 4.73 4.71 4.70 4.71 4.71 4.70 4.67 4.67 4.72 4.54 2.79 1.91 1.71 1.56 -3.70 -3.67 -3.63 -3.58 -3.53 -3.54 -3.57 -3.82 -2.19 -1.95 -1.80 -1.34 -0.88 0.72 0.05 0.44 0.58 0.53 1.01 2.36 2.67 2.64 2.72 2.68 2.73 3.07 2.33 1.85 2.20 2.63 3.20 3.50 4.21 4.37 4.43 4.42 2.41 0.00 0.00 0.00 0.00 0.00 0.00 0.00 0.00 0.00 0.00 0.00 0.00 0.00 0.00 0.00 0.00 0.00 0.00 0.00 0.00 0.00 0.00 0.00 0.00 0.00 0.00 0.00 0.00
4.67 4.69 4.70 4.71 4.71 4.70 4.68 4.67 4.67 4.68 4.66 4.64 4.61 4.64 4.47 2.74 1.73 1.44 -3.69 -3.66 -3.63 -3.59 -3.54 -3.56 -3.71 -3.09 -1.97 -1.85 -1.62 -1.10 -0.81 1.12 0.06 0.40 0.64 0.63 1.41 2.42 2.63 2.63 2.59 2.66 2.68 3.43 1.80 2.46 2.49 2.53 2.77 3.20 4.03 4.42 4.45 4.33 2.99 0.00 0.00 0.00 0.00 0.00 0.00 0.00 0.00 0.00 0.00 0.00 0.00 0.00 0.00 0.00 0.00 0.00 0.00 0.00 0.00 0.00 0.00 0.00 0.00 0.00 0.00 0.00 0.00
4.67 4.69 4.70 4.70 4.68 4.67 4.66 4.66 4.66 4.64 4.63 4.63 4.59 4.56 4.55 4.41 2.42 -3.53 -3.72 -3.66 -3.63 -3.59 -3.57 -3.63 -3.59 -2.35 -1.88 -1.82 -1.62 -0.95 0.49 1.22 0.05 0.23 0.58 0.79 1.73 2.36 2.57 2.56 2.56 2.59 2.76 3.61 2.01 2.48 2.53 2.50 2.73 2.93 2.99 3.72 4.44 4.30 3.35 0.00 0.00 0.00 0.00 0.00 0.00 0.00 0.00 0.00 0.00 0.00 0.00 0.00 0.00 0.00 0.00 0.00 0.00 0.00 0.00 0.00 0.00 0.00 0.00 0.00 0.00 0.00 0.00
4.68 4.69 4.70 4.70 4.69 4.64 4.63 4.64 4.64 4.62 4.58 4.57 4.57 4.54 4.47 4.54 4.42 -3.68 -3.72 -3.66 -3.64 -3.61 -3.59 -3.68 -3.29 -2.17 -1.86 -1.79 -1.64 -0.78 0.70 1.29 0.04 0.01 0.39 1.02 1.69 2.13 2.44 2.49 2.47 2.64 3.03 3.12 2.21 2.48 2.52 2.51 2.65 2.90 2.84 3.02 4.38 4.22 3.28 0.00 0.00 0.00 0.00 0.00 0.00 0.00 0.00 0.00 0.00 0.00 0.00 0.00 0.00 0.00 0.00 0.00 0.00 0.00 0.00 0.00 0.00 0.00 0.00 0.00 0.00 0.00 0.00
4.69 4.70 4.71 4.70 4.69 4.64 4.61 4.59 4.58 4.56 4.53 4.49 4.46 4.49 4.45 4.46 4.67 2.65 -3.72 -3.67 -3.66 -3.63 -3.63 -3.85 -2.87 -2.10 -1.89 -1.78 -1.53 -0.65 0.84 1.26 0.04 0.00 0.38 0.98 1.64 1.73 2.23 2.38 2.45 2.69 3.31 1.68 2.22 2.44 2.55 2.57 2.55 2.68 2.82 3.02 4.43 4.60 3.63 1.84 0.00 0.14 0.00 0.00 0.00 0.00 0.00 0.00 0.00 0.00 0.00 0.00 0.00 0.00 0.00 0.00 0.00 0.00 0.00 0.00 0.00 0.00 0.00 0.00 0.00 0.00 0.00
4.70 4.72 4.73 4.73 4.70 4.65 4.61 4.57 4.54 4.50 4.46 4.45 4.41 4.41 4.38 4.40 4.42 3.93 -3.74 -3.68 -3.67 -3.64 -3.59 -3.90 -2.52 -2.03 -1.84 -1.73 -1.32 -0.57 0.13 0.83 0.00 0.17 0.62 1.04 1.65 1.61 1.90 2.22 2.36 2.91 3.64 1.52 2.05 2.33 2.45 2.55 3.43 3.61 3.58 3.92 4.67 4.51 3.88 3.60 2.68 2.55 1.99 0.19 0.00 0.00 0.00 0.00 0.00 0.00 0.00 0.00 0.00 0.00 0.00 0.00 0.00 0.00 0.00 0.00 0.00 0.00 0.00 0.00 0.00 0.00 0.00
4.72 4.73 4.74 4.73 4.71 4.65 4.59 4.55 4.50 4.46 4.41 4.38 4.36 4.34 4.28 4.34 4.21 -3.02 -3.75 -3.69 -3.67 -3.65 -3.61 -3.74 -2.27 -1.96 -1.79 -1.76 -1.20 -0.54 0.27 0.15 0.18 0.23 0.65 0.77 1.28 1.53 1.93 2.23 2.41 3.08 3.83 2.05 2.24 2.26 2.30 2.62 3.91 4.82 4.82 4.82 4.72 3.96 3.78 3.65 3.29 2.57 2.33 1.55 0.30 0.00 0.00 0.00 0.00 0.00 0.00 0.00 0.00 0.00 0.00 0.00 0.00 0.00 0.00 0.00 0.00 0.00 0.00 0.00 0.00 0.00 0.00
4.75 4.75 4.75 4.74 4.71 4.64 4.58 4.52 4.47 4.41 4.35 4.31 4.28 4.25 4.19 4.16 4.13 -1.98 -3.75 -3.70 -3.68 -3.67 -3.65 -3.33 -2.18 -1.83 -1.74 -1.80 -1.06 -0.37 0.47 0.03 0.07 0.20 0.64 0.63 0.95 1.54 2.08 2.51 2.72 3.06 3.70 1.72 3.99 3.12 2.41 2.64 3.65 4.82 4.82 4.82 4.71 3.87 3.68 3.67 3.50 2.57 1.29 0.47 0.31 0.08 0.00 0.00 0.00 0.00 0.00 0.00 0.00 0.00 0.00 0.00 0.00 0.00 0.00 0.00 0.00 0.00 0.00 0.00 0.00 0.00 0.00
