tsunami_inundation/3060.asc
ncols        89
nrows        96
xllcorner    425855.973699999973
yllcorner    5091051.504999999888
cellsize     55.000000000000
NODATA_value  -9999.00
[rows 0 to 36 of 96, columns 0 to 82 of 89]
-9999.00 1.73 1.77 1.88 1.90 1.96 2.02 2.05 2.08 2.10 2.13 2.15 2.17 2.20 2.23 2.26 2.29 2.34 2.37 2.40 2.41 2.42 2.42 2.40 2.36 2.30 2.22 2.09 1.87 1.76 -0.15 -3.96 -3.53 -2.73 -2.26 -1.88 -1.59 -1.24 -0.69 0.11 0.93 0.00 0.00 0.46 0.40 0.01 0.02 0.03 0.18 2.28 4.06 4.35 4.36 4.36 4.36 4.37 4.40 4.40 4.41 2.51 3.20 3.33 2.93 2.37 0.67 0.00 0.19 1.42 2.29 2.48 1.86 1.69 1.08 1.36 0.85 0.00 0.00 0.00 0.00 0.00 0.00 0.00 0.00
-9999.00 1.70 1.74 1.84 1.88 1.93 1.99 2.04 2.05 2.08 2.12 2.15 2.17 2.19 2.22 2.24 2.28 2.30 2.31 2.33 2.33 2.34 2.34 2.32 2.28 2.22 2.15 2.03 1.72 1.46 -0.68 -4.03 -3.34 -2.59 -2.17 -1.81 -1.55 -1.29 -0.81 -0.01 0.97 0.04 0.02 0.13 0.42 0.29 0.07 0.35 2.60 4.02 4.36 4.35 4.35 4.35 4.35 4.35 4.37 4.38 4.38 2.55 3.20 3.37 3.20 2.37 0.45 0.02 0.18 1.75 2.46 2.58 2.04 1.28 1.20 1.32 1.07 0.00 0.00 0.00 0.00 0.00 0.00 0.00 0.00
-9999.00 1.68 1.77 1.82 1.87 1.91 1.95 2.00 2.04 2.06 2.09 2.13 2.12 2.13 2.19 2.21 2.22 2.23 2.25 2.25 2.26 2.27 2.28 2.26 2.22 2.16 2.09 1.97 1.85 1.41 -1.27 -4.12 -3.09 -2.42 -2.06 -1.84 -1.52 -1.32 -0.98 -0.15 0.79 0.00 0.00 0.02 0.20 0.38 0.65 2.27 3.86 4.37 4.35 4.34 4.33 4.33 4.33 4.34 4.35 4.36 4.15 2.86 3.08 3.47 3.33 2.27 1.32 0.01 0.39 1.83 2.25 2.71 2.31 1.01 1.01 1.25 0.00 0.00 0.00 0.00 0.00 0.00 0.00 0.00 0.00
-9999.00 1.66 1.76 1.80 1.85 1.89 1.93 1.98 2.01 2.04 2.06 2.08 2.09 2.09 2.14 2.15 2.16 2.17 2.18 2.19 2.19 2.22 2.23 2.21 2.17 2.12 2.02 1.93 1.59 1.29 -2.17 -4.02 -2.94 -2.33 -2.00 -1.80 -1.49 -1.33 -1.08 -0.26 0.32 0.20 0.01 0.02 0.02 0.06 0.81 3.19 4.27 4.35 4.32 4.31 4.31 4.31 4.31 4.32 4.33 4.34 4.23 3.30 3.14 3.45 3.24 2.13 1.25 0.69 1.37 2.21 2.60 2.85 2.48 1.28 1.22 1.09 0.00 0.00 0.00 0.00 0.00 0.00 0.00 0.00 0.00
-9999.00 1.65 1.74 1.79 1.83 1.88 1.91 1.96 1.99 2.01 2.03 2.04 2.05 2.02 2.02 2.02 2.02 2.04 2.05 2.11 2.09 2.15 2.17 2.16 2.12 2.07 2.00 1.90 1.76 1.20 -2.70 -3.81 -2.80 -2.24 -1.95 -1.77 -1.46 -1.32 -1.17 -0.33 0.26 0.45 0.01 0.02 0.03 0.01 2.07 3.74 4.34 4.32 4.28 4.27 4.27 4.27 4.29 4.30 4.31 4.31 4.32 3.79 3.33 3.77 3.07 1.99 0.95 0.72 1.39 1.96 2.57 2.94 2.60 1.33 1.38 0.36 0.00 0.00 0.00 0.00 0.00 0.00 0.00 0.00 0.00
-9999.00 1.64 1.73 1.77 1.82 1.86 1.89 1.92 1.94 1.95 1.97 1.98 1.98 1.98 1.98 1.98 1.98 1.99 2.01 2.03 2.05 2.08 2.13 2.13 2.10 2.04 1.92 1.84 1.47 1.11 -3.18 -3.63 -2.70 -2.18 -1.91 -1.73 -1.43 -1.29 -1.17 -0.46 0.22 0.34 0.01 0.03 0.03 0.01 2.45 4.08 4.31 4.28 4.23 4.20 4.20 4.21 4.24 4.26 4.28 4.29 4.29 4.29 4.28 4.18 3.78 2.84 0.81 0.68 1.52 2.08 2.67 3.04 2.69 1.38 1.36 0.00 0.00 0.00 0.00 0.00 0.00 0.00 0.00 0.00 0.00
-9999.00 1.66 1.70 1.74 1.79 1.82 1.85 1.87 1.90 1.91 1.93 1.94 1.94 1.94 1.94 1.94 1.94 1.95 1.97 1.99 2.02 2.06 2.10 2.11 2.08 1.99 1.85 1.76 1.54 1.03 -3.54 -3.56 -2.66 -2.15 -1.88 -1.68 -1.37 -1.24 -1.09 -0.44 0.26 0.13 0.01 0.04 0.04 0.07 1.77 3.54 4.20 4.19 4.17 4.14 4.15 4.17 4.19 4.23 4.25 4.27 4.27 4.27 4.25 4.24 4.04 3.67 2.34 0.92 1.64 2.16 2.65 3.10 2.80 1.57 1.38 0.00 0.00 0.00 0.00 0.00 0.00 0.00 0.00 0.00 0.00
-9999.00 1.64 1.68 1.72 1.76 1.79 1.82 1.84 1.86 1.87 1.89 1.90 1.91 1.91 1.91 1.91 1.91 1.93 1.94 1.97 2.01 2.05 2.09 2.08 2.03 1.93 1.83 1.75 1.48 0.90 -3.95 -3.81 -2.81 -2.18 -1.85 -1.62 -1.39 -1.12 -0.94 -0.28 0.60 1.05 0.02 0.02 0.00 0.36 1.80 3.34 4.09 4.10 4.11 4.09 4.10 4.13 4.19 4.21 4.23 4.24 2.97 3.28 4.25 4.22 4.20 4.18 4.15 3.04 1.71 2.24 2.70 3.14 2.98 2.14 2.02 0.00 0.00 0.00 0.00 0.00 0.00 0.00 0.00 0.00 0.00
-9999.00 1.62 1.65 1.69 1.73 1.76 1.78 1.80 1.83 1.84 1.85 1.87 1.87 1.88 1.88 1.88 1.89 1.91 1.94 1.97 2.01 2.05 2.06 2.03 1.95 1.90 1.82 1.55 1.41 0.65 -3.94 -3.97 -2.91 -2.19 -1.72 -1.49 -1.16 -0.93 -0.68 -0.13 0.57 0.03 0.07 0.00 0.05 0.86 2.21 3.43 3.97 4.04 4.07 4.06 4.07 4.10 4.14 4.19 4.21 4.22 1.99 1.82 2.80 4.23 4.23 4.20 4.17 4.18 2.02 2.29 2.56 3.16 3.22 2.78 2.52 0.00 0.00 0.00 0.00 0.00 0.00 0.00 0.00 0.00 0.00
-9999.00 1.56 1.63 1.66 1.70 1.73 1.75 1.77 1.80 1.81 1.82 1.84 1.84 1.85 1.85 1.87 1.89 1.92 1.94 1.97 1.99 1.99 1.99 1.96 1.94 1.89 1.79 1.64 1.37 0.36 -3.96 -4.00 -2.93 -2.16 -1.64 -1.31 -1.08 -0.83 -0.54 -0.01 0.75 0.42 0.03 0.02 0.56 1.59 3.06 3.84 3.94 4.00 4.03 4.06 4.08 4.10 4.16 4.18 4.19 2.85 1.48 1.87 2.26 2.76 2.49 2.57 4.07 4.18 2.34 2.16 2.72 3.21 3.08 2.68 2.42 0.00 0.00 0.00 0.00 0.00 0.00 0.00 0.00 0.00 0.00
-9999.00 1.52 1.60 1.64 1.67 1.70 1.72 1.74 1.76 1.78 1.80 1.80 1.81 1.82 1.83 1.87 1.90 1.92 1.94 1.94 1.95 1.94 1.94 1.94 1.92 1.84 1.71 1.56 1.32 1.19 -4.06 -3.86 -2.85 -2.06 -1.54 -1.21 -1.00 -0.68 -0.33 0.10 0.81 2.34 2.46 1.73 1.42 2.86 3.78 3.83 3.95 4.01 4.06 4.08 4.10 4.12 4.16 4.17 3.27 1.64 1.71 2.22 2.28 2.32 2.19 2.14 3.65 4.13 2.85 2.29 2.78 3.24 3.21 2.64 2.64 0.97 0.00 0.00 0.00 0.00 0.00 0.00 0.00 0.00 0.00
-9999.00 1.50 1.58 1.61 1.63 1.65 1.67 1.69 1.71 1.74 1.76 1.78 1.80 1.81 1.85 1.88 1.90 1.92 1.91 1.91 1.90 1.91 1.93 1.92 1.86 1.76 1.64 1.38 1.27 1.10 -4.26 -3.58 -2.65 -1.91 -1.41 -1.11 -0.91 -0.65 -0.10 0.17 0.81 2.43 2.80 3.10 3.46 3.69 3.82 3.93 4.02 4.11 4.15 4.17 4.16 4.15 4.16 4.17 2.74 1.29 1.34 2.24 2.32 2.48 2.33 2.31 3.34 4.08 3.14 2.60 2.98 3.27 3.09 2.51 2.69 2.23 0.90 0.00 0.00 0.00 0.00 0.00 0.00 0.00 0.00
1.46 1.51 1.54 1.57 1.60 1.62 1.65 1.67 1.69 1.73 1.75 1.78 1.80 1.84 1.85 1.87 1.88 1.89 1.88 1.88 1.89 1.91 1.91 1.86 1.78 1.69 1.58 1.35 1.21 0.92 -4.26 -3.27 -2.39 -1.72 -1.27 -0.96 -0.75 -0.34 0.23 0.44 1.74 2.43 2.84 3.16 3.55 3.73 3.83 3.90 4.00 4.09 4.14 4.17 4.18 4.16 4.17 4.11 1.85 1.18 1.44 2.14 2.22 2.23 2.17 2.17 2.97 4.03 2.27 2.40 2.80 3.27 3.12 2.35 2.41 2.15 2.31 1.18 0.00 0.00 0.00 0.00 0.00 0.00 0.00
1.44 1.49 1.51 1.54 1.57 1.60 1.63 1.66 1.69 1.73 1.76 1.78 1.80 1.82 1.83 1.84 1.86 1.86 1.87 1.87 1.89 1.89 1.86 1.77 1.70 1.63 1.54 1.32 1.18 0.77 -3.83 -2.86 -2.02 -1.45 -1.06 -0.87 -0.58 -0.13 0.41 0.75 1.39 2.34 2.82 3.16 3.51 3.72 3.82 3.88 3.98 4.07 4.13 4.16 4.17 4.17 4.17 3.09 1.53 1.12 1.97 2.14 2.17 2.10 2.04 2.18 2.80 3.98 2.14 1.87 2.44 3.46 2.96 2.31 2.19 2.05 2.29 2.12 1.80 1.04 0.00 0.00 0.00 0.00 0.00
1.43 1.47 1.50 1.53 1.57 1.60 1.63 1.66 1.69 1.73 1.76 1.78 1.79 1.80 1.81 1.82 1.84 1.86 1.86 1.87 1.86 1.84 1.75 1.70 1.62 1.59 1.53 1.34 1.19 0.75 -3.67 -2.66 -1.85 -1.30 -0.94 -0.75 -0.39 0.08 0.59 0.91 1.33 2.01 2.71 3.17 3.42 3.66 3.80 3.87 3.93 4.05 4.12 4.15 4.18 4.18 4.18 2.42 1.18 1.27 2.00 2.03 2.01 2.02 2.33 2.01 2.63 3.84 1.91 2.13 2.44 3.38 2.69 2.11 2.03 1.89 2.01 1.81 1.42 1.00 0.57 0.00 0.00 0.00 0.00
1.42 1.46 1.50 1.54 1.57 1.60 1.64 1.67 1.70 1.74 1.75 1.76 1.77 1.78 1.79 1.81 1.83 1.83 1.83 1.81 1.78 1.74 1.69 1.64 1.60 1.58 1.54 1.37 1.21 0.79 -4.06 -2.56 -1.73 -1.18 -0.85 -0.61 -0.20 0.28 0.76 0.92 1.35 1.81 2.51 3.09 3.36 3.56 3.70 3.85 3.90 4.01 4.10 4.14 4.16 4.18 4.07 2.44 0.40 1.40 1.97 1.99 1.87 1.99 1.95 1.77 2.71 1.95 1.99 2.54 3.26 3.29 2.88 1.95 1.78 1.71 1.79 1.71 1.19 0.63 0.32 0.00 0.00 0.00 0.00
1.43 1.47 1.52 1.55 1.58 1.61 1.64 1.67 1.69 1.70 1.72 1.73 1.74 1.78 1.79 1.80 1.81 1.80 1.78 1.75 1.72 1.68 1.65 1.61 1.59 1.59 1.55 1.39 1.24 0.81 -4.17 -2.52 -1.65 -1.10 -0.78 -0.46 -0.01 0.47 0.80 1.08 1.41 1.83 2.39 2.96 3.26 3.40 3.49 3.72 3.85 3.96 4.05 4.12 4.15 4.18 3.55 2.37 0.59 1.80 2.17 2.10 2.28 2.07 2.05 1.87 3.01 1.88 1.86 2.31 3.23 3.24 3.25 1.89 1.76 1.39 1.72 1.58 1.05 0.40 0.01 0.00 0.00 0.00 0.00
1.45 1.49 1.54 1.56 1.59 1.61 1.63 1.65 1.67 1.68 1.71 1.73 1.75 1.77 1.78 1.78 1.75 1.73 1.72 1.70 1.68 1.65 1.62 1.60 1.60 1.60 1.48 1.42 1.29 0.61 -4.19 -2.49 -1.59 -1.04 -0.71 -0.32 0.17 0.64 0.97 1.25 1.57 1.88 2.18 2.58 2.89 3.00 3.27 3.55 3.82 3.95 4.04 4.11 4.17 4.18 3.19 1.97 0.88 1.95 2.08 2.24 2.30 1.92 1.92 2.00 3.64 2.55 1.95 2.39 3.19 3.21 3.09 1.69 2.22 1.51 1.95 1.64 1.12 0.21 0.00 0.00 0.00 0.00 0.00
1.45 1.50 1.53 1.56 1.58 1.60 1.62 1.64 1.67 1.69 1.73 1.74 1.75 1.76 1.74 1.72 1.70 1.68 1.68 1.67 1.65 1.63 1.61 1.60 1.60 1.60 1.56 1.44 1.33 0.15 -4.15 -2.45 -1.50 -0.91 -0.63 -0.14 0.39 0.83 1.13 1.54 1.63 1.88 2.10 2.40 2.51 2.47 2.53 3.37 3.84 3.96 4.04 4.10 4.13 4.18 3.59 1.58 0.85 1.74 1.66 2.21 1.99 1.89 2.19 3.10 3.71 1.85 2.22 2.73 3.17 3.17 3.07 1.96 2.36 1.39 1.78 1.13 0.55 0.01 0.00 0.00 0.00 0.00 0.00
1.44 1.47 1.50 1.55 1.57 1.60 1.62 1.65 1.68 1.70 1.73 1.74 1.74 1.71 1.69 1.67 1.65 1.65 1.65 1.65 1.64 1.62 1.61 1.61 1.61 1.55 1.48 1.45 1.35 -0.75 -4.05 -2.35 -1.35 -0.73 -0.61 -0.05 0.49 0.92 1.20 1.59 1.68 1.88 2.05 2.18 2.25 2.04 0.00 2.30 3.78 4.00 4.04 4.08 4.15 4.17 4.18 1.13 0.92 1.63 1.52 1.89 1.87 3.50 3.70 3.70 2.14 1.37 1.92 2.40 3.14 3.13 3.07 2.96 2.33 1.48 1.74 1.00 0.40 0.00 0.00 0.00 0.00 0.00 0.00
1.43 1.47 1.51 1.55 1.58 1.60 1.63 1.65 1.68 1.70 1.65 1.70 1.68 1.66 1.65 1.63 1.63 1.63 1.64 1.64 1.64 1.63 1.63 1.62 1.61 1.58 1.47 1.44 1.30 -1.34 -3.93 -2.86 -1.26 -0.57 -0.54 0.04 0.57 0.97 1.24 1.82 1.85 1.94 2.04 2.15 1.11 0.03 0.07 2.31 3.37 3.97 4.04 4.06 4.14 4.17 4.17 0.62 0.89 1.47 1.43 1.71 1.95 3.68 3.68 3.67 1.79 1.91 1.84 2.59 3.15 3.16 3.16 3.12 2.44 1.06 1.63 1.19 0.61 0.00 0.00 0.00 0.00 0.00 0.00
1.43 1.47 1.50 1.54 1.56 1.58 1.59 1.56 1.56 1.57 1.57 1.64 1.59 1.61 1.61 1.61 1.62 1.64 1.65 1.65 1.65 1.64 1.64 1.63 1.62 1.52 1.45 1.39 1.21 -1.82 -3.81 -2.75 -1.20 -0.50 -0.52 0.16 0.77 0.96 1.44 1.87 1.93 1.99 2.08 2.16 0.38 0.21 0.02 1.99 2.59 2.92 3.41 4.11 4.14 4.18 3.42 0.00 0.12 0.80 1.20 1.78 1.89 3.36 3.66 3.67 2.41 1.83 1.80 2.48 3.18 3.19 3.20 3.15 2.49 1.13 1.65 1.34 0.49 0.00 0.00 0.00 0.00 0.00 0.00
1.41 1.44 1.46 1.47 1.48 1.48 1.49 1.50 1.51 1.52 1.53 1.54 1.56 1.60 1.61 1.62 1.64 1.66 1.66 1.66 1.66 1.65 1.65 1.64 1.62 1.50 1.43 1.34 1.10 -2.21 -3.70 -2.63 -1.15 -0.54 -0.54 0.33 0.88 1.07 1.34 1.80 1.88 1.99 1.99 1.93 0.00 0.03 0.32 2.06 2.06 1.96 2.43 4.13 4.16 4.18 2.57 0.00 0.05 0.12 1.05 1.74 1.81 3.45 3.65 3.66 2.14 1.99 1.96 1.98 3.22 3.24 3.25 3.11 2.80 1.52 1.80 0.48 0.00 0.00 0.00 0.00 0.00 0.00 0.00
1.36 1.37 1.38 1.40 1.41 1.42 1.44 1.45 1.47 1.48 1.50 1.53 1.57 1.60 1.62 1.63 1.65 1.67 1.69 1.68 1.69 1.67 1.67 1.66 1.63 1.49 1.40 1.29 1.00 -2.61 -3.64 -2.56 -1.10 -0.65 -0.38 0.40 0.85 1.09 1.17 1.59 1.79 1.87 1.94 0.00 0.00 0.00 0.95 2.15 2.15 2.06 2.64 3.89 4.18 4.19 1.82 0.00 0.06 0.20 1.26 1.68 2.14 3.62 3.65 2.54 1.70 2.20 2.09 2.15 3.27 3.28 3.31 3.18 2.92 1.82 0.80 0.00 0.00 0.00 0.00 0.00 0.00 0.00 0.00
1.28 1.30 1.31 1.33 1.36 1.38 1.40 1.42 1.44 1.46 1.49 1.52 1.58 1.60 1.62 1.64 1.66 1.69 1.71 1.71 1.71 1.71 1.71 1.70 1.65 1.59 1.36 1.25 0.93 -3.07 -3.65 -2.61 -1.12 -0.79 -0.20 0.55 0.73 0.96 1.20 1.50 1.71 1.80 1.94 0.06 0.04 0.73 1.91 2.12 2.13 2.10 2.80 4.19 4.20 4.21 1.00 0.00 0.00 0.63 1.56 1.76 2.86 3.62 2.90 1.68 1.56 2.10 1.89 2.32 3.32 3.35 3.13 3.41 2.32 2.03 0.00 0.00 0.00 0.00 0.00 0.00 0.00 0.00 0.00
1.22 1.24 1.26 1.29 1.32 1.35 1.37 1.40 1.42 1.45 1.48 1.51 1.58 1.61 1.63 1.65 1.68 1.70 1.74 1.74 1.75 1.75 1.75 1.72 1.59 1.46 1.37 1.21 0.80 -3.83 -3.93 -2.82 -1.68 -0.94 -0.13 0.52 0.71 0.84 0.94 1.47 1.64 1.75 1.73 0.04 0.34 1.45 1.99 2.22 2.22 2.09 2.80 4.21 4.21 4.21 0.39 0.10 0.13 1.20 1.59 1.83 3.01 3.60 2.89 1.71 1.70 2.09 1.70 2.41 3.36 3.38 3.15 3.44 2.55 2.33 0.00 0.00 0.00 0.00 0.00 0.00 0.00 0.00 0.00
1.17 1.20 1.23 1.26 1.30 1.33 1.35 1.38 1.41 1.44 1.47 1.51 1.59 1.62 1.64 1.67 1.70 1.72 1.75 1.76 1.77 1.77 1.77 1.74 1.68 1.46 1.38 1.25 0.20 -3.87 -3.74 -3.53 -1.88 -1.26 -0.09 0.39 0.63 0.73 0.92 1.44 1.60 1.70 1.28 0.00 0.69 1.86 1.93 2.22 2.23 2.15 2.99 4.22 4.22 2.99 0.00 0.06 0.18 1.21 1.41 1.59 3.50 3.59 3.01 1.64 1.67 1.83 1.84 2.65 3.39 3.41 3.43 3.46 2.83 2.38 1.67 0.00 0.00 0.00 0.00 0.00 0.00 0.00 0.00
1.15 1.18 1.22 1.25 1.30 1.32 1.35 1.38 1.41 1.44 1.47 1.56 1.59 1.62 1.65 1.68 1.71 1.74 1.76 1.78 1.78 1.79 1.78 1.75 1.61 1.47 1.40 1.27 -1.05 -3.83 -3.62 -3.09 -2.84 -1.31 -0.05 0.32 0.44 0.49 0.90 1.31 1.56 1.67 0.81 0.10 0.91 2.00 1.97 2.22 2.26 2.82 4.29 4.28 3.71 0.36 0.23 0.20 0.18 0.92 1.37 2.04 3.59 3.59 2.74 1.60 1.64 1.37 1.59 2.43 3.23 3.30 3.05 3.47 3.50 1.39 0.02 0.00 0.00 0.00 0.00 0.00 0.00 0.00 0.00
1.13 1.17 1.21 1.25 1.30 1.32 1.35 1.38 1.41 1.44 1.47 1.56 1.59 1.62 1.65 1.68 1.72 1.75 1.78 1.80 1.80 1.80 1.79 1.76 1.69 1.52 1.38 1.23 -2.22 -3.80 -3.55 -3.11 -2.99 -1.19 -0.09 0.18 0.29 0.32 1.08 1.30 1.53 1.13 0.05 0.28 1.83 2.08 1.98 2.19 2.30 3.22 4.33 4.31 1.77 0.15 0.24 0.17 0.25 0.97 1.45 2.62 3.60 3.60 2.45 1.39 1.88 1.56 1.91 2.66 2.52 2.23 2.39 3.48 3.00 0.00 0.00 0.00 0.00 0.00 0.00 0.00 0.00 0.00 0.00
1.14 1.18 1.22 1.26 1.29 1.33 1.36 1.38 1.41 1.45 1.48 1.56 1.59 1.62 1.65 1.69 1.73 1.76 1.79 1.81 1.82 1.81 1.80 1.76 1.70 1.51 1.33 1.12 -3.26 -3.81 -3.68 -3.09 -1.99 -1.67 -0.13 0.11 0.20 0.53 1.07 1.27 0.22 0.12 0.00 0.77 1.83 2.09 1.93 2.08 2.35 3.65 4.36 3.81 0.83 0.23 0.22 0.06 0.44 1.15 1.64 3.09 3.62 3.62 2.53 1.58 2.08 1.59 2.16 2.93 2.71 1.90 1.77 2.21 1.88 0.00 0.00 0.00 0.00 0.00 0.00 0.00 0.00 0.00 0.00
1.14 1.18 1.22 1.26 1.29 1.34 1.36 1.39 1.42 1.45 1.52 1.55 1.59 1.62 1.66 1.69 1.73 1.77 1.80 1.82 1.83 1.82 1.80 1.76 1.62 1.49 1.22 0.82 -3.57 -3.84 -3.48 -2.43 -1.75 -1.56 -0.24 0.02 0.10 0.62 1.03 1.19 0.00 0.17 0.03 1.04 1.78 2.09 1.96 2.11 3.02 4.43 4.38 1.26 0.73 0.21 0.26 0.10 0.68 1.21 1.72 3.27 3.64 3.64 2.81 2.06 1.42 1.65 2.38 3.18 1.68 0.00 0.00 0.00 0.00 0.00 0.00 0.00 0.00 0.00 0.00 0.00 0.00 0.00 0.00
1.15 1.19 1.23 1.27 1.30 1.35 1.37 1.40 1.43 1.46 1.52 1.55 1.60 1.63 1.66 1.70 1.74 1.77 1.80 1.82 1.82 1.81 1.80 1.76 1.63 1.48 1.15 0.58 -3.76 -3.84 -3.20 -2.19 -1.70 -1.54 -0.31 -0.08 0.03 0.71 1.03 1.15 0.02 0.19 0.00 0.84 1.84 2.15 2.04 2.14 3.26 4.46 2.23 1.17 0.82 0.43 0.28 0.55 0.93 1.41 1.63 3.60 3.68 3.59 2.81 2.03 1.65 1.85 2.24 3.05 0.00 0.00 0.00 0.00 0.00 0.00 0.00 0.00 0.00 0.00 0.00 0.00 0.00 0.00 0.00
1.16 1.20 1.24 1.28 1.31 1.35 1.38 1.41 1.44 1.47 1.53 1.57 1.61 1.65 1.68 1.71 1.74 1.77 1.79 1.80 1.80 1.80 1.79 1.71 1.63 1.48 1.10 0.13 -3.84 -3.79 -2.99 -2.19 -1.66 -1.65 -0.35 -0.16 -0.04 0.74 1.02 1.09 0.20 0.11 0.00 0.83 1.96 2.19 2.17 2.23 2.63 4.52 1.51 1.21 0.80 0.44 0.36 0.51 1.20 1.49 1.84 2.60 3.74 3.57 2.85 1.98 1.63 1.78 2.00 1.73 0.00 0.00 0.00 0.00 0.00 0.00 0.00 0.00 0.00 0.00 0.00 0.00 0.00 0.00 0.00
1.17 1.21 1.25 1.30 1.33 1.37 1.40 1.42 1.45 1.48 1.51 1.58 1.63 1.66 1.69 1.72 1.75 1.77 1.78 1.79 1.79 1.78 1.77 1.70 1.63 1.48 1.25 -0.79 -3.87 -3.61 -2.83 -2.32 -1.68 -1.65 -0.42 -0.23 0.24 0.77 0.95 0.05 0.48 0.17 0.44 1.25 2.13 2.29 2.25 2.29 2.67 4.54 1.40 1.19 0.58 0.40 0.35 0.18 1.07 1.54 1.07 2.51 3.77 3.04 2.62 1.75 1.85 1.77 1.58 0.00 0.00 0.00 0.00 0.00 0.00 0.00 0.00 0.00 0.00 0.00 0.00 0.00 0.00 0.00 0.00
1.19 1.23 1.27 1.31 1.34 1.37 1.41 1.43 1.46 1.49 1.53 1.59 1.64 1.68 1.71 1.73 1.75 1.77 1.78 1.78 1.77 1.76 1.75 1.69 1.62 1.47 1.25 -2.12 -3.85 -3.56 -2.76 -2.42 -1.75 -1.58 -1.00 -0.31 -0.27 0.80 0.03 0.03 0.40 0.24 0.57 1.45 2.26 2.38 2.33 2.38 2.82 4.57 1.40 1.17 0.52 0.45 0.33 0.12 1.17 1.29 0.91 3.10 3.80 2.92 1.75 1.75 1.64 0.94 0.00 0.00 0.00 0.00 0.00 0.00 0.00 0.00 0.00 0.00 0.00 0.00 0.00 0.00 0.00 0.00 0.00
1.20 1.25 1.29 1.32 1.35 1.38 1.42 1.45 1.48 1.51 1.57 1.61 1.64 1.69 1.72 1.74 1.76 1.77 1.78 1.78 1.77 1.75 1.73 1.71 1.59 1.48 1.25 -3.55 -3.70 -3.73 -2.86 -2.27 -1.84 -1.61 -1.11 -0.34 -0.17 0.86 0.79 0.09 0.13 0.34 0.66 1.91 2.41 2.52 2.46 2.54 3.23 4.60 1.41 1.23 0.50 0.47 0.35 0.33 0.88 0.82 1.26 3.40 3.84 2.58 1.63 2.06 2.64 0.00 0.00 0.00 0.00 0.00 0.00 0.00 0.00 0.00 0.00 0.00 0.00 0.00 0.00 0.00 0.00 0.00 0.00
1.22 1.26 1.29 1.33 1.36 1.39 1.43 1.46 1.49 1.52 1.59 1.62 1.65 1.70 1.73 1.75 1.76 1.78 1.78 1.78 1.76 1.73 1.70 1.66 1.54 1.43 1.24 -3.82 -3.62 -3.63 -2.86 -2.26 -1.84 -1.55 -1.23 -0.36 -0.07 0.97 1.07 0.84 0.02 0.28 0.77 2.19 2.55 2.98 2.73 2.55 3.72 4.62 1.43 1.35 0.57 0.50 0.38 0.66 0.80 1.42 1.84 3.58 3.88 2.69 1.66 2.34 2.02 0.00 0.00 0.00 0.00 0.00 0.00 0.00 0.00 0.00 0.00 0.00 0.00 0.00 0.00 0.00 0.00 0.00 0.00
