tsunami_inundation/3060.asc
ncols        89
nrows        96
xllcorner    425855.973699999973
yllcorner    5091051.504999999888
cellsize     55.000000000000
NODATA_value  -9999.00
[rows 37 to 73 of 96, columns 0 to 82 of 89]
1.23 1.27 1.30 1.33 1.36 1.39 1.44 1.47 1.50 1.57 1.60 1.63 1.66 1.70 1.73 1.75 1.76 1.77 1.78 1.78 1.77 1.73 1.63 1.57 1.47 1.35 1.11 -3.97 -3.56 -3.45 -2.67 -2.31 -1.87 -1.54 -1.17 -0.38 -0.06 0.98 1.10 1.13 0.03 0.29 0.90 2.19 2.57 3.17 3.07 2.69 4.51 4.63 1.47 1.36 0.52 0.42 0.47 0.56 0.85 1.70 1.81 3.83 3.91 3.26 2.83 2.53 1.21 0.00 0.00 0.00 0.00 0.00 0.00 0.00 0.00 0.00 0.00 0.00 0.00 0.00 0.00 0.00 0.00 0.00 0.00
1.23 1.27 1.30 1.34 1.38 1.40 1.44 1.48 1.52 1.58 1.61 1.63 1.65 1.69 1.72 1.73 1.75 1.76 1.77 1.77 1.76 1.72 1.61 1.53 1.41 1.22 0.74 -3.47 -3.33 -2.96 -2.51 -2.32 -2.13 -1.53 -1.09 0.03 0.84 1.04 1.10 0.17 0.00 0.26 0.99 2.22 2.63 2.97 2.66 3.07 4.65 1.74 1.47 1.26 0.49 0.43 0.49 0.34 1.26 1.85 2.01 3.92 3.93 3.51 3.11 2.16 1.73 0.00 0.00 0.00 0.00 0.00 0.00 0.00 0.00 0.00 0.00 0.00 0.00 0.00 0.00 0.00 0.00 0.00 0.00
1.23 1.27 1.31 1.35 1.39 1.42 1.45 1.49 1.52 1.59 1.61 1.63 1.65 1.68 1.70 1.72 1.74 1.75 1.76 1.76 1.75 1.71 1.60 1.52 1.37 1.15 0.51 -3.59 -3.03 -2.65 -2.42 -2.29 -2.22 -1.42 -0.81 -0.52 0.91 1.11 1.20 0.04 0.00 0.32 1.37 2.26 2.51 2.83 2.69 4.06 4.64 1.72 1.49 1.24 0.51 0.48 0.53 0.35 1.39 1.83 2.35 3.94 3.94 3.54 1.83 2.16 2.83 0.00 0.00 0.00 0.00 0.00 0.00 0.00 0.00 0.00 0.00 0.00 0.00 0.00 0.00 0.00 0.00 0.00 0.00
1.23 1.27 1.31 1.35 1.39 1.42 1.45 1.50 1.54 1.57 1.61 1.63 1.64 1.66 1.69 1.71 1.73 1.74 1.75 1.75 1.75 1.71 1.60 1.51 1.35 1.08 0.45 -3.61 -2.90 -2.53 -2.33 -2.22 -2.02 -1.18 -0.66 0.39 1.02 1.16 1.25 0.05 0.04 0.27 1.76 2.34 2.57 2.84 2.88 4.68 4.68 1.69 1.53 1.29 0.53 0.49 0.45 0.58 1.84 2.24 3.37 3.95 3.95 3.44 2.34 1.90 2.34 1.61 0.00 0.00 0.00 0.00 0.00 0.00 0.00 0.00 0.00 0.00 0.00 0.00 0.00 0.00 0.00 0.00 0.00
1.23 1.27 1.31 1.35 1.39 1.42 1.45 1.50 1.53 1.56 1.61 1.63 1.64 1.66 1.69 1.71 1.72 1.73 1.74 1.73 1.74 1.72 1.68 1.48 1.29 0.99 -0.11 -3.47 -2.81 -2.46 -2.15 -2.01 -1.99 -1.22 -0.69 -0.65 1.11 1.27 1.28 0.06 0.03 0.14 1.49 2.41 2.66 2.67 3.46 4.68 4.68 1.54 1.45 1.20 0.53 0.48 0.27 1.18 2.41 3.54 3.96 3.93 3.96 3.76 2.91 2.10 1.98 1.82 2.04 2.16 0.00 0.00 0.00 0.00 0.00 0.00 0.00 0.00 0.00 0.00 0.00 0.00 0.00 0.00 0.00
1.24 1.28 1.32 1.35 1.39 1.42 1.45 1.50 1.56 1.58 1.60 1.62 1.64 1.66 1.69 1.71 1.72 1.72 1.72 1.72 1.73 1.73 1.58 1.44 1.23 0.92 -0.93 -3.37 -2.74 -2.35 -2.02 -1.93 -1.84 -1.24 -0.76 0.63 1.25 1.37 1.33 0.01 0.24 0.48 1.65 2.39 2.74 2.70 4.27 4.69 4.69 1.77 1.45 1.08 0.49 0.50 0.27 1.85 3.52 3.98 2.85 2.12 3.37 3.97 2.75 2.11 2.00 1.75 1.91 1.15 0.00 0.00 0.00 0.00 0.00 0.00 0.00 0.00 0.00 0.00 0.00 0.00 0.00 0.00 0.00
1.25 1.29 1.32 1.36 1.39 1.42 1.45 1.48 1.52 1.57 1.59 1.61 1.63 1.65 1.69 1.70 1.72 1.72 1.72 1.72 1.73 1.64 1.54 1.36 1.10 0.76 -1.71 -3.32 -2.85 -2.23 -1.96 -1.97 -1.76 -1.09 -0.75 -0.42 1.33 1.44 1.47 0.00 0.49 0.73 1.96 2.39 2.69 2.69 4.70 4.70 3.87 1.76 1.42 1.41 1.20 0.64 0.90 1.88 2.73 3.38 2.78 2.65 3.39 3.97 2.74 1.99 2.03 1.84 1.76 0.00 0.00 0.00 0.00 0.00 0.00 0.00 0.00 0.00 0.00 0.00 0.00 0.00 0.00 0.00 0.00
1.26 1.30 1.33 1.36 1.39 1.42 1.45 1.48 1.52 1.57 1.59 1.61 1.63 1.65 1.67 1.70 1.71 1.72 1.71 1.72 1.73 1.71 1.51 1.32 1.04 0.73 -2.96 -3.17 -2.73 -2.12 -1.95 -1.89 -1.53 -1.06 -0.31 0.94 1.37 1.40 0.04 0.00 0.20 1.10 2.72 2.59 2.63 2.59 4.70 4.70 2.70 1.70 1.43 1.40 1.34 0.66 1.28 1.91 1.95 2.05 2.01 2.17 2.47 3.99 2.78 1.93 1.27 0.79 0.50 0.00 0.00 0.00 0.00 0.00 0.00 0.00 0.00 0.00 0.00 0.00 0.00 0.00 0.00 0.00 0.00
1.26 1.30 1.34 1.37 1.40 1.42 1.45 1.48 1.54 1.57 1.59 1.61 1.63 1.65 1.67 1.70 1.71 1.71 1.71 1.72 1.72 1.59 1.49 1.28 0.99 0.69 -3.26 -3.06 -2.65 -2.08 -2.02 -1.84 -1.20 -0.99 -0.74 0.73 1.35 1.37 0.03 0.00 0.35 2.12 2.80 2.53 2.58 2.58 4.71 2.11 1.77 1.64 1.46 1.43 1.15 0.67 1.54 1.88 1.89 1.90 1.86 2.12 2.78 4.00 2.39 1.67 0.00 0.00 0.00 0.00 0.00 0.00 0.00 0.00 0.00 0.00 0.00 0.00 0.00 0.00 0.00 0.00 0.00 0.00 0.00
1.25 1.30 1.34 1.37 1.40 1.43 1.46 1.49 1.55 1.57 1.59 1.61 1.63 1.66 1.68 1.70 1.71 1.71 1.71 1.71 1.71 1.60 1.46 1.26 0.92 0.48 -3.45 -3.08 -2.54 -2.11 -2.06 -1.76 -0.95 -0.74 -0.64 0.84 1.19 0.24 0.01 0.10 1.36 2.29 2.62 2.71 2.57 2.55 4.71 1.94 1.72 1.56 1.43 1.46 0.99 0.88 1.70 1.98 1.95 1.80 1.73 2.69 4.00 3.29 1.95 0.48 0.00 0.00 0.00 0.00 0.00 0.00 0.00 0.00 0.00 0.00 0.00 0.00 0.00 0.00 0.00 0.00 0.00 0.00 0.00
1.25 1.30 1.33 1.37 1.40 1.43 1.46 1.49 1.55 1.58 1.60 1.62 1.64 1.66 1.68 1.70 1.71 1.71 1.71 1.70 1.67 1.56 1.45 1.27 0.90 0.16 -3.52 -3.11 -2.48 -2.24 -2.12 -1.57 -0.83 -0.70 -0.37 0.94 1.13 0.04 0.00 0.10 1.39 2.45 2.49 2.62 3.30 3.29 4.72 3.80 1.58 1.53 1.42 1.37 0.86 1.01 1.71 2.04 1.93 1.74 1.87 4.03 2.75 2.00 0.39 0.00 0.00 0.00 0.00 0.00 0.00 0.00 0.00 0.00 0.00 0.00 0.00 0.00 0.00 0.00 0.00 0.00 0.00 0.00 0.00
1.25 1.30 1.33 1.36 1.40 1.43 1.46 1.50 1.56 1.57 1.59 1.61 1.64 1.66 1.67 1.70 1.71 1.71 1.71 1.69 1.65 1.59 1.43 1.26 0.86 -0.33 -3.60 -3.08 -2.51 -2.32 -2.15 -1.14 -0.72 -0.67 -0.09 0.98 1.13 0.05 0.00 0.12 1.49 2.46 2.32 2.56 2.89 2.72 4.73 1.67 1.54 1.51 1.39 1.04 0.72 0.95 1.66 1.90 1.86 1.96 2.42 4.09 2.42 1.74 0.00 0.00 0.00 0.00 0.00 0.00 0.00 0.00 0.00 0.00 0.00 0.00 0.00 0.00 0.00 0.00 0.00 0.00 0.00 0.00 0.00
1.26 1.30 1.33 1.37 1.40 1.43 1.47 1.50 1.55 1.57 1.58 1.61 1.63 1.65 1.67 1.68 1.70 1.71 1.70 1.67 1.62 1.52 1.39 1.24 0.87 -1.18 -3.77 -3.05 -2.51 -2.33 -1.58 -0.81 -0.68 -0.63 0.06 1.03 1.07 0.04 0.00 0.49 2.17 2.66 2.55 2.63 2.58 2.66 4.73 3.89 1.53 1.51 1.33 0.61 0.54 0.95 1.73 1.89 1.88 2.12 2.32 3.72 2.47 1.61 0.00 0.00 0.00 0.00 0.00 0.00 0.00 0.00 0.00 0.00 0.00 0.00 0.00 0.00 0.00 0.00 0.00 0.00 0.00 0.00 0.00
1.89 1.47 1.40 1.39 1.41 1.44 1.47 1.49 1.54 1.55 1.57 1.60 1.62 1.64 1.66 1.67 1.69 1.70 1.68 1.65 1.61 1.50 1.37 1.23 0.90 -2.12 -4.02 -3.06 -2.47 -2.31 -1.33 -0.76 -0.63 -0.52 0.86 1.02 0.17 0.14 0.38 1.22 2.30 2.59 2.63 2.69 2.66 2.75 4.73 1.70 1.57 1.61 1.15 1.07 1.21 1.19 1.77 2.00 1.97 2.22 2.30 3.84 4.15 1.18 0.00 0.00 0.00 0.00 0.00 0.00 0.00 0.00 0.00 0.00 0.00 0.00 0.00 0.00 0.00 0.00 0.00 0.00 0.00 0.00 0.00
3.76 3.23 2.10 1.67 1.52 1.48 1.48 1.50 1.52 1.53 1.55 1.58 1.61 1.63 1.65 1.66 1.68 1.68 1.67 1.64 1.54 1.48 1.39 1.21 0.88 -2.84 -4.12 -2.93 -2.43 -2.31 -1.21 -0.65 -0.51 0.32 0.87 0.92 0.05 0.32 0.78 1.34 1.84 2.23 2.25 2.13 2.41 3.29 4.73 1.76 1.68 1.64 1.16 1.48 1.19 1.31 1.91 2.12 1.95 2.06 2.20 3.32 4.23 0.00 0.00 0.00 0.00 0.00 0.00 0.00 0.00 0.00 0.00 0.00 0.00 0.00 0.00 0.00 0.00 0.00 0.00 0.00 0.00 0.00 0.00
3.90 3.95 3.90 3.41 2.53 1.88 1.61 1.51 1.50 1.51 1.53 1.56 1.59 1.61 1.63 1.65 1.67 1.67 1.65 1.62 1.50 1.45 1.39 1.12 0.74 -3.55 -4.15 -2.77 -2.39 -2.32 -1.76 -0.58 -0.50 0.43 0.84 0.64 0.00 0.55 1.49 1.22 1.31 1.53 1.57 1.77 2.57 4.10 4.21 1.79 1.72 1.55 1.18 1.36 1.22 1.47 1.94 2.28 2.08 2.10 2.39 4.29 2.17 0.00 0.00 0.00 0.00 0.00 0.00 0.00 0.00 0.00 0.00 0.00 0.00 0.00 0.00 0.00 0.00 0.00 0.00 0.00 0.00 0.00 0.00
3.81 3.85 3.95 4.01 4.01 3.73 2.85 1.64 1.53 1.51 1.51 1.54 1.57 1.59 1.59 1.61 1.64 1.64 1.62 1.59 1.54 1.42 1.39 1.04 0.53 -3.82 -4.12 -2.69 -2.32 -2.26 -1.70 -0.60 -0.53 -0.16 0.82 0.06 0.48 0.62 1.58 0.93 0.64 0.77 1.35 2.23 2.95 4.74 4.74 1.66 1.73 1.50 1.26 1.36 1.37 1.78 2.03 2.10 2.25 2.48 2.70 3.35 0.97 0.00 0.00 0.00 0.00 0.00 0.00 0.00 0.00 0.00 0.00 0.00 0.00 0.00 0.00 0.00 0.00 0.00 0.00 0.00 0.00 0.00 0.00
3.81 3.82 3.84 3.88 3.95 4.01 3.81 3.79 2.88 1.71 1.55 1.53 1.54 1.55 1.57 1.58 1.61 1.62 1.60 1.57 1.44 1.39 1.38 0.95 0.20 -3.98 -3.86 -2.53 -2.25 -2.18 -1.84 -0.65 -0.54 -0.09 0.77 0.19 0.44 0.43 1.63 0.79 0.62 0.81 1.64 2.44 3.23 4.74 3.90 1.53 1.68 1.46 1.43 1.39 1.37 1.90 2.12 2.26 2.72 3.26 3.67 4.38 0.00 0.00 0.00 0.00 0.00 0.00 0.00 0.00 0.00 0.00 0.00 0.00 0.00 0.00 0.00 0.00 0.00 0.00 0.00 0.00 0.00 0.00 0.00
3.80 3.80 3.84 3.85 3.86 3.86 3.86 3.94 3.93 3.29 2.19 1.67 1.56 1.54 1.54 1.56 1.58 1.59 1.58 1.49 1.41 1.35 1.32 0.81 -0.32 -4.05 -3.62 -2.44 -2.22 -2.18 -1.58 -0.65 -0.55 0.60 0.71 0.25 0.25 0.46 1.41 0.63 0.86 1.54 2.26 2.56 4.26 4.74 3.64 1.59 1.76 1.44 1.21 1.33 1.55 2.06 2.30 2.41 2.91 4.21 4.39 3.19 0.00 0.00 0.00 0.00 0.00 0.00 0.00 0.00 0.00 0.00 0.00 0.00 0.00 0.00 0.00 0.00 0.00 0.00 0.00 0.00 0.00 0.00 0.00
3.70 3.72 3.74 3.83 3.85 3.86 3.83 3.82 3.85 3.89 3.81 3.05 1.98 1.61 1.53 1.54 1.56 1.57 1.55 1.52 1.38 1.31 1.21 0.94 -1.10 -4.20 -3.12 -2.40 -2.25 -2.23 -1.25 -0.62 -0.52 0.67 0.04 0.23 0.26 0.96 1.28 0.61 0.93 1.71 2.38 2.65 4.75 4.74 2.75 1.66 1.81 1.20 0.94 1.25 1.71 2.15 2.45 3.12 4.19 4.36 4.40 4.21 0.00 0.00 0.00 0.00 0.00 0.00 0.00 0.00 0.00 0.00 0.00 0.00 0.00 0.00 0.00 0.00 0.00 0.00 0.00 0.00 0.00 0.00 0.00
3.68 3.71 3.74 3.78 3.81 3.80 3.81 3.81 3.79 3.79 3.84 3.86 3.67 2.57 1.72 1.56 1.54 1.54 1.53 1.49 1.34 1.26 1.08 0.80 -2.58 -3.87 -2.85 -2.45 -2.29 -2.25 -1.00 -0.65 0.25 0.77 0.05 0.19 0.16 1.07 1.05 0.63 0.99 2.00 2.56 3.26 4.75 4.75 1.72 1.68 1.70 0.89 1.11 1.23 1.55 2.38 3.47 4.25 4.49 4.49 4.49 3.05 1.12 0.00 0.00 0.00 0.00 0.00 0.00 0.00 0.00 0.00 0.00 0.00 0.00 0.00 0.00 0.00 0.00 0.00 0.00 0.00 0.00 0.00 0.00
3.69 3.71 3.74 3.78 3.80 3.80 3.79 3.80 3.76 3.76 3.75 3.77 3.81 3.80 3.28 2.02 1.61 1.52 1.48 1.35 1.26 1.14 0.91 0.62 -3.43 -3.81 -2.84 -2.48 -2.31 -2.25 -0.91 -0.65 0.38 0.60 0.04 0.21 0.22 1.12 0.88 0.71 1.55 2.36 2.79 3.97 4.76 4.75 1.67 1.67 1.59 0.77 1.10 1.38 1.93 3.01 4.27 4.45 4.51 4.52 3.50 2.58 2.20 0.00 0.00 0.00 0.00 0.00 0.00 0.00 0.00 0.00 0.00 0.00 0.00 0.00 0.00 0.00 0.00 0.00 0.00 0.00 0.00 0.00 0.00
3.70 3.73 3.75 3.78 3.80 3.80 3.77 3.76 3.74 3.73 3.73 3.73 3.73 3.72 3.78 3.74 3.44 2.10 1.48 1.29 1.21 1.07 0.83 0.51 -3.98 -3.80 -2.85 -2.49 -2.33 -2.23 -0.87 -0.65 -0.27 0.55 0.04 0.37 0.49 1.06 0.92 0.95 2.30 2.74 3.03 3.91 4.76 4.76 1.59 1.61 1.37 0.59 1.17 1.87 2.56 4.32 4.51 4.52 4.53 4.18 2.96 2.36 2.37 1.18 0.00 0.00 0.00 0.00 0.00 0.00 0.00 0.00 0.00 0.00 0.00 0.00 0.00 0.00 0.00 0.00 0.00 0.00 0.00 0.00 0.00
3.72 3.75 3.77 3.79 3.79 3.78 3.76 3.75 3.74 3.74 3.73 3.72 3.72 3.72 3.71 3.69 3.77 3.69 3.30 1.21 1.14 0.99 0.75 0.43 -4.17 -4.01 -2.89 -2.48 -2.35 -2.23 -0.92 -0.68 -0.20 0.34 0.28 0.44 0.66 1.25 0.91 1.85 2.75 2.93 3.17 4.41 4.77 2.53 1.85 1.82 1.38 0.87 1.42 2.27 3.32 4.43 4.39 4.44 4.46 4.19 4.06 2.40 2.33 2.43 2.23 0.20 0.00 0.00 0.00 0.00 0.00 0.00 0.00 0.00 0.00 0.00 0.00 0.00 0.00 0.00 0.00 0.00 0.00 0.00 0.00
3.74 3.76 3.78 3.79 3.79 3.78 3.75 3.74 3.73 3.74 3.74 3.73 3.71 3.71 3.71 3.69 3.64 3.59 3.21 1.77 1.07 0.92 0.69 0.36 -3.76 -4.26 -3.06 -2.48 -2.37 -2.22 -0.96 -0.76 -0.09 0.29 0.37 0.40 1.07 1.15 1.10 2.30 2.56 2.64 3.16 4.41 4.77 2.91 1.90 1.72 1.20 1.36 1.78 2.62 3.94 4.25 4.23 4.54 4.50 4.32 2.77 2.55 2.41 2.35 1.83 0.00 0.00 0.00 0.00 0.00 0.00 0.00 0.00 0.00 0.00 0.00 0.00 0.00 0.00 0.00 0.00 0.00 0.00 0.00 0.00
3.75 3.77 3.79 3.79 3.79 3.78 3.75 3.74 3.73 3.72 3.73 3.72 3.71 3.69 3.67 3.65 3.62 3.55 3.42 3.03 1.63 0.88 0.57 -1.27 -4.18 -4.15 -3.51 -2.43 -2.32 -2.18 -1.34 -0.46 0.11 0.13 0.39 0.37 1.18 1.06 1.49 2.45 2.51 2.68 2.63 3.38 4.78 3.91 1.77 1.65 1.50 1.65 2.15 2.74 4.21 4.28 4.56 4.55 4.10 3.82 2.97 2.07 1.98 0.28 0.00 0.00 0.00 0.00 0.00 0.00 0.00 0.00 0.00 0.00 0.00 0.00 0.00 0.00 0.00 0.00 0.00 0.00 0.00 0.00 0.00
3.76 3.78 3.79 3.80 3.79 3.78 3.76 3.75 3.73 3.72 3.71 3.69 3.67 3.66 3.64 3.60 3.53 3.47 3.19 3.09 2.94 2.06 0.70 -2.66 -4.18 -4.00 -3.45 -2.40 -2.24 -2.02 -1.46 -0.29 0.05 0.17 0.40 0.39 1.00 1.21 1.85 2.66 2.61 3.18 2.70 4.31 4.78 4.32 1.80 1.67 1.59 2.07 2.33 2.72 4.11 4.35 4.56 4.09 2.35 1.04 0.00 0.00 0.00 0.00 0.00 0.00 0.00 0.00 0.00 0.00 0.00 0.00 0.00 0.00 0.00 0.00 0.00 0.00 0.00 0.00 0.00 0.00 0.00 0.00 0.00
3.76 3.78 3.79 3.80 3.79 3.79 3.76 3.75 3.73 3.71 3.68 3.64 3.61 3.59 3.57 3.55 3.48 3.40 3.31 3.01 2.90 2.64 1.63 -3.67 -4.19 -4.06 -3.34 -2.35 -2.22 -1.79 -1.29 0.01 0.16 0.30 0.37 0.55 0.54 1.25 2.12 2.76 3.15 3.70 3.66 4.39 4.79 4.42 1.69 1.61 2.03 2.36 2.70 3.82 4.35 4.51 3.86 1.67 0.00 0.00 0.00 0.00 0.00 0.00 0.00 0.00 0.00 0.00 0.00 0.00 0.00 0.00 0.00 0.00 0.00 0.00 0.00 0.00 0.00 0.00 0.00 0.00 0.00 0.00 0.00
3.76 3.78 3.80 3.80 3.80 3.77 3.75 3.73 3.71 3.69 3.65 3.60 3.57 3.54 3.52 3.49 3.43 3.35 3.11 2.98 2.84 2.65 2.35 -3.67 -4.22 -4.25 -2.76 -2.25 -2.17 -1.58 -1.08 0.36 0.20 0.36 0.29 0.41 0.49 1.99 2.56 2.83 2.68 3.66 3.44 3.54 4.80 3.59 1.78 2.36 2.80 3.05 4.06 4.40 4.49 4.60 3.01 0.51 0.00 0.00 0.00 0.00 0.00 0.00 0.00 0.00 0.00 0.00 0.00 0.00 0.00 0.00 0.00 0.00 0.00 0.00 0.00 0.00 0.00 0.00 0.00 0.00 0.00 0.00 0.00
3.78 3.80 3.81 3.81 3.78 3.75 3.73 3.72 3.69 3.66 3.61 3.55 3.52 3.49 3.47 3.43 3.37 3.29 3.05 2.93 2.75 2.55 2.43 -2.80 -4.32 -3.91 -2.35 -2.11 -1.85 -1.37 -0.91 0.72 0.05 0.40 0.55 0.50 0.98 2.33 2.64 2.60 2.68 2.65 2.69 3.04 2.31 1.84 2.21 2.64 3.20 3.51 4.22 4.38 4.45 4.44 2.44 0.00 0.00 0.00 0.00 0.00 0.00 0.00 0.00 0.00 0.00 0.00 0.00 0.00 0.00 0.00 0.00 0.00 0.00 0.00 0.00 0.00 0.00 0.00 0.00 0.00 0.00 0.00 0.00
3.78 3.80 3.81 3.81 3.80 3.74 3.71 3.69 3.67 3.63 3.57 3.51 3.46 3.43 3.41 3.38 3.31 3.22 3.00 2.88 2.68 2.44 2.21 -1.06 -4.35 -3.12 -2.14 -2.02 -1.66 -1.12 -0.82 1.11 0.05 0.37 0.60 0.60 1.37 2.39 2.60 2.60 2.55 2.63 2.65 3.41 1.80 2.47 2.50 2.53 2.77 3.20 4.04 4.43 4.46 4.34 3.01 0.00 0.00 0.00 0.00 0.00 0.00 0.00 0.00 0.00 0.00 0.00 0.00 0.00 0.00 0.00 0.00 0.00 0.00 0.00 0.00 0.00 0.00 0.00 0.00 0.00 0.00 0.00 0.00
3.77 3.80 3.81 3.80 3.76 3.72 3.68 3.66 3.63 3.58 3.51 3.45 3.40 3.37 3.34 3.31 3.25 3.01 2.94 2.82 2.54 2.41 2.10 0.82 -3.58 -2.51 -2.05 -1.99 -1.67 -0.96 0.49 1.21 0.00 0.20 0.55 0.76 1.70 2.33 2.54 2.53 2.53 2.57 2.74 3.60 2.00 2.49 2.52 2.49 2.72 2.92 2.99 3.71 4.43 4.31 3.34 0.00 0.00 0.00 0.00 0.00 0.00 0.00 0.00 0.00 0.00 0.00 0.00 0.00 0.00 0.00 0.00 0.00 0.00 0.00 0.00 0.00 0.00 0.00 0.00 0.00 0.00 0.00 0.00
3.76 3.78 3.79 3.79 3.77 3.69 3.64 3.60 3.57 3.51 3.44 3.38 3.32 3.30 3.23 3.20 3.16 2.89 2.79 2.71 2.48 2.30 2.09 1.37 -3.28 -2.33 -2.03 -1.96 -1.71 -0.78 0.69 1.29 0.04 0.00 0.34 0.99 1.66 2.10 2.42 2.46 2.45 2.63 3.02 3.11 2.21 2.47 2.51 2.50 2.65 2.89 2.84 3.01 4.37 4.21 3.27 0.00 0.00 0.00 0.00 0.00 0.00 0.00 0.00 0.00 0.00 0.00 0.00 0.00 0.00 0.00 0.00 0.00 0.00 0.00 0.00 0.00 0.00 0.00 0.00 0.00 0.00 0.00 0.00
3.75 3.76 3.76 3.76 3.72 3.64 3.57 3.50 3.47 3.41 3.34 3.28 3.21 3.18 3.15 3.12 3.08 2.97 2.71 2.62 2.44 2.19 2.07 1.63 -2.78 -2.28 -2.06 -1.95 -1.56 -0.66 0.83 1.26 0.00 0.00 0.35 0.95 1.61 1.71 2.20 2.36 2.43 2.68 3.31 1.68 2.22 2.44 2.54 2.56 2.54 2.67 2.81 3.01 4.41 4.58 3.61 1.84 0.00 0.11 0.00 0.00 0.00 0.00 0.00 0.00 0.00 0.00 0.00 0.00 0.00 0.00 0.00 0.00 0.00 0.00 0.00 0.00 0.00 0.00 0.00 0.00 0.00 0.00 0.00
3.72 3.72 3.71 3.69 3.63 3.56 3.50 3.45 3.40 3.35 3.28 3.21 3.13 3.09 3.06 3.03 3.01 2.91 2.60 2.57 2.42 2.09 2.02 1.97 -2.31 -2.22 -2.02 -1.91 -1.33 -0.58 0.12 0.82 0.03 0.14 0.58 1.01 1.62 1.59 1.88 2.20 2.35 2.91 3.64 1.52 2.05 2.32 2.44 2.53 3.42 3.59 3.56 3.90 4.65 4.48 3.86 3.58 2.67 2.54 1.98 0.18 0.00 0.00 0.00 0.00 0.00 0.00 0.00 0.00 0.00 0.00 0.00 0.00 0.00 0.00 0.00 0.00 0.00 0.00 0.00 0.00 0.00 0.00 0.00
3.67 3.67 3.66 3.61 3.58 3.51 3.45 3.39 3.34 3.28 3.21 3.14 3.08 3.01 2.97 2.94 2.91 2.66 2.52 2.54 2.41 2.11 1.87 2.10 -1.86 -2.15 -1.98 -1.96 -1.20 -0.55 0.27 0.15 0.15 0.19 0.62 0.75 1.26 1.51 1.92 2.22 2.41 3.08 3.83 2.05 2.23 2.25 2.29 2.61 3.89 4.80 4.80 4.80 4.69 3.94 3.76 3.63 3.28 2.56 2.33 1.54 0.26 0.00 0.00 0.00 0.00 0.00 0.00 0.00 0.00 0.00 0.00 0.00 0.00 0.00 0.00 0.00 0.00 0.00 0.00 0.00 0.00 0.00 0.00
3.63 3.62 3.60 3.55 3.52 3.45 3.39 3.34 3.28 3.22 3.15 3.07 3.00 2.93 2.89 2.85 2.73 2.57 2.45 2.50 2.38 2.10 1.89 2.27 -1.45 -2.03 -1.94 -1.94 -1.09 -0.38 0.46 0.04 0.06 0.17 0.61 0.60 0.94 1.53 2.07 2.51 2.72 3.06 3.70 1.73 3.99 3.11 2.40 2.63 3.64 4.80 4.80 4.79 4.68 3.84 3.65 3.64 3.48 2.56 1.28 0.46 0.26 0.07 0.00 0.00 0.00 0.00 0.00 0.00 0.00 0.00 0.00 0.00 0.00 0.00 0.00 0.00 0.00 0.00 0.00 0.00 0.00 0.00 0.00
