tsunami_inundation/3090.asc
ncols        89
nrows        96
xllcorner    425855.973699999973
yllcorner    5091051.504999999888
cellsize     55.000000000000
NODATA_value  -9999.00
[rows 37 to 73 of 96, columns 0 to 83 of 89]
0.27 0.31 0.35 0.39 0.43 0.47 0.54 0.58 0.63 0.71 0.75 0.78 0.81 0.85 0.88 0.91 0.94 0.97 1.00 1.03 1.05 1.10 1.17 1.22 1.27 1.32 1.40 1.39 1.46 1.67 1.57 1.54 1.12 -1.60 -1.23 -0.44 -0.06 0.95 1.07 1.09 0.03 0.21 0.83 2.12 2.50 3.10 3.00 2.62 4.44 4.57 1.40 1.29 0.46 0.37 0.42 0.52 0.85 1.71 1.83 3.84 3.92 3.27 2.85 2.59 1.27 0.00 0.00 0.00 0.00 0.00 0.00 0.00 0.00 0.00 0.00 0.00 0.00 0.00 0.00 0.00 0.00 0.00 0.00 0.00
0.28 0.32 0.35 0.40 0.44 0.48 0.53 0.59 0.64 0.72 0.75 0.78 0.81 0.85 0.88 0.91 0.94 0.97 1.00 1.03 1.06 1.11 1.19 1.25 1.32 1.41 1.53 1.53 1.39 1.50 1.39 1.34 0.13 -1.62 -1.10 0.03 0.80 1.00 1.07 0.16 0.00 0.20 0.92 2.15 2.56 2.90 2.59 3.00 4.59 1.67 1.41 1.19 0.42 0.37 0.45 0.30 1.27 1.86 2.02 3.94 3.94 3.53 3.13 2.25 1.83 0.00 0.00 0.00 0.00 0.00 0.00 0.00 0.00 0.00 0.00 0.00 0.00 0.00 0.00 0.00 0.00 0.00 0.00 0.00
0.28 0.32 0.36 0.40 0.45 0.49 0.54 0.60 0.64 0.72 0.76 0.78 0.81 0.85 0.88 0.91 0.94 0.98 1.01 1.04 1.07 1.12 1.21 1.28 1.36 1.49 1.62 1.60 1.38 1.40 1.44 1.26 -0.47 -1.46 -0.85 -0.57 0.87 1.07 1.16 0.05 0.00 0.26 1.31 2.19 2.44 2.76 2.62 3.99 4.57 1.66 1.42 1.17 0.45 0.42 0.49 0.33 1.40 1.84 2.37 3.96 3.96 3.56 1.88 2.27 2.97 0.00 0.00 0.00 0.00 0.00 0.00 0.00 0.00 0.00 0.00 0.00 0.00 0.00 0.00 0.00 0.00 0.00 0.00 0.00
0.29 0.33 0.37 0.41 0.45 0.50 0.55 0.62 0.66 0.69 0.76 0.79 0.81 0.83 0.88 0.91 0.95 0.98 1.02 1.05 1.08 1.14 1.24 1.30 1.40 1.53 1.66 1.63 1.48 1.41 1.41 1.28 -1.08 -1.22 -0.72 0.36 0.97 1.11 1.20 0.05 0.04 0.22 1.69 2.27 2.50 2.77 2.81 4.61 4.61 1.62 1.46 1.23 0.47 0.44 0.41 0.58 1.85 2.26 3.39 3.97 3.98 3.48 2.40 2.00 2.48 1.77 0.00 0.00 0.00 0.00 0.00 0.00 0.00 0.00 0.00 0.00 0.00 0.00 0.00 0.00 0.00 0.00 0.00 0.00
0.30 0.34 0.37 0.42 0.46 0.51 0.56 0.62 0.66 0.70 0.77 0.79 0.82 0.85 0.90 0.92 0.97 1.01 1.03 1.08 1.10 1.16 1.21 1.32 1.41 1.55 1.69 1.67 1.65 1.57 1.44 1.41 -1.76 -1.26 -0.74 -0.68 1.05 1.19 1.17 0.05 0.02 0.09 1.42 2.34 2.59 2.60 3.39 4.61 4.62 1.48 1.39 1.14 0.47 0.43 0.23 1.19 2.43 3.56 3.99 3.96 3.99 3.81 2.98 2.21 2.12 1.95 2.12 2.24 0.11 0.00 0.00 0.00 0.00 0.00 0.00 0.00 0.00 0.00 0.00 0.00 0.00 0.00 0.00 0.00
0.37 0.37 0.40 0.43 0.47 0.51 0.56 0.62 0.70 0.74 0.77 0.80 0.83 0.86 0.92 0.96 1.00 1.03 1.06 1.09 1.12 1.18 1.28 1.33 1.40 1.55 1.71 1.70 1.76 1.66 1.49 1.45 -1.89 -1.28 -0.81 0.59 1.15 1.24 0.95 0.00 0.19 0.42 1.59 2.32 2.67 2.63 4.20 4.62 4.62 1.70 1.39 1.01 0.43 0.45 0.27 1.87 3.55 4.01 2.89 2.16 3.41 4.02 2.82 2.22 2.16 1.90 2.03 1.25 0.00 0.00 0.00 0.00 0.00 0.00 0.00 0.00 0.00 0.00 0.00 0.00 0.00 0.00 0.00 0.00
1.03 0.67 0.53 0.49 0.50 0.55 0.58 0.61 0.67 0.74 0.77 0.80 0.83 0.86 0.92 0.96 1.00 1.03 1.06 1.09 1.14 1.26 1.31 1.35 1.41 1.53 1.74 1.81 1.80 1.62 1.48 1.22 -1.86 -1.12 -0.82 -0.44 1.23 1.37 1.42 0.00 0.44 0.66 1.89 2.33 2.62 2.62 4.63 4.63 3.80 1.70 1.36 1.35 1.15 0.59 0.92 1.90 2.76 3.42 2.82 2.69 3.44 4.03 2.81 2.10 2.18 2.00 1.92 0.00 0.00 0.00 0.00 0.00 0.00 0.00 0.00 0.00 0.00 0.00 0.00 0.00 0.00 0.00 0.00 0.00
2.76 2.77 2.59 2.02 1.30 0.84 0.68 0.65 0.67 0.73 0.77 0.80 0.83 0.86 0.90 0.97 1.00 1.03 1.05 1.09 1.14 1.19 1.33 1.39 1.47 1.54 1.73 1.79 1.75 1.54 1.50 0.44 -1.59 -1.10 -0.33 0.89 1.29 1.37 0.00 0.00 0.13 1.03 2.66 2.53 2.56 2.52 4.64 4.64 2.63 1.63 1.36 1.34 1.28 0.62 1.30 1.93 1.98 2.09 2.06 2.22 2.52 4.05 2.85 2.03 1.43 0.95 0.66 0.00 0.00 0.00 0.00 0.00 0.00 0.00 0.00 0.00 0.00 0.00 0.00 0.00 0.00 0.00 0.00 0.00
2.70 2.75 2.79 2.83 2.82 2.49 1.71 1.07 0.72 0.74 0.76 0.79 0.82 0.86 0.90 0.96 0.99 1.02 1.04 1.08 1.13 1.28 1.35 1.44 1.51 1.53 1.62 1.78 1.80 1.43 1.45 -0.35 -1.24 -1.04 -0.79 0.71 1.30 1.30 0.00 0.00 0.29 2.06 2.74 2.47 2.52 2.51 4.64 2.04 1.70 1.57 1.40 1.37 1.10 0.64 1.57 1.91 1.92 1.94 1.91 2.17 2.84 4.06 2.47 1.76 0.00 0.00 0.00 0.00 0.00 0.00 0.00 0.00 0.00 0.00 0.00 0.00 0.00 0.00 0.00 0.00 0.00 0.00 0.00 0.00
2.66 2.69 2.71 2.77 2.83 2.88 2.90 2.73 1.00 0.81 0.77 0.78 0.81 0.84 0.88 0.94 0.97 1.00 1.02 1.06 1.11 1.24 1.38 1.47 1.50 1.47 1.60 1.79 1.72 1.46 1.40 -0.81 -1.00 -0.78 -0.67 0.81 1.15 0.22 0.00 0.05 1.30 2.23 2.55 2.65 2.51 2.49 4.65 1.87 1.66 1.50 1.37 1.40 0.94 0.88 1.73 2.01 1.98 1.84 1.78 2.75 4.06 3.35 2.03 0.55 0.00 0.00 0.00 0.00 0.00 0.00 0.00 0.00 0.00 0.00 0.00 0.00 0.00 0.00 0.00 0.00 0.00 0.00 0.00 0.00
2.65 2.68 2.70 2.73 2.75 2.79 2.85 2.90 2.60 1.72 1.05 0.84 0.82 0.84 0.86 0.92 0.93 0.96 0.99 1.03 1.08 1.22 1.38 1.46 1.46 1.46 1.65 1.81 1.57 1.41 1.32 -0.91 -0.87 -0.76 -0.38 0.91 1.10 0.04 0.00 0.06 1.33 2.39 2.43 2.56 3.24 3.23 4.65 3.74 1.52 1.47 1.36 1.31 0.82 1.02 1.74 2.08 1.96 1.78 1.92 4.09 2.81 2.07 0.45 0.00 0.00 0.00 0.00 0.00 0.00 0.00 0.00 0.00 0.00 0.00 0.00 0.00 0.00 0.00 0.00 0.00 0.00 0.00 0.00 0.00
2.61 2.65 2.68 2.72 2.75 2.77 2.79 2.81 2.91 2.91 2.91 2.63 1.71 1.06 0.90 0.89 0.91 0.93 0.96 1.00 1.04 1.10 1.35 1.44 1.45 1.46 1.62 1.81 1.60 1.43 1.40 -0.61 -0.77 -0.72 -0.09 0.95 1.10 0.00 0.00 0.07 1.43 2.40 2.26 2.50 2.83 2.66 4.66 1.61 1.48 1.45 1.33 0.98 0.68 0.98 1.70 1.94 1.90 2.00 2.48 4.14 2.48 1.80 0.00 0.00 0.00 0.00 0.00 0.00 0.00 0.00 0.00 0.00 0.00 0.00 0.00 0.00 0.00 0.00 0.00 0.00 0.00 0.00 0.00 0.00
2.57 2.61 2.64 2.65 2.69 2.74 2.77 2.80 2.83 2.85 2.88 2.92 2.92 2.57 1.58 1.03 0.90 0.91 0.93 0.96 1.00 1.15 1.32 1.44 1.45 1.42 1.61 1.94 1.63 1.45 1.68 -0.59 -0.73 -0.67 0.04 1.01 1.05 0.02 0.00 0.43 2.11 2.59 2.49 2.57 2.52 2.60 4.67 3.83 1.47 1.46 1.28 0.56 0.52 0.98 1.76 1.93 1.92 2.17 2.37 3.78 2.53 1.67 0.00 0.00 0.00 0.00 0.00 0.00 0.00 0.00 0.00 0.00 0.00 0.00 0.00 0.00 0.00 0.00 0.00 0.00 0.00 0.00 0.00 0.00
2.55 2.58 2.61 2.64 2.68 2.71 2.74 2.78 2.83 2.83 2.83 2.86 2.90 2.93 2.89 2.37 1.10 0.93 0.91 0.92 0.96 1.11 1.31 1.41 1.39 1.29 1.88 1.99 1.47 1.42 1.77 -0.68 -0.68 -0.55 0.83 1.00 0.16 0.09 0.31 1.16 2.24 2.52 2.57 2.63 2.60 2.70 4.67 1.65 1.51 1.55 1.10 1.06 1.21 1.23 1.81 2.05 2.02 2.27 2.35 3.90 4.21 1.24 0.00 0.00 0.00 0.00 0.00 0.00 0.00 0.00 0.00 0.00 0.00 0.00 0.00 0.00 0.00 0.00 0.00 0.00 0.00 0.00 0.00 0.00
2.55 2.57 2.62 2.65 2.68 2.71 2.74 2.78 2.80 2.82 2.82 2.83 2.85 2.87 2.91 2.92 2.54 1.50 1.00 0.92 0.99 1.09 1.22 1.33 1.25 1.29 2.18 2.00 1.29 1.35 1.53 -0.66 -0.56 0.31 0.84 0.89 0.05 0.27 0.72 1.28 1.78 2.17 2.18 2.07 2.35 3.24 4.67 1.70 1.62 1.59 1.12 1.47 1.20 1.35 1.95 2.16 1.99 2.11 2.26 3.38 4.30 0.00 0.00 0.00 0.00 0.00 0.00 0.00 0.00 0.00 0.00 0.00 0.00 0.00 0.00 0.00 0.00 0.00 0.00 0.00 0.00 0.00 0.00 0.00
2.56 2.58 2.63 2.65 2.68 2.71 2.74 2.78 2.78 2.79 2.80 2.83 2.85 2.85 2.86 2.87 2.88 2.80 2.11 1.18 1.00 1.06 1.16 1.14 1.00 1.74 2.37 1.88 1.23 1.33 1.63 -0.62 -0.55 0.40 0.81 0.61 0.03 0.50 1.43 1.16 1.24 1.46 1.51 1.71 2.51 4.05 4.15 1.73 1.67 1.50 1.15 1.35 1.24 1.51 1.99 2.33 2.13 2.15 2.44 4.35 2.23 0.00 0.00 0.00 0.00 0.00 0.00 0.00 0.00 0.00 0.00 0.00 0.00 0.00 0.00 0.00 0.00 0.00 0.00 0.00 0.00 0.00 0.00 0.00
2.57 2.59 2.64 2.66 2.69 2.71 2.74 2.77 2.78 2.79 2.80 2.82 2.84 2.85 2.84 2.84 2.82 2.80 2.80 2.78 2.42 1.10 1.12 0.97 0.96 2.18 2.46 1.75 1.09 1.31 1.44 -0.65 -0.58 -0.18 0.78 0.04 0.44 0.56 1.52 0.87 0.58 0.71 1.29 2.18 2.90 4.68 4.68 1.61 1.68 1.46 1.24 1.35 1.40 1.83 2.08 2.15 2.31 2.54 2.76 3.41 1.03 0.00 0.00 0.00 0.00 0.00 0.00 0.00 0.00 0.00 0.00 0.00 0.00 0.00 0.00 0.00 0.00 0.00 0.00 0.00 0.00 0.00 0.00 0.00
2.58 2.60 2.64 2.67 2.69 2.72 2.76 2.77 2.77 2.79 2.80 2.82 2.83 2.83 2.82 2.82 2.81 2.77 2.76 2.78 2.72 1.83 1.19 0.88 1.06 2.43 2.50 1.58 1.08 1.24 1.07 -0.69 -0.59 -0.09 0.74 0.13 0.41 0.38 1.57 0.74 0.56 0.75 1.59 2.39 3.18 4.69 3.85 1.48 1.64 1.43 1.41 1.39 1.42 1.96 2.18 2.32 2.79 3.32 3.74 4.43 0.00 0.00 0.00 0.00 0.00 0.00 0.00 0.00 0.00 0.00 0.00 0.00 0.00 0.00 0.00 0.00 0.00 0.00 0.00 0.00 0.00 0.00 0.00 0.00
2.60 2.63 2.66 2.68 2.70 2.72 2.74 2.77 2.77 2.78 2.79 2.81 2.82 2.82 2.81 2.80 2.79 2.77 2.75 2.78 2.83 2.83 2.23 0.94 1.27 2.45 2.42 1.29 1.05 1.18 0.64 -0.69 -0.58 0.58 0.71 0.22 0.21 0.41 1.36 0.58 0.81 1.49 2.21 2.51 4.21 4.69 3.59 1.54 1.72 1.41 1.20 1.34 1.60 2.12 2.36 2.47 2.98 4.27 4.45 3.25 0.00 0.00 0.00 0.00 0.00 0.00 0.00 0.00 0.00 0.00 0.00 0.00 0.00 0.00 0.00 0.00 0.00 0.00 0.00 0.00 0.00 0.00 0.00 0.00
2.63 2.65 2.67 2.69 2.70 2.72 2.75 2.77 2.77 2.78 2.79 2.80 2.81 2.81 2.80 2.79 2.78 2.75 2.74 2.74 2.79 2.84 2.82 2.37 1.58 2.27 2.14 1.13 1.03 1.15 0.21 -0.66 -0.52 0.65 0.00 0.21 0.22 0.91 1.23 0.56 0.88 1.67 2.34 2.61 4.70 4.70 2.70 1.62 1.78 1.17 0.94 1.28 1.77 2.21 2.51 3.19 4.26 4.43 4.47 4.26 0.00 0.00 0.00 0.00 0.00 0.00 0.00 0.00 0.00 0.00 0.00 0.00 0.00 0.00 0.00 0.00 0.00 0.00 0.00 0.00 0.00 0.00 0.00 0.00
2.63 2.65 2.67 2.69 2.71 2.72 2.76 2.77 2.77 2.78 2.79 2.80 2.80 2.79 2.78 2.77 2.76 2.73 2.71 2.72 2.76 2.79 2.81 2.81 3.15 2.32 1.60 1.16 1.06 1.07 -0.52 -0.68 0.24 0.75 0.05 0.16 0.12 1.02 1.00 0.58 0.94 1.95 2.52 3.21 4.71 4.70 1.68 1.65 1.67 0.87 1.13 1.26 1.61 2.44 3.53 4.31 4.55 4.56 4.55 3.10 1.18 0.00 0.00 0.00 0.00 0.00 0.00 0.00 0.00 0.00 0.00 0.00 0.00 0.00 0.00 0.00 0.00 0.00 0.00 0.00 0.00 0.00 0.00 0.00
2.63 2.65 2.67 2.70 2.71 2.73 2.74 2.77 2.76 2.77 2.78 2.80 2.80 2.78 2.76 2.75 2.74 2.71 2.68 2.66 2.69 2.75 2.75 2.86 3.25 3.15 1.64 1.01 0.87 1.10 -0.81 -0.68 0.37 0.60 0.00 0.18 0.18 1.07 0.83 0.66 1.50 2.31 2.75 3.92 4.71 4.71 1.63 1.63 1.56 0.76 1.14 1.43 1.99 3.07 4.32 4.51 4.57 4.57 3.55 2.62 2.25 0.00 0.00 0.00 0.00 0.00 0.00 0.00 0.00 0.00 0.00 0.00 0.00 0.00 0.00 0.00 0.00 0.00 0.00 0.00 0.00 0.00 0.00 0.00
2.63 2.65 2.68 2.70 2.72 2.73 2.75 2.75 2.75 2.76 2.77 2.78 2.77 2.78 2.76 2.72 2.71 2.67 2.64 2.62 2.64 2.66 2.69 2.82 3.18 3.21 2.66 1.19 0.72 0.80 -0.87 -0.68 -0.28 0.54 0.04 0.34 0.44 1.01 0.88 0.90 2.26 2.69 2.99 3.86 4.72 4.72 1.55 1.58 1.34 0.60 1.21 1.92 2.61 4.38 4.56 4.57 4.58 4.23 2.99 2.38 2.39 1.19 0.00 0.00 0.00 0.00 0.00 0.00 0.00 0.00 0.00 0.00 0.00 0.00 0.00 0.00 0.00 0.00 0.00 0.00 0.00 0.00 0.00 0.00
2.61 2.64 2.66 2.68 2.71 2.72 2.74 2.74 2.75 2.75 2.77 2.77 2.76 2.75 2.72 2.69 2.69 2.63 2.58 2.57 2.58 2.58 2.59 2.70 3.01 3.30 3.04 2.20 0.86 0.13 -0.94 -0.70 -0.22 0.34 0.25 0.41 0.62 1.21 0.86 1.81 2.70 2.89 3.13 4.37 4.73 2.49 1.82 1.80 1.36 0.89 1.46 2.32 3.37 4.48 4.44 4.49 4.50 4.23 4.09 2.40 2.35 2.45 2.25 0.20 0.00 0.00 0.00 0.00 0.00 0.00 0.00 0.00 0.00 0.00 0.00 0.00 0.00 0.00 0.00 0.00 0.00 0.00 0.00 0.00
2.59 2.61 2.64 2.67 2.69 2.71 2.73 2.73 2.73 2.74 2.75 2.75 2.74 2.72 2.70 2.66 2.63 2.59 2.49 2.43 2.40 2.49 2.50 2.53 2.60 3.51 3.17 2.23 1.65 -1.16 -0.99 -0.78 -0.10 0.26 0.34 0.36 1.03 1.11 1.06 2.26 2.52 2.60 3.12 4.38 4.74 2.87 1.88 1.70 1.19 1.39 1.82 2.67 4.00 4.30 4.28 4.58 4.54 4.36 2.78 2.54 2.42 2.37 1.87 0.00 0.00 0.00 0.00 0.00 0.00 0.00 0.00 0.00 0.00 0.00 0.00 0.00 0.00 0.00 0.00 0.00 0.00 0.00 0.00 0.00
2.57 2.59 2.62 2.64 2.67 2.68 2.70 2.70 2.71 2.71 2.72 2.72 2.70 2.68 2.66 2.63 2.60 2.56 2.49 2.36 2.32 2.32 2.36 2.37 2.17 3.50 3.65 2.95 2.58 -0.83 -1.37 -0.46 0.07 0.11 0.35 0.33 1.14 1.02 1.45 2.41 2.47 2.64 2.60 3.35 4.75 3.88 1.74 1.64 1.50 1.68 2.18 2.78 4.25 4.33 4.61 4.60 4.14 3.85 3.00 2.06 1.97 0.27 0.00 0.00 0.00 0.00 0.00 0.00 0.00 0.00 0.00 0.00 0.00 0.00 0.00 0.00 0.00 0.00 0.00 0.00 0.00 0.00 0.00 0.00
2.55 2.58 2.60 2.62 2.64 2.65 2.66 2.67 2.67 2.68 2.69 2.68 2.66 2.64 2.62 2.60 2.55 2.51 2.36 2.26 2.22 2.26 2.39 2.39 2.19 3.33 3.63 2.93 2.64 0.55 -1.47 -0.30 0.05 0.15 0.37 0.36 0.97 1.17 1.81 2.62 2.57 3.14 2.67 4.28 4.75 4.29 1.78 1.66 1.60 2.09 2.36 2.75 4.15 4.40 4.61 4.13 2.39 1.08 0.00 0.00 0.00 0.00 0.00 0.00 0.00 0.00 0.00 0.00 0.00 0.00 0.00 0.00 0.00 0.00 0.00 0.00 0.00 0.00 0.00 0.00 0.00 0.00 0.00 0.00
2.54 2.56 2.58 2.59 2.61 2.61 2.63 2.63 2.64 2.63 2.63 2.62 2.60 2.58 2.57 2.55 2.52 2.48 2.43 2.21 2.19 2.26 2.49 2.51 2.46 3.45 3.43 2.65 2.55 1.98 -1.27 0.01 0.14 0.27 0.34 0.52 0.51 1.21 2.08 2.72 3.11 3.67 3.63 4.37 4.76 4.39 1.67 1.61 2.03 2.38 2.72 3.85 4.38 4.54 3.91 1.72 0.00 0.00 0.00 0.00 0.00 0.00 0.00 0.00 0.00 0.00 0.00 0.00 0.00 0.00 0.00 0.00 0.00 0.00 0.00 0.00 0.00 0.00 0.00 0.00 0.00 0.00 0.00 0.00
2.52 2.54 2.55 2.54 2.55 2.57 2.57 2.58 2.59 2.60 2.60 2.58 2.56 2.55 2.54 2.52 2.50 2.46 2.28 2.18 2.18 2.32 2.66 2.74 2.82 3.30 2.99 2.63 2.73 2.34 -1.05 0.36 0.18 0.33 0.25 0.38 0.46 1.95 2.53 2.80 2.66 3.63 3.41 3.51 4.77 3.56 1.77 2.35 2.80 3.05 4.07 4.41 4.51 4.62 3.04 0.54 0.00 0.00 0.00 0.00 0.00 0.00 0.00 0.00 0.00 0.00 0.00 0.00 0.00 0.00 0.00 0.00 0.00 0.00 0.00 0.00 0.00 0.00 0.00 0.00 0.00 0.00 0.00 0.00
2.48 2.49 2.50 2.51 2.53 2.52 2.53 2.54 2.56 2.56 2.56 2.54 2.52 2.51 2.50 2.50 2.48 2.43 2.25 2.17 2.19 2.44 2.91 3.04 3.15 3.24 2.66 2.73 2.90 2.61 -0.90 0.71 0.05 0.38 0.52 0.47 0.95 2.30 2.61 2.58 2.66 2.63 2.67 3.02 2.28 1.81 2.19 2.62 3.20 3.50 4.22 4.39 4.46 4.46 2.46 0.00 0.00 0.00 0.00 0.00 0.00 0.00 0.00 0.00 0.00 0.00 0.00 0.00 0.00 0.00 0.00 0.00 0.00 0.00 0.00 0.00 0.00 0.00 0.00 0.00 0.00 0.00 0.00 0.00
2.46 2.46 2.47 2.48 2.48 2.48 2.48 2.50 2.52 2.53 2.52 2.50 2.48 2.48 2.47 2.47 2.47 2.42 2.25 2.18 2.21 2.60 3.19 3.34 3.36 3.19 2.44 2.77 2.85 2.95 -0.77 1.10 0.05 0.34 0.57 0.57 1.35 2.36 2.57 2.58 2.54 2.61 2.64 3.38 1.77 2.44 2.47 2.52 2.76 3.19 4.03 4.43 4.46 4.35 3.02 0.00 0.00 0.00 0.00 0.00 0.00 0.00 0.00 0.00 0.00 0.00 0.00 0.00 0.00 0.00 0.00 0.00 0.00 0.00 0.00 0.00 0.00 0.00 0.00 0.00 0.00 0.00 0.00 0.00
2.43 2.43 2.43 2.44 2.44 2.44 2.43 2.46 2.48 2.49 2.48 2.47 2.45 2.44 2.44 2.45 2.45 2.33 2.29 2.21 2.29 2.93 3.62 3.70 3.51 2.78 2.45 2.73 2.80 2.93 0.48 1.19 0.04 0.17 0.52 0.73 1.68 2.31 2.52 2.51 2.52 2.55 2.72 3.58 1.98 2.46 2.50 2.47 2.71 2.90 2.98 3.70 4.42 4.30 3.34 0.00 0.00 0.00 0.00 0.00 0.00 0.00 0.00 0.00 0.00 0.00 0.00 0.00 0.00 0.00 0.00 0.00 0.00 0.00 0.00 0.00 0.00 0.00 0.00 0.00 0.00 0.00 0.00 0.00
2.40 2.39 2.39 2.40 2.40 2.40 2.40 2.42 2.45 2.46 2.45 2.44 2.42 2.41 2.39 2.40 2.43 2.35 2.31 2.27 2.39 3.22 3.83 3.85 3.51 2.59 2.43 2.67 2.77 3.08 0.68 1.25 0.04 0.00 0.32 0.97 1.64 2.08 2.40 2.45 2.44 2.61 3.00 3.09 2.18 2.45 2.49 2.49 2.63 2.87 2.82 2.99 4.35 4.19 3.25 0.00 0.00 0.00 0.00 0.00 0.00 0.00 0.00 0.00 0.00 0.00 0.00 0.00 0.00 0.00 0.00 0.00 0.00 0.00 0.00 0.00 0.00 0.00 0.00 0.00 0.00 0.00 0.00 0.00
2.36 2.35 2.35 2.36 2.37 2.37 2.37 2.37 2.40 2.41 2.41 2.41 2.39 2.37 2.36 2.37 2.42 2.43 2.35 2.35 2.56 3.52 3.92 3.90 3.33 2.57 2.27 2.74 2.80 3.07 0.80 1.20 0.04 0.00 0.33 0.93 1.59 1.69 2.19 2.35 2.42 2.67 3.29 1.66 2.20 2.42 2.52 2.54 2.51 2.65 2.79 2.99 4.39 4.56 3.60 1.84 0.00 0.10 0.00 0.00 0.00 0.00 0.00 0.00 0.00 0.00 0.00 0.00 0.00 0.00 0.00 0.00 0.00 0.00 0.00 0.00 0.00 0.00 0.00 0.00 0.00 0.00 0.00 0.00
2.31 2.30 2.30 2.31 2.33 2.33 2.32 2.33 2.36 2.37 2.38 2.38 2.37 2.35 2.33 2.35 2.40 2.44 2.41 2.49 2.80 3.74 4.00 3.90 2.95 2.61 2.25 2.80 2.98 3.02 0.34 0.78 0.05 0.11 0.56 0.99 1.60 1.58 1.87 2.20 2.35 2.90 3.62 1.50 2.03 2.30 2.42 2.51 3.39 3.57 3.54 3.88 4.63 4.47 3.85 3.57 2.67 2.55 2.00 0.20 0.00 0.00 0.00 0.00 0.00 0.00 0.00 0.00 0.00 0.00 0.00 0.00 0.00 0.00 0.00 0.00 0.00 0.00 0.00 0.00 0.00 0.00 0.00 0.00
2.26 2.26 2.27 2.30 2.31 2.31 2.30 2.31 2.33 2.34 2.34 2.35 2.35 2.32 2.30 2.32 2.39 2.47 2.51 2.72 3.07 3.91 4.05 3.90 2.67 2.45 2.33 3.12 2.98 2.92 0.51 0.18 0.13 0.15 0.59 0.73 1.25 1.51 1.92 2.22 2.41 3.07 3.81 2.03 2.21 2.23 2.27 2.58 3.87 4.77 4.77 4.77 4.67 3.92 3.75 3.62 3.27 2.57 2.34 1.56 0.31 0.00 0.00 0.00 0.00 0.00 0.00 0.00 0.00 0.00 0.00 0.00 0.00 0.00 0.00 0.00 0.00 0.00 0.00 0.00 0.00 0.00 0.00 0.00
2.23 2.23 2.24 2.27 2.29 2.29 2.29 2.29 2.30 2.30 2.30 2.31 2.32 2.30 2.29 2.32 2.47 2.56 2.66 2.88 3.39 4.03 4.13 3.86 2.75 2.33 2.73 3.41 2.92 2.97 0.92 0.04 0.06 0.14 0.58 0.59 0.93 1.53 2.08 2.51 2.72 3.05 3.69 1.71 3.97 3.08 2.38 2.60 3.61 4.77 4.77 4.77 4.66 3.83 3.64 3.64 3.48 2.57 1.30 0.49 0.28 0.05 0.00 0.00 0.00 0.00 0.00 0.00 0.00 0.00 0.00 0.00 0.00 0.00 0.00 0.00 0.00 0.00 0.00 0.00 0.00 0.00 0.00 0.00
