tsunami_inundation/3090.asc
ncols        89
nrows        96
xllcorner    425855.973699999973
yllcorner    5091051.504999999888
cellsize     55.000000000000
NODATA_value  -9999.00
[rows 0 to 36 of 96, columns 0 to 83 of 89]
-9999.00 0.71 0.74 0.80 0.83 0.86 0.91 0.95 0.99 1.03 1.07 1.11 1.15 1.19 1.25 1.29 1.33 1.39 1.42 1.45 1.48 1.53 1.56 1.57 1.57 1.58 1.58 1.59 1.65 1.76 2.07 2.23 2.25 2.14 1.99 1.79 -1.48 -1.25 -0.68 0.11 0.94 0.08 0.01 0.44 0.38 0.01 0.02 0.03 0.11 2.16 3.95 4.24 4.24 4.24 4.24 4.24 4.26 4.26 4.26 2.36 3.06 3.18 2.79 2.23 0.53 0.00 0.17 1.39 2.26 2.47 1.85 1.72 1.18 1.50 1.12 0.00 0.00 0.00 0.00 0.00 0.00 0.00 0.00 0.00
-9999.00 0.71 0.75 0.81 0.84 0.87 0.92 0.95 1.00 1.03 1.07 1.11 1.15 1.19 1.25 1.29 1.35 1.38 1.41 1.44 1.47 1.53 1.56 1.57 1.57 1.58 1.58 1.60 1.81 1.96 2.15 2.31 2.29 2.12 1.99 1.69 -1.57 -1.31 -0.80 0.01 0.99 0.05 0.02 0.13 0.40 0.28 0.07 0.24 2.47 3.90 4.24 4.24 4.23 4.23 4.23 4.23 4.24 4.24 4.24 2.41 3.05 3.23 3.06 2.22 0.33 0.02 0.17 1.72 2.44 2.56 2.02 1.31 1.27 1.43 1.26 0.00 0.00 0.00 0.00 0.00 0.00 0.00 0.00 0.00
-9999.00 0.71 0.78 0.81 0.84 0.88 0.91 0.97 1.00 1.04 1.07 1.11 1.15 1.19 1.25 1.31 1.34 1.37 1.40 1.43 1.47 1.53 1.56 1.58 1.58 1.58 1.59 1.61 1.67 2.03 2.23 2.36 2.29 2.08 1.98 1.82 -1.60 -1.41 -0.98 -0.15 0.79 0.00 0.00 0.02 0.19 0.37 0.57 2.16 3.74 4.25 4.24 4.23 4.23 4.22 4.21 4.22 4.22 4.23 4.01 2.72 2.94 3.32 3.19 2.13 1.17 0.01 0.37 1.80 2.22 2.68 2.28 0.99 1.01 1.29 0.00 0.00 0.00 0.00 0.00 0.00 0.00 0.00 0.00 0.00
-9999.00 0.72 0.79 0.82 0.85 0.89 0.92 0.97 1.01 1.04 1.08 1.11 1.15 1.19 1.24 1.28 1.33 1.36 1.40 1.43 1.47 1.53 1.57 1.59 1.59 1.59 1.61 1.64 1.89 2.08 2.28 2.35 2.25 2.05 1.97 1.79 -1.60 -1.42 -1.08 -0.26 0.32 0.00 0.01 0.02 0.02 0.09 0.71 3.08 4.15 4.24 4.22 4.21 4.21 4.20 4.20 4.20 4.21 4.21 4.09 3.16 3.00 3.31 3.10 1.99 1.11 0.62 1.33 2.17 2.56 2.81 2.45 1.25 1.20 1.07 0.00 0.00 0.00 0.00 0.00 0.00 0.00 0.00 0.00 0.00
-9999.00 0.73 0.80 0.83 0.86 0.89 0.93 0.98 1.01 1.04 1.08 1.11 1.15 1.19 1.23 1.31 1.34 1.37 1.41 1.44 1.49 1.55 1.58 1.60 1.60 1.60 1.61 1.64 1.70 2.06 2.26 2.31 2.20 2.03 1.96 1.75 -1.57 -1.41 -1.20 -0.33 0.26 0.45 0.01 0.02 0.03 0.01 1.96 3.63 4.24 4.22 4.19 4.18 4.18 4.18 4.18 4.19 4.19 4.19 4.19 3.66 3.19 3.64 2.94 1.86 0.82 0.66 1.34 1.92 2.52 2.89 2.55 1.29 1.35 0.33 0.00 0.00 0.00 0.00 0.00 0.00 0.00 0.00 0.00 0.00
-9999.00 0.74 0.81 0.84 0.87 0.90 0.94 0.98 1.01 1.04 1.08 1.11 1.15 1.19 1.23 1.31 1.34 1.38 1.42 1.46 1.50 1.53 1.58 1.59 1.57 1.55 1.53 1.60 1.83 2.02 2.22 2.26 2.15 2.03 1.96 1.64 -1.54 -1.39 -1.22 -0.46 0.22 0.34 0.01 0.03 0.03 0.01 2.36 3.98 4.21 4.19 4.15 4.12 4.12 4.13 4.15 4.16 4.17 4.18 4.17 4.17 4.15 4.05 3.66 2.72 0.71 0.63 1.47 2.03 2.63 3.00 2.64 1.33 1.32 0.00 0.00 0.00 0.00 0.00 0.00 0.00 0.00 0.00 0.00 0.00
-9999.00 0.78 0.81 0.84 0.87 0.90 0.94 0.97 1.01 1.04 1.08 1.11 1.15 1.19 1.23 1.32 1.35 1.39 1.42 1.45 1.48 1.51 1.53 1.53 1.52 1.49 1.47 1.54 1.70 1.95 2.17 2.23 2.14 2.06 2.00 1.27 -1.48 -1.33 -1.12 -0.45 0.26 0.13 0.01 0.04 0.04 0.04 1.68 3.45 4.12 4.11 4.10 4.08 4.08 4.09 4.11 4.14 4.15 4.16 4.16 4.15 4.13 4.12 3.93 3.57 2.24 0.83 1.58 2.10 2.60 3.05 2.75 1.52 1.34 0.00 0.00 0.00 0.00 0.00 0.00 0.00 0.00 0.00 0.00 0.00
-9999.00 0.78 0.81 0.84 0.87 0.90 0.93 0.96 1.01 1.04 1.08 1.11 1.16 1.19 1.23 1.32 1.35 1.38 1.41 1.44 1.46 1.48 1.48 1.48 1.46 1.44 1.42 1.43 1.56 1.79 2.07 2.29 2.30 2.27 2.05 0.62 -1.50 -1.20 -0.96 -0.29 0.58 1.05 0.01 0.02 0.01 0.31 1.72 3.26 4.01 4.04 4.04 4.03 4.04 4.06 4.10 4.12 4.13 4.14 2.86 3.17 4.14 4.11 4.09 4.07 4.05 2.93 1.64 2.18 2.65 3.09 2.93 2.09 1.97 0.00 0.00 0.00 0.00 0.00 0.00 0.00 0.00 0.00 0.00 0.00
-9999.00 0.78 0.80 0.83 0.87 0.90 0.93 0.96 1.01 1.04 1.08 1.11 1.15 1.19 1.23 1.30 1.33 1.36 1.39 1.41 1.42 1.43 1.43 1.43 1.40 1.39 1.37 1.42 1.46 1.70 2.12 2.42 2.42 2.40 2.23 -0.45 -1.27 -1.03 -0.71 -0.14 0.56 0.03 0.06 0.00 0.00 0.77 2.13 3.36 3.91 3.96 3.99 4.00 4.01 4.03 4.06 4.10 4.12 4.12 1.89 1.71 2.70 4.11 4.11 4.08 4.06 4.07 1.94 2.24 2.51 3.11 3.18 2.73 2.48 0.00 0.00 0.00 0.00 0.00 0.00 0.00 0.00 0.00 0.00 0.00
-9999.00 0.74 0.80 0.83 0.86 0.90 0.93 0.97 1.01 1.04 1.07 1.11 1.15 1.18 1.21 1.28 1.31 1.32 1.34 1.35 1.36 1.37 1.37 1.38 1.37 1.37 1.36 1.37 1.43 1.74 2.22 2.47 2.52 2.51 2.32 -1.22 -1.17 -0.91 -0.56 -0.03 0.73 0.41 0.02 0.00 0.49 1.51 2.98 3.76 3.87 3.92 3.95 3.98 4.00 4.02 4.07 4.09 4.10 2.75 1.37 1.76 2.15 2.65 2.38 2.46 3.97 4.07 2.26 2.10 2.67 3.17 3.04 2.64 2.38 0.00 0.00 0.00 0.00 0.00 0.00 0.00 0.00 0.00 0.00 0.00
-9999.00 0.72 0.80 0.83 0.87 0.90 0.94 0.97 1.01 1.04 1.08 1.11 1.14 1.16 1.18 1.24 1.27 1.29 1.31 1.32 1.33 1.34 1.35 1.35 1.36 1.36 1.36 1.38 1.45 1.65 2.26 2.45 2.57 2.58 2.21 -1.27 -1.08 -0.73 -0.37 0.08 0.79 2.31 2.43 1.69 1.34 2.78 3.70 3.75 3.86 3.93 3.96 3.98 4.01 4.03 4.07 4.08 3.17 1.55 1.61 2.11 2.17 2.21 2.08 2.04 3.54 4.02 2.76 2.23 2.74 3.20 3.17 2.61 2.61 0.96 0.00 0.00 0.00 0.00 0.00 0.00 0.00 0.00 0.00 0.00
-9999.00 0.72 0.80 0.83 0.87 0.91 0.94 0.98 1.00 1.05 1.08 1.10 1.13 1.15 1.18 1.21 1.24 1.26 1.27 1.28 1.30 1.31 1.32 1.34 1.35 1.36 1.38 1.43 1.51 1.77 2.26 2.45 2.57 2.54 1.73 -1.19 -0.99 -0.71 -0.14 0.16 0.79 2.39 2.76 3.05 3.39 3.61 3.73 3.85 3.94 4.02 4.06 4.07 4.06 4.06 4.07 4.08 2.64 1.19 1.23 2.13 2.21 2.37 2.23 2.20 3.24 3.98 3.07 2.55 2.94 3.23 3.05 2.48 2.67 2.23 0.91 0.00 0.00 0.00 0.00 0.00 0.00 0.00 0.00 0.00
0.71 0.76 0.80 0.84 0.87 0.91 0.95 0.98 1.01 1.05 1.07 1.10 1.11 1.14 1.16 1.19 1.22 1.24 1.25 1.26 1.27 1.29 1.31 1.34 1.36 1.38 1.42 1.47 1.58 1.87 2.33 2.50 2.59 2.52 1.16 -1.04 -0.80 -0.39 0.18 0.38 1.70 2.39 2.79 3.10 3.48 3.66 3.75 3.82 3.92 4.00 4.06 4.08 4.08 4.07 4.08 4.02 1.75 1.08 1.33 2.04 2.12 2.13 2.06 2.06 2.88 3.94 2.20 2.35 2.77 3.24 3.09 2.33 2.40 2.16 2.34 1.07 0.00 0.00 0.00 0.00 0.00 0.00 0.00 0.00
0.70 0.75 0.79 0.83 0.87 0.91 0.94 0.97 1.00 1.04 1.06 1.08 1.10 1.11 1.14 1.16 1.20 1.21 1.23 1.24 1.26 1.28 1.31 1.35 1.37 1.41 1.45 1.50 1.67 2.04 2.47 2.59 2.62 2.54 0.32 -0.93 -0.63 -0.17 0.36 0.70 1.36 2.30 2.77 3.11 3.45 3.65 3.75 3.81 3.90 4.00 4.05 4.08 4.08 4.08 4.08 3.00 1.43 1.02 1.87 2.04 2.08 2.00 1.95 2.08 2.70 3.89 2.08 1.82 2.42 3.43 2.94 2.30 2.18 2.08 2.33 2.18 1.86 1.12 0.00 0.00 0.00 0.00 0.00 0.00
0.68 0.74 0.78 0.82 0.86 0.90 0.93 0.96 0.99 1.03 1.05 1.07 1.08 1.11 1.13 1.15 1.18 1.20 1.21 1.23 1.25 1.28 1.33 1.36 1.41 1.45 1.47 1.50 1.74 2.17 2.54 2.62 2.65 2.63 -0.17 -0.80 -0.44 0.03 0.54 0.85 1.29 1.97 2.66 3.12 3.36 3.59 3.73 3.80 3.86 3.97 4.04 4.07 4.09 4.09 4.09 2.33 1.09 1.18 1.90 1.94 1.92 1.93 2.24 1.93 2.55 3.76 1.83 2.10 2.43 3.38 2.68 2.12 2.05 1.92 2.06 1.88 1.50 1.11 0.80 0.00 0.00 0.00 0.00 0.00
0.67 0.70 0.76 0.80 0.84 0.87 0.91 0.94 0.97 1.01 1.03 1.05 1.07 1.10 1.13 1.14 1.17 1.19 1.21 1.24 1.27 1.31 1.35 1.38 1.42 1.45 1.46 1.52 1.80 2.26 2.51 2.64 2.71 2.75 -0.56 -0.66 -0.24 0.23 0.71 0.87 1.31 1.77 2.47 3.04 3.30 3.50 3.64 3.78 3.83 3.94 4.02 4.06 4.08 4.10 3.99 2.36 0.32 1.31 1.88 1.90 1.79 1.90 1.87 1.70 2.64 1.89 1.95 2.56 3.28 3.30 2.89 1.97 1.81 1.76 1.87 1.79 1.29 0.80 0.73 0.00 0.00 0.00 0.00 0.00
0.65 0.68 0.74 0.78 0.81 0.85 0.88 0.91 0.94 0.96 1.00 1.02 1.04 1.08 1.11 1.13 1.17 1.19 1.22 1.25 1.29 1.34 1.37 1.39 1.42 1.44 1.46 1.53 1.84 2.29 2.52 2.71 2.78 2.83 -0.74 -0.51 -0.05 0.42 0.75 1.03 1.36 1.79 2.35 2.92 3.20 3.34 3.42 3.65 3.78 3.90 3.98 4.04 4.08 4.10 3.47 2.29 0.50 1.71 2.08 2.01 2.19 1.99 1.98 1.80 2.94 1.82 1.83 2.34 3.27 3.28 3.28 1.95 1.81 1.50 1.82 1.70 1.19 0.67 0.11 0.00 0.00 0.00 0.00 0.00
0.62 0.66 0.70 0.74 0.77 0.81 0.84 0.87 0.91 0.94 0.98 1.00 1.01 1.04 1.10 1.13 1.17 1.21 1.24 1.28 1.32 1.35 1.37 1.38 1.41 1.44 1.47 1.52 1.83 2.29 2.54 2.78 2.87 2.78 -0.75 -0.36 0.12 0.59 0.91 1.20 1.51 1.83 2.13 2.53 2.84 2.94 3.21 3.49 3.76 3.88 3.97 4.04 4.09 4.10 3.11 1.89 0.79 1.85 1.99 2.16 2.21 1.84 1.85 1.93 3.57 2.49 1.94 2.45 3.26 3.27 3.16 1.78 2.34 1.65 2.12 1.83 1.35 0.61 0.01 0.00 0.00 0.00 0.00 0.00
0.56 0.62 0.67 0.71 0.75 0.78 0.81 0.85 0.88 0.91 0.95 0.97 1.00 1.07 1.10 1.14 1.17 1.23 1.26 1.30 1.33 1.35 1.37 1.38 1.41 1.45 1.46 1.48 1.79 2.27 2.56 2.87 2.97 2.22 -0.68 -0.19 0.35 0.78 1.08 1.48 1.56 1.82 2.04 2.35 2.46 2.43 2.48 3.32 3.78 3.89 3.97 4.02 4.06 4.10 3.51 1.50 0.75 1.64 1.57 2.13 1.92 1.82 2.12 3.03 3.65 1.79 2.23 2.81 3.26 3.26 3.21 2.12 2.52 1.58 2.00 1.39 0.93 0.24 0.00 0.00 0.00 0.00 0.00 0.00
0.54 0.57 0.61 0.66 0.69 0.72 0.78 0.82 0.85 0.89 0.93 0.96 0.99 1.07 1.12 1.16 1.19 1.24 1.28 1.30 1.32 1.35 1.37 1.39 1.41 1.45 1.38 1.41 1.75 2.24 2.59 2.97 3.10 1.63 -0.66 -0.09 0.44 0.88 1.15 1.55 1.62 1.82 2.00 2.12 2.20 1.98 0.01 2.23 3.71 3.92 3.97 4.01 4.07 4.10 4.11 1.05 0.84 1.54 1.43 1.81 1.80 3.43 3.63 3.63 2.08 1.33 1.95 2.54 3.29 3.29 3.26 3.16 2.53 1.71 2.03 1.38 1.09 0.31 0.00 0.00 0.00 0.00 0.00 0.00
0.51 0.55 0.58 0.63 0.67 0.70 0.76 0.79 0.83 0.87 0.90 0.95 0.99 1.09 1.13 1.17 1.20 1.24 1.27 1.29 1.32 1.35 1.37 1.39 1.41 1.41 1.34 1.38 1.74 2.23 2.58 2.84 3.13 1.14 -0.62 0.01 0.52 0.92 1.19 1.77 1.78 1.88 1.98 2.10 1.06 0.04 0.05 2.24 3.30 3.90 3.97 3.98 4.07 4.09 4.10 0.55 0.80 1.38 1.35 1.64 1.88 3.62 3.62 3.61 1.73 1.95 1.92 2.77 3.33 3.34 3.35 3.33 2.67 1.31 1.98 1.65 1.32 0.28 0.00 0.00 0.00 0.00 0.00 0.00
0.49 0.53 0.56 0.62 0.66 0.70 0.74 0.79 0.83 0.87 0.91 0.96 1.03 1.09 1.12 1.16 1.18 1.23 1.27 1.29 1.32 1.35 1.37 1.37 1.37 1.34 1.32 1.38 1.74 2.21 2.56 2.83 3.10 0.86 -0.62 0.13 0.72 0.91 1.38 1.81 1.86 1.91 2.01 2.10 0.38 0.20 0.02 1.92 2.52 2.85 3.34 4.03 4.07 4.10 3.34 0.00 0.09 0.72 1.13 1.71 1.83 3.30 3.61 3.61 2.36 1.90 1.92 2.67 3.37 3.38 3.41 3.36 2.72 1.41 2.01 1.81 0.98 0.00 0.00 0.00 0.00 0.00 0.00 0.00
0.48 0.51 0.55 0.61 0.66 0.71 0.76 0.80 0.84 0.87 0.90 0.95 0.98 1.05 1.10 1.14 1.18 1.22 1.27 1.30 1.32 1.33 1.33 1.32 1.32 1.31 1.31 1.39 1.74 2.19 2.53 2.78 3.02 0.72 -0.60 0.30 0.84 1.02 1.28 1.72 1.79 1.90 1.91 1.84 0.01 0.03 0.26 2.00 1.99 1.89 2.36 4.05 4.08 4.10 2.49 0.00 0.05 0.07 0.98 1.68 1.76 3.40 3.60 3.61 2.09 2.09 2.12 2.17 3.41 3.42 3.44 3.31 2.99 1.73 2.13 0.93 0.00 0.00 0.00 0.00 0.00 0.00 0.00 0.00
0.48 0.52 0.56 0.62 0.66 0.71 0.76 0.80 0.83 0.86 0.89 0.93 1.01 1.05 1.09 1.13 1.18 1.21 1.24 1.29 1.23 1.28 1.27 1.27 1.27 1.29 1.30 1.39 1.72 2.16 2.48 2.72 2.92 0.66 -0.42 0.35 0.81 1.04 1.11 1.51 1.71 1.79 1.88 0.04 0.00 0.00 0.89 2.08 2.08 1.98 2.56 3.81 4.10 4.12 1.74 0.00 0.05 0.14 1.20 1.63 2.09 3.57 3.60 2.49 1.67 2.33 2.25 2.33 3.44 3.45 3.47 3.34 3.06 1.97 1.01 0.00 0.00 0.00 0.00 0.00 0.00 0.00 0.00 0.00
0.49 0.53 0.56 0.60 0.66 0.71 0.75 0.79 0.82 0.85 0.88 0.93 1.01 1.05 1.09 1.13 1.16 1.18 1.18 1.18 1.17 1.18 1.19 1.20 1.20 1.20 1.28 1.39 1.67 2.09 2.40 2.59 2.77 0.61 -0.24 0.50 0.68 0.90 1.13 1.43 1.64 1.74 1.91 0.06 0.03 0.66 1.84 2.05 2.06 2.03 2.72 4.11 4.12 4.13 0.91 0.00 0.00 0.59 1.52 1.72 2.82 3.58 2.86 1.64 1.56 2.23 2.04 2.49 3.48 3.49 3.27 3.52 2.40 2.09 0.00 0.00 0.00 0.00 0.00 0.00 0.00 0.00 0.00 0.00
0.49 0.52 0.55 0.59 0.65 0.70 0.74 0.78 0.81 0.85 0.88 0.92 1.02 1.05 1.08 1.10 1.11 1.12 1.10 1.10 1.12 1.13 1.15 1.16 1.17 1.21 1.26 1.35 1.44 1.72 2.22 2.50 2.65 0.60 -0.17 0.46 0.66 0.78 0.88 1.39 1.58 1.70 1.69 0.04 0.26 1.37 1.92 2.15 2.15 2.01 2.73 4.13 4.14 4.14 0.32 0.10 0.10 1.15 1.55 1.79 2.98 3.57 2.87 1.69 1.80 2.22 1.86 2.56 3.50 3.51 3.27 3.53 2.61 2.35 0.00 0.00 0.00 0.00 0.00 0.00 0.00 0.00 0.00 0.00
0.48 0.51 0.54 0.58 0.65 0.69 0.74 0.78 0.82 0.86 0.89 0.93 0.99 0.99 1.00 1.01 1.03 1.04 1.06 1.08 1.09 1.12 1.13 1.15 1.15 1.19 1.23 1.28 1.35 1.52 1.77 2.08 2.49 0.41 -0.14 0.33 0.57 0.67 0.86 1.36 1.53 1.64 1.23 0.01 0.62 1.79 1.86 2.15 2.16 2.08 2.92 4.15 4.15 2.92 0.00 0.05 0.15 1.17 1.38 1.58 3.50 3.58 2.99 1.63 1.78 1.97 2.00 2.79 3.52 3.52 3.53 3.53 2.87 2.39 1.70 0.00 0.00 0.00 0.00 0.00 0.00 0.00 0.00 0.00
0.47 0.51 0.54 0.58 0.65 0.71 0.75 0.79 0.82 0.86 0.88 0.92 0.93 0.94 0.95 0.97 0.99 1.01 1.04 1.06 1.08 1.11 1.12 1.13 1.13 1.16 1.21 1.26 1.31 1.37 1.44 1.66 2.06 0.13 -0.10 0.27 0.38 0.43 0.84 1.24 1.49 1.61 0.80 0.05 0.85 1.93 1.90 2.15 2.19 2.75 4.22 4.20 3.64 0.29 0.20 0.18 0.14 0.90 1.36 2.04 3.60 3.60 2.74 1.61 1.74 1.52 1.74 2.56 3.35 3.41 3.14 3.54 3.55 1.42 0.05 0.00 0.00 0.00 0.00 0.00 0.00 0.00 0.00 0.00
0.48 0.52 0.56 0.61 0.67 0.72 0.75 0.78 0.80 0.82 0.83 0.87 0.89 0.90 0.92 0.94 0.97 1.00 1.02 1.05 1.08 1.10 1.12 1.12 1.11 1.12 1.18 1.25 1.31 1.34 1.35 1.64 2.15 -0.16 -0.14 0.13 0.23 0.27 1.03 1.24 1.46 1.07 0.04 0.20 1.76 2.01 1.91 2.12 2.23 3.15 4.26 4.24 1.70 0.10 0.20 0.14 0.21 0.97 1.47 2.64 3.62 3.62 2.47 1.45 1.99 1.70 2.05 2.79 2.64 2.35 2.47 3.55 3.05 0.00 0.00 0.00 0.00 0.00 0.00 0.00 0.00 0.00 0.00 0.00
0.50 0.53 0.57 0.61 0.65 0.70 0.72 0.73 0.74 0.76 0.78 0.83 0.85 0.87 0.90 0.93 0.96 0.99 1.02 1.05 1.08 1.10 1.11 1.12 1.11 1.11 1.17 1.25 1.35 1.47 1.59 1.81 1.92 1.57 -0.18 0.05 0.14 0.49 1.02 1.21 0.19 0.10 0.00 0.69 1.76 2.01 1.86 2.01 2.28 3.58 4.29 3.74 0.77 0.19 0.18 0.02 0.44 1.16 1.66 3.12 3.65 3.65 2.56 1.63 2.19 1.73 2.30 3.06 2.83 2.01 1.87 2.29 1.94 0.00 0.00 0.00 0.00 0.00 0.00 0.00 0.00 0.00 0.00 0.00
0.50 0.53 0.56 0.59 0.61 0.64 0.66 0.67 0.69 0.72 0.77 0.80 0.83 0.86 0.89 0.92 0.95 0.99 1.02 1.05 1.07 1.10 1.11 1.11 1.10 1.10 1.15 1.26 1.37 1.57 1.82 1.87 1.76 1.38 -0.29 -0.04 0.04 0.57 0.97 1.12 0.00 0.13 0.00 0.95 1.70 2.02 1.88 2.04 2.95 4.36 4.32 1.20 0.66 0.17 0.21 0.05 0.70 1.24 1.75 3.31 3.67 3.67 2.86 2.12 1.53 1.79 2.52 3.31 1.84 0.00 0.00 0.00 0.00 0.00 0.00 0.00 0.00 0.00 0.00 0.00 0.00 0.00 0.00 0.00
0.48 0.49 0.51 0.53 0.55 0.58 0.61 0.63 0.65 0.68 0.74 0.77 0.82 0.85 0.88 0.92 0.95 0.98 1.01 1.05 1.07 1.09 1.11 1.11 1.10 1.09 1.14 1.26 1.40 1.63 1.91 1.87 1.64 1.19 -0.37 -0.14 -0.03 0.66 0.96 1.07 0.03 0.15 0.00 0.76 1.77 2.08 1.97 2.07 3.19 4.39 2.16 1.11 0.76 0.36 0.23 0.55 0.96 1.45 1.67 3.63 3.71 3.62 2.85 2.08 1.74 1.97 2.38 3.20 0.00 0.00 0.00 0.00 0.00 0.00 0.00 0.00 0.00 0.00 0.00 0.00 0.00 0.00 0.00 0.00
0.41 0.42 0.45 0.47 0.50 0.54 0.57 0.60 0.63 0.66 0.73 0.76 0.81 0.84 0.88 0.91 0.95 0.98 1.01 1.03 1.06 1.09 1.10 1.12 1.11 1.10 1.14 1.26 1.43 1.65 1.83 1.82 1.64 0.78 -0.40 -0.22 -0.09 0.68 0.95 1.02 0.14 0.06 0.00 0.75 1.88 2.12 2.10 2.16 2.56 4.45 1.44 1.14 0.73 0.38 0.31 0.54 1.24 1.52 1.88 2.63 3.77 3.60 2.88 2.02 1.69 1.87 2.13 1.88 0.00 0.00 0.00 0.00 0.00 0.00 0.00 0.00 0.00 0.00 0.00 0.00 0.00 0.00 0.00 0.00
0.35 0.37 0.40 0.42 0.45 0.51 0.54 0.58 0.61 0.65 0.69 0.76 0.81 0.84 0.88 0.91 0.95 0.98 1.01 1.03 1.06 1.08 1.10 1.13 1.12 1.11 1.11 1.24 1.42 1.59 1.59 1.81 1.69 0.16 -0.47 -0.28 0.21 0.72 0.91 0.04 0.44 0.12 0.37 1.18 2.06 2.22 2.18 2.22 2.60 4.47 1.33 1.12 0.51 0.34 0.30 0.14 1.11 1.57 1.09 2.53 3.79 3.06 2.65 1.78 1.90 1.82 1.67 0.00 0.00 0.00 0.00 0.00 0.00 0.00 0.00 0.00 0.00 0.00 0.00 0.00 0.00 0.00 0.00 0.00
0.29 0.32 0.36 0.40 0.44 0.48 0.54 0.58 0.62 0.66 0.69 0.76 0.81 0.84 0.88 0.91 0.94 0.97 1.00 1.02 1.06 1.08 1.10 1.14 1.14 1.13 1.13 1.20 1.38 1.54 1.54 1.80 1.67 -1.21 -1.04 -0.37 -0.33 0.75 0.03 0.01 0.37 0.18 0.50 1.38 2.19 2.31 2.26 2.31 2.75 4.50 1.33 1.11 0.46 0.39 0.28 0.09 1.20 1.31 0.93 3.11 3.82 2.94 1.77 1.78 1.67 0.99 0.00 0.00 0.00 0.00 0.00 0.00 0.00 0.00 0.00 0.00 0.00 0.00 0.00 0.00 0.00 0.00 0.00 0.00
0.28 0.31 0.35 0.39 0.43 0.47 0.53 0.58 0.62 0.66 0.73 0.77 0.80 0.85 0.88 0.91 0.94 0.97 1.00 1.02 1.06 1.08 1.11 1.13 1.17 1.16 1.19 1.19 1.42 1.71 1.66 1.61 1.57 -1.56 -1.11 -0.40 -0.19 0.83 0.76 0.10 0.09 0.28 0.59 1.84 2.34 2.45 2.39 2.48 3.16 4.53 1.34 1.16 0.44 0.41 0.30 0.31 0.89 0.84 1.28 3.41 3.85 2.59 1.66 2.09 2.67 0.00 0.00 0.00 0.00 0.00 0.00 0.00 0.00 0.00 0.00 0.00 0.00 0.00 0.00 0.00 0.00 0.00 0.00 0.00
0.27 0.31 0.35 0.39 0.43 0.47 0.54 0.58 0.63 0.67 0.74 0.77 0.81 0.85 0.88 0.91 0.94 0.97 1.00 1.02 1.06 1.09 1.12 1.15 1.22 1.24 1.26 1.28 1.49 1.76 1.74 1.59 1.41 -1.56 -1.29 -0.43 -0.08 0.94 1.04 0.80 0.02 0.23 0.70 2.12 2.48 2.91 2.66 2.48 3.65 4.55 1.37 1.28 0.50 0.44 0.34 0.62 0.81 1.43 1.85 3.59 3.89 2.70 1.69 2.38 2.07 0.00 0.00 0.00 0.00 0.00 0.00 0.00 0.00 0.00 0.00 0.00 0.00 0.00 0.00 0.00 0.00 0.00 0.00 0.00
