tsunami_inundation/3120.asc
ncols        89
nrows        96
xllcorner    425855.973699999973
yllcorner    5091051.504999999888
cellsize     55.000000000000
NODATA_value  -9999.00
[rows 0 to 36 of 96, columns 0 to 83 of 89]
-9999.00 -0.10 -0.09 -0.05 -0.02 0.01 0.06 0.09 0.14 0.19 0.23 0.28 0.32 0.38 0.46 0.52 0.57 0.66 0.70 0.74 0.78 0.84 0.89 0.93 0.99 1.07 1.19 1.35 1.76 2.06 2.38 2.42 2.36 2.24 2.25 2.48 2.65 2.96 3.37 3.65 4.36 0.03 0.01 0.43 0.37 0.01 0.02 0.03 0.04 2.04 3.82 4.11 4.11 4.11 4.11 4.11 4.13 4.14 4.14 2.24 2.93 3.06 2.66 2.10 0.43 0.00 0.14 1.37 2.24 2.45 1.84 1.74 1.24 1.60 1.27 0.00 0.00 0.00 0.00 0.00 0.00 0.00 0.00 0.00
-9999.00 -0.10 -0.09 -0.05 -0.02 0.00 0.05 0.09 0.14 0.18 0.23 0.28 0.32 0.37 0.46 0.52 0.62 0.66 0.70 0.74 0.77 0.84 0.88 0.93 0.99 1.08 1.21 1.39 2.08 2.26 2.37 2.39 2.30 2.20 2.23 2.44 2.59 2.90 3.30 3.54 3.76 0.05 0.02 0.12 0.39 0.26 0.07 0.13 2.36 3.79 4.12 4.12 4.11 4.11 4.11 4.11 4.12 4.12 4.12 2.29 2.93 3.11 2.94 2.10 0.24 0.02 0.15 1.69 2.41 2.53 2.00 1.33 1.32 1.50 1.35 0.00 0.00 0.00 0.00 0.00 0.00 0.00 0.00 0.00
-9999.00 -0.10 -0.07 -0.04 -0.02 0.01 0.03 0.09 0.14 0.19 0.23 0.27 0.32 0.37 0.46 0.57 0.61 0.65 0.69 0.73 0.77 0.84 0.89 0.94 1.01 1.10 1.23 1.43 1.71 2.25 2.34 2.35 2.20 2.15 2.23 2.37 2.49 2.74 3.12 3.36 3.37 0.00 0.00 0.02 0.17 0.36 0.49 2.06 3.63 4.14 4.12 4.11 4.11 4.10 4.10 4.10 4.11 4.11 3.90 2.60 2.82 3.21 3.07 2.01 1.04 0.00 0.34 1.77 2.18 2.65 2.25 0.97 1.02 1.32 0.00 0.00 0.00 0.00 0.00 0.00 0.00 0.00 0.00 0.00
-9999.00 -0.09 -0.06 -0.04 -0.01 0.01 0.04 0.10 0.15 0.19 0.23 0.27 0.32 0.37 0.46 0.51 0.60 0.65 0.69 0.73 0.77 0.84 0.89 0.95 1.02 1.12 1.26 1.47 2.10 2.24 2.31 2.30 2.18 2.16 2.26 2.37 2.44 2.64 2.95 3.16 2.87 0.15 0.01 0.02 0.02 0.11 0.65 2.98 4.05 4.14 4.11 4.10 4.10 4.09 4.09 4.09 4.10 4.10 3.98 3.05 2.89 3.19 2.99 1.87 1.01 0.54 1.28 2.13 2.52 2.77 2.41 1.21 1.18 1.07 0.00 0.00 0.00 0.00 0.00 0.00 0.00 0.00 0.00 0.00
-9999.00 -0.08 -0.05 -0.02 -0.00 0.02 0.05 0.11 0.15 0.19 0.23 0.27 0.32 0.37 0.43 0.56 0.60 0.65 0.70 0.73 0.79 0.85 0.91 0.96 1.03 1.13 1.27 1.49 1.78 2.25 2.32 2.30 2.20 2.21 2.36 2.43 2.43 2.57 2.78 2.97 2.59 0.47 0.01 0.02 0.02 0.01 1.86 3.53 4.14 4.12 4.09 4.08 4.08 4.08 4.08 4.08 4.09 4.08 4.08 3.55 3.08 3.53 2.84 1.76 0.72 0.59 1.29 1.87 2.48 2.85 2.51 1.25 1.31 0.29 0.00 0.00 0.00 0.00 0.00 0.00 0.00 0.00 0.00 0.00
-9999.00 -0.07 -0.04 -0.01 0.01 0.03 0.06 0.12 0.16 0.20 0.24 0.28 0.33 0.38 0.43 0.57 0.61 0.66 0.71 0.75 0.80 0.84 0.91 0.97 1.05 1.15 1.28 1.50 2.15 2.30 2.38 2.36 2.32 2.36 2.51 2.55 2.49 2.57 2.67 2.82 2.27 0.36 0.01 0.03 0.02 0.01 2.25 3.89 4.12 4.10 4.06 4.04 4.04 4.05 4.06 4.07 4.07 4.07 4.07 4.06 4.05 3.95 3.56 2.62 0.60 0.56 1.41 1.98 2.58 2.95 2.60 1.29 1.28 0.00 0.00 0.00 0.00 0.00 0.00 0.00 0.00 0.00 0.00 0.00
-9999.00 -0.05 -0.02 -0.00 0.01 0.03 0.07 0.11 0.17 0.21 0.25 0.29 0.34 0.39 0.45 0.58 0.62 0.67 0.72 0.76 0.81 0.86 0.93 0.99 1.07 1.16 1.29 1.52 2.13 2.40 2.49 2.50 2.48 2.54 2.64 2.66 2.58 2.62 2.68 2.78 1.38 0.13 0.01 0.04 0.04 0.00 1.60 3.37 4.04 4.03 4.02 4.01 4.01 4.02 4.03 4.05 4.06 4.06 4.06 4.05 4.03 4.02 3.83 3.48 2.15 0.77 1.52 2.05 2.56 3.01 2.71 1.47 1.29 0.00 0.00 0.00 0.00 0.00 0.00 0.00 0.00 0.00 0.00 0.00
-9999.00 -0.04 -0.02 -0.00 0.01 0.04 0.07 0.11 0.18 0.22 0.26 0.30 0.36 0.41 0.47 0.59 0.64 0.69 0.73 0.78 0.83 0.87 0.95 1.01 1.09 1.18 1.30 1.58 2.39 2.62 2.76 2.79 2.77 2.75 2.71 2.71 2.64 2.70 2.80 2.97 0.66 1.03 0.01 0.02 0.02 0.24 1.65 3.19 3.94 3.97 3.98 3.97 3.98 3.99 4.02 4.03 4.04 4.04 2.77 3.07 4.04 4.01 3.99 3.98 3.96 2.84 1.57 2.13 2.60 3.04 2.88 2.04 1.92 0.00 0.00 0.00 0.00 0.00 0.00 0.00 0.00 0.00 0.00 0.00
-9999.00 -0.04 -0.02 -0.01 0.01 0.04 0.07 0.12 0.18 0.23 0.27 0.32 0.37 0.43 0.48 0.60 0.65 0.70 0.75 0.80 0.85 0.89 0.98 1.04 1.12 1.21 1.34 2.25 2.52 2.73 2.83 2.86 2.82 2.77 2.76 2.73 2.77 2.84 2.88 2.57 0.58 0.02 0.06 0.00 0.00 0.69 2.06 3.29 3.84 3.90 3.93 3.94 3.95 3.97 3.99 4.02 4.03 4.03 1.79 1.61 2.60 4.01 4.01 3.99 3.97 3.98 1.87 2.18 2.46 3.06 3.13 2.69 2.43 0.00 0.00 0.00 0.00 0.00 0.00 0.00 0.00 0.00 0.00 0.00
-9999.00 -0.06 -0.03 -0.01 0.01 0.04 0.08 0.12 0.19 0.23 0.28 0.33 0.39 0.44 0.50 0.62 0.67 0.73 0.79 0.84 0.89 0.93 0.99 1.08 1.15 1.23 1.39 1.83 2.58 2.79 2.87 2.88 2.84 2.80 2.79 2.80 2.83 2.89 2.92 1.80 0.71 0.37 0.00 0.00 0.40 1.44 2.91 3.69 3.79 3.85 3.88 3.91 3.93 3.96 3.99 4.01 4.01 2.66 1.28 1.67 2.05 2.55 2.28 2.37 3.87 3.97 2.19 2.05 2.63 3.12 2.99 2.60 2.34 0.00 0.00 0.00 0.00 0.00 0.00 0.00 0.00 0.00 0.00 0.00
-9999.00 -0.07 -0.02 -0.01 0.02 0.05 0.09 0.13 0.19 0.24 0.29 0.35 0.41 0.46 0.51 0.64 0.70 0.76 0.81 0.86 0.91 0.96 1.02 1.11 1.18 1.28 1.47 1.92 2.61 2.75 2.87 2.89 2.87 2.83 2.84 2.87 2.93 2.98 2.97 0.68 0.77 2.26 2.38 1.64 1.27 2.71 3.62 3.68 3.78 3.84 3.87 3.90 3.93 3.95 3.99 3.99 3.09 1.46 1.52 2.01 2.08 2.11 1.99 1.94 3.45 3.93 2.69 2.18 2.69 3.16 3.13 2.57 2.58 0.94 0.00 0.00 0.00 0.00 0.00 0.00 0.00 0.00 0.00 0.00
-9999.00 -0.07 -0.02 -0.00 0.03 0.06 0.10 0.14 0.18 0.25 0.30 0.36 0.41 0.47 0.57 0.66 0.72 0.78 0.84 0.88 0.93 0.99 1.05 1.14 1.20 1.31 1.56 2.40 2.61 2.74 2.87 2.89 2.89 2.88 2.90 2.97 3.07 3.11 3.04 0.19 0.76 2.34 2.70 2.99 3.32 3.54 3.66 3.77 3.85 3.93 3.97 3.97 3.98 3.98 3.99 3.99 2.56 1.10 1.14 2.04 2.11 2.27 2.14 2.11 3.15 3.89 3.00 2.50 2.90 3.19 3.02 2.45 2.64 2.21 0.90 0.00 0.00 0.00 0.00 0.00 0.00 0.00 0.00 0.00
-0.05 -0.02 -0.00 0.01 0.04 0.07 0.10 0.14 0.18 0.25 0.31 0.36 0.41 0.52 0.58 0.67 0.74 0.80 0.85 0.90 0.96 1.01 1.07 1.16 1.23 1.35 1.63 2.35 2.57 2.72 2.87 2.91 2.93 2.94 3.01 3.19 3.27 3.24 1.58 0.33 1.67 2.34 2.74 3.04 3.41 3.58 3.68 3.74 3.84 3.92 3.97 3.99 3.99 3.98 4.00 3.93 1.67 1.00 1.24 1.95 2.02 2.04 1.97 1.98 2.79 3.85 2.14 2.31 2.74 3.21 3.06 2.30 2.38 2.15 2.35 1.15 0.00 0.00 0.00 0.00 0.00 0.00 0.00 0.00
-0.04 -0.01 0.01 0.02 0.05 0.07 0.10 0.14 0.18 0.25 0.30 0.36 0.41 0.47 0.59 0.65 0.76 0.82 0.87 0.92 0.97 1.03 1.09 1.17 1.24 1.37 1.68 2.31 2.53 2.71 2.87 2.94 3.00 3.07 3.19 3.32 3.39 3.35 0.60 0.67 1.33 2.25 2.72 3.05 3.38 3.58 3.67 3.73 3.82 3.92 3.97 4.00 4.00 4.00 4.00 2.91 1.35 0.93 1.78 1.95 1.98 1.91 1.86 2.00 2.62 3.81 2.03 1.78 2.40 3.42 2.92 2.28 2.17 2.10 2.35 2.21 1.89 1.18 0.00 0.00 0.00 0.00 0.00 0.00
-0.03 -0.00 0.01 0.03 0.05 0.07 0.10 0.13 0.17 0.24 0.30 0.36 0.41 0.53 0.60 0.67 0.77 0.83 0.88 0.92 0.98 1.03 1.08 1.12 1.21 1.40 1.75 2.31 2.52 2.70 2.88 2.96 3.04 3.17 3.30 3.40 3.47 3.45 0.51 0.81 1.26 1.93 2.62 3.06 3.30 3.53 3.67 3.73 3.79 3.90 3.96 3.99 4.01 4.01 4.01 2.25 1.01 1.08 1.81 1.85 1.83 1.85 2.16 1.85 2.48 3.69 1.77 2.09 2.44 3.38 2.68 2.12 2.06 1.94 2.10 1.92 1.56 1.19 0.87 0.00 0.00 0.00 0.00 0.00
-0.03 -0.01 0.01 0.03 0.05 0.07 0.10 0.13 0.17 0.24 0.30 0.35 0.41 0.53 0.60 0.67 0.77 0.82 0.87 0.92 0.96 1.01 1.05 1.09 1.20 1.42 1.80 2.34 2.54 2.70 2.82 2.98 3.09 3.21 3.35 3.46 3.54 3.55 0.65 0.84 1.27 1.74 2.43 2.99 3.25 3.44 3.57 3.72 3.77 3.87 3.95 3.98 4.00 4.02 3.91 2.27 0.24 1.22 1.78 1.81 1.70 1.82 1.79 1.62 2.57 1.84 1.93 2.60 3.33 3.33 2.93 2.00 1.85 1.81 1.92 1.86 1.37 0.91 0.97 0.00 0.00 0.00 0.00 0.00
-0.04 -0.02 0.00 0.02 0.04 0.07 0.09 0.13 0.17 0.21 0.29 0.35 0.40 0.53 0.59 0.66 0.76 0.81 0.86 0.90 0.94 0.99 1.03 1.07 1.18 1.44 1.87 2.38 2.57 2.72 2.85 3.01 3.12 3.24 3.39 3.55 3.64 3.38 0.70 0.99 1.32 1.75 2.31 2.87 3.15 3.28 3.37 3.59 3.72 3.83 3.91 3.97 4.00 4.02 3.38 2.21 0.42 1.61 1.99 1.92 2.11 1.91 1.90 1.73 2.88 1.78 1.83 2.41 3.35 3.36 3.33 2.04 1.89 1.62 1.91 1.79 1.30 0.84 0.43 0.00 0.00 0.00 0.00 0.00
-0.05 -0.03 -0.01 0.01 0.03 0.06 0.09 0.12 0.17 0.21 0.29 0.35 0.40 0.45 0.58 0.65 0.73 0.78 0.83 0.87 0.91 0.96 1.01 1.05 1.17 1.47 2.21 2.42 2.61 2.76 2.89 3.05 3.14 3.27 3.45 3.65 3.73 2.67 0.85 1.17 1.47 1.79 2.09 2.49 2.80 2.90 3.16 3.43 3.69 3.81 3.90 3.96 4.01 4.02 3.03 1.81 0.70 1.76 1.90 2.07 2.13 1.77 1.78 1.87 3.51 2.43 1.97 2.57 3.38 3.39 3.28 1.92 2.50 1.82 2.30 2.01 1.54 0.81 0.15 0.00 0.00 0.00 0.00 0.00
-0.07 -0.04 -0.02 0.00 0.03 0.05 0.09 0.12 0.17 0.22 0.29 0.34 0.39 0.50 0.56 0.62 0.68 0.75 0.80 0.84 0.89 0.94 0.99 1.03 1.16 1.49 1.97 2.46 2.65 2.81 2.94 3.07 3.16 3.35 3.56 3.74 3.78 1.73 1.03 1.43 1.51 1.78 2.00 2.31 2.42 2.39 2.44 3.26 3.71 3.83 3.90 3.95 3.98 4.02 3.43 1.41 0.65 1.55 1.48 2.05 1.84 1.76 2.07 2.97 3.59 1.74 2.29 2.95 3.41 3.41 3.38 2.32 2.71 1.80 2.25 1.69 1.29 0.73 0.03 0.00 0.00 0.00 0.00 0.00
-0.07 -0.05 -0.03 0.01 0.03 0.06 0.09 0.13 0.17 0.22 0.29 0.34 0.39 0.49 0.55 0.60 0.65 0.72 0.77 0.81 0.86 0.91 0.96 1.01 1.09 2.00 2.29 2.52 2.71 2.85 2.96 3.06 3.18 3.41 3.61 3.74 3.81 1.41 1.09 1.49 1.56 1.76 1.95 2.07 2.15 1.93 0.01 2.16 3.64 3.86 3.90 3.93 4.00 4.02 4.02 0.96 0.75 1.46 1.35 1.73 1.73 3.38 3.58 3.58 2.04 1.33 2.06 2.71 3.46 3.45 3.44 3.34 2.70 1.93 2.30 1.75 1.57 1.06 0.00 0.00 0.00 0.00 0.00 0.00
-0.07 -0.05 -0.03 0.01 0.04 0.06 0.09 0.13 0.18 0.22 0.26 0.33 0.38 0.48 0.53 0.58 0.63 0.70 0.74 0.79 0.83 0.88 0.93 0.98 1.07 1.52 2.31 2.54 2.72 2.85 2.95 3.01 3.18 3.46 3.63 3.73 3.83 1.18 1.13 1.71 1.72 1.81 1.92 2.04 1.02 0.04 0.04 2.18 3.23 3.83 3.90 3.91 3.99 4.02 4.02 0.47 0.71 1.30 1.28 1.57 1.82 3.57 3.57 3.57 1.70 2.05 2.06 2.93 3.48 3.48 3.48 3.46 2.81 1.53 2.24 2.00 1.80 0.85 0.00 0.00 0.00 0.00 0.00 0.00
-0.07 -0.05 -0.02 0.01 0.04 0.06 0.10 0.13 0.17 0.21 0.25 0.33 0.40 0.46 0.51 0.55 0.60 0.67 0.72 0.76 0.81 0.86 0.92 0.97 1.07 2.00 2.30 2.52 2.70 2.84 2.93 2.99 3.16 3.48 3.62 3.72 3.81 1.06 1.33 1.76 1.81 1.86 1.95 2.04 0.38 0.19 0.02 1.85 2.45 2.78 3.27 3.96 4.00 4.03 3.28 0.00 0.06 0.64 1.07 1.65 1.77 3.26 3.56 3.57 2.33 2.02 2.07 2.82 3.50 3.50 3.51 3.46 2.83 1.58 2.25 2.12 1.36 0.00 0.00 0.00 0.00 0.00 0.00 0.00
-0.07 -0.05 -0.02 0.01 0.03 0.05 0.09 0.13 0.17 0.21 0.24 0.30 0.35 0.43 0.49 0.54 0.57 0.62 0.70 0.75 0.80 0.85 0.91 0.97 1.07 1.96 2.25 2.48 2.66 2.82 2.92 2.97 3.11 3.43 3.58 3.69 3.76 1.13 1.23 1.68 1.75 1.86 1.85 1.79 0.00 0.03 0.20 1.93 1.92 1.82 2.29 3.98 4.01 4.03 2.42 0.00 0.05 0.03 0.94 1.63 1.72 3.37 3.56 3.58 2.07 2.22 2.25 2.30 3.51 3.51 3.52 3.39 3.08 1.85 2.31 1.06 0.00 0.00 0.00 0.00 0.00 0.00 0.00 0.00
-0.07 -0.05 -0.02 0.00 0.02 0.05 0.08 0.12 0.16 0.20 0.24 0.30 0.38 0.42 0.47 0.51 0.56 0.61 0.68 0.74 0.79 0.85 0.92 0.98 1.08 1.87 2.18 2.42 2.62 2.79 2.89 2.92 3.01 3.33 3.49 3.62 3.68 1.14 1.05 1.47 1.66 1.74 1.84 0.04 0.00 0.00 0.82 2.01 2.01 1.91 2.49 3.75 4.03 4.05 1.66 0.00 0.05 0.11 1.17 1.60 2.06 3.55 3.57 2.47 1.68 2.46 2.38 2.45 3.52 3.52 3.52 3.40 3.13 2.05 1.11 0.00 0.00 0.00 0.00 0.00 0.00 0.00 0.00 0.00
-0.07 -0.05 -0.03 -0.01 0.01 0.04 0.07 0.11 0.15 0.19 0.22 0.28 0.37 0.41 0.46 0.50 0.55 0.61 0.69 0.75 0.80 0.86 0.92 0.98 1.04 1.15 1.98 2.35 2.58 2.74 2.78 2.72 2.93 3.29 3.37 3.44 3.49 1.17 1.09 1.39 1.59 1.68 1.82 0.06 0.03 0.59 1.77 1.99 1.99 1.96 2.65 4.04 4.05 4.06 0.83 0.00 0.00 0.57 1.50 1.70 2.81 3.56 2.85 1.65 1.61 2.36 2.16 2.58 3.54 3.54 3.30 3.54 2.42 2.11 0.00 0.00 0.00 0.00 0.00 0.00 0.00 0.00 0.00 0.00
-0.08 -0.06 -0.04 -0.02 -0.00 0.02 0.06 0.09 0.13 0.17 0.21 0.25 0.36 0.41 0.46 0.51 0.56 0.62 0.70 0.75 0.80 0.85 0.90 0.95 1.11 1.54 1.88 2.23 2.33 2.51 2.63 2.71 2.91 3.55 3.46 3.45 3.41 1.37 0.82 1.35 1.52 1.62 1.58 0.04 0.19 1.30 1.85 2.08 2.08 1.94 2.66 4.06 4.07 4.06 0.26 0.10 0.08 1.14 1.54 1.79 2.98 3.58 2.89 1.73 1.92 2.34 1.96 2.64 3.55 3.55 3.30 3.55 2.63 2.38 0.00 0.00 0.00 0.00 0.00 0.00 0.00 0.00 0.00 0.00
-0.09 -0.07 -0.05 -0.04 -0.02 0.01 0.04 0.08 0.11 0.15 0.19 0.24 0.36 0.42 0.47 0.52 0.57 0.63 0.70 0.74 0.78 0.83 0.88 0.94 0.99 1.44 1.77 2.02 2.29 2.60 2.89 3.09 3.33 3.58 3.32 3.28 3.34 1.99 0.82 1.32 1.48 1.57 1.12 0.00 0.55 1.73 1.79 2.08 2.09 2.01 2.84 4.08 4.08 2.84 0.00 0.04 0.13 1.17 1.40 1.60 3.52 3.60 3.03 1.69 1.90 2.08 2.10 2.88 3.57 3.56 3.56 3.55 2.88 2.41 1.73 0.00 0.00 0.00 0.00 0.00 0.00 0.00 0.00 0.00
-0.10 -0.09 -0.07 -0.06 -0.04 -0.02 0.02 0.06 0.10 0.14 0.18 0.32 0.37 0.42 0.47 0.52 0.57 0.61 0.66 0.72 0.76 0.82 0.87 0.93 1.05 1.32 1.63 1.93 2.31 2.73 2.94 3.12 3.35 3.41 3.17 3.14 3.04 2.86 0.80 1.20 1.44 1.54 0.51 0.00 0.77 1.86 1.83 2.08 2.12 2.68 4.14 4.13 3.56 0.27 0.18 0.15 0.13 0.92 1.39 2.08 3.63 3.63 2.79 1.68 1.87 1.63 1.85 2.66 3.43 3.45 3.17 3.56 3.55 1.43 0.10 0.00 0.00 0.00 0.00 0.00 0.00 0.00 0.00 0.00
-0.14 -0.13 -0.11 -0.09 -0.06 -0.02 0.01 0.06 0.10 0.14 0.19 0.32 0.37 0.42 0.46 0.50 0.55 0.60 0.64 0.70 0.75 0.81 0.86 0.91 0.95 1.10 1.50 1.86 2.35 2.76 2.92 3.09 3.27 3.27 3.06 2.98 3.01 2.76 0.97 1.18 1.41 1.02 0.03 0.14 1.69 1.94 1.84 2.05 2.16 3.08 4.19 4.17 1.62 0.05 0.17 0.11 0.23 1.01 1.50 2.68 3.65 3.65 2.52 1.57 2.11 1.83 2.17 2.90 2.73 2.40 2.50 3.56 3.06 0.00 0.00 0.00 0.00 0.00 0.00 0.00 0.00 0.00 0.00 0.00
-0.16 -0.14 -0.12 -0.10 -0.07 -0.02 0.02 0.06 0.10 0.14 0.19 0.32 0.36 0.40 0.44 0.49 0.53 0.58 0.63 0.70 0.75 0.79 0.83 0.85 0.88 1.04 1.40 1.80 2.26 2.64 2.78 2.91 3.04 3.24 2.94 2.96 2.93 0.70 0.96 1.15 0.16 0.09 0.00 0.61 1.69 1.95 1.79 1.94 2.21 3.51 4.22 3.67 0.70 0.15 0.15 0.00 0.48 1.21 1.71 3.16 3.68 3.68 2.60 1.69 2.30 1.85 2.43 3.18 2.93 2.08 1.90 2.29 1.93 0.00 0.00 0.00 0.00 0.00 0.00 0.00 0.00 0.00 0.00 0.00
-0.17 -0.14 -0.12 -0.10 -0.07 -0.02 0.02 0.06 0.10 0.14 0.23 0.28 0.35 0.39 0.43 0.48 0.53 0.58 0.63 0.69 0.72 0.75 0.73 0.76 0.88 1.01 1.37 1.73 2.10 2.46 2.60 2.67 3.01 3.28 2.86 2.87 2.85 0.71 0.92 1.07 0.00 0.10 0.00 0.88 1.63 1.95 1.82 1.97 2.89 4.29 4.25 1.13 0.59 0.12 0.17 0.02 0.76 1.29 1.79 3.34 3.70 3.70 2.89 2.16 1.64 1.90 2.64 3.43 1.95 0.00 0.00 0.00 0.00 0.00 0.00 0.00 0.00 0.00 0.00 0.00 0.00 0.00 0.00 0.00
-0.17 -0.14 -0.12 -0.10 -0.07 -0.02 0.01 0.05 0.08 0.12 0.22 0.26 0.33 0.38 0.43 0.48 0.53 0.57 0.61 0.64 0.65 0.66 0.68 0.72 0.87 1.01 1.39 1.73 1.99 2.22 2.38 2.46 3.01 3.28 2.89 2.85 2.78 0.73 0.91 1.02 0.03 0.11 0.00 0.69 1.70 2.01 1.90 2.00 3.12 4.33 2.09 1.04 0.70 0.31 0.19 0.59 1.02 1.49 1.71 3.66 3.73 3.64 2.87 2.12 1.82 2.07 2.49 3.31 0.00 0.00 0.00 0.00 0.00 0.00 0.00 0.00 0.00 0.00 0.00 0.00 0.00 0.00 0.00 0.00
-0.16 -0.14 -0.12 -0.10 -0.08 -0.03 -0.00 0.03 0.07 0.11 0.21 0.25 0.32 0.37 0.42 0.46 0.51 0.54 0.56 0.58 0.60 0.63 0.66 0.78 0.88 1.03 1.44 1.80 2.02 2.17 2.22 2.24 2.65 3.25 2.87 2.78 2.63 0.68 0.90 0.97 0.06 0.02 0.00 0.68 1.81 2.05 2.03 2.09 2.50 4.38 1.37 1.08 0.67 0.32 0.26 0.57 1.28 1.55 1.90 2.65 3.78 3.61 2.90 2.05 1.76 1.95 2.23 1.99 0.00 0.00 0.00 0.00 0.00 0.00 0.00 0.00 0.00 0.00 0.00 0.00 0.00 0.00 0.00 0.00
-0.17 -0.15 -0.14 -0.13 -0.10 -0.05 -0.01 0.02 0.07 0.11 0.16 0.25 0.31 0.35 0.39 0.42 0.46 0.49 0.51 0.54 0.58 0.62 0.66 0.80 0.91 1.07 1.34 1.90 2.09 2.19 2.19 2.12 2.25 3.04 2.59 2.58 2.31 0.70 0.87 0.03 0.41 0.07 0.31 1.11 2.00 2.15 2.12 2.16 2.54 4.41 1.27 1.06 0.45 0.29 0.26 0.11 1.13 1.59 1.11 2.55 3.80 3.07 2.66 1.81 1.96 1.88 1.76 0.00 0.00 0.00 0.00 0.00 0.00 0.00 0.00 0.00 0.00 0.00 0.00 0.00 0.00 0.00 0.00 0.00
-0.19 -0.18 -0.16 -0.14 -0.10 -0.06 -0.01 0.03 0.07 0.12 0.17 0.24 0.28 0.31 0.34 0.37 0.41 0.45 0.49 0.52 0.58 0.63 0.69 0.85 0.97 1.15 1.44 1.93 2.10 2.20 2.20 2.09 2.04 2.81 2.86 2.49 2.60 0.72 0.03 0.01 0.33 0.13 0.44 1.31 2.13 2.24 2.20 2.25 2.68 4.44 1.26 1.04 0.40 0.34 0.24 0.06 1.22 1.33 0.95 3.12 3.83 2.94 1.79 1.80 1.70 1.03 0.00 0.00 0.00 0.00 0.00 0.00 0.00 0.00 0.00 0.00 0.00 0.00 0.00 0.00 0.00 0.00 0.00 0.00
-0.20 -0.19 -0.17 -0.14 -0.10 -0.06 -0.01 0.03 0.07 0.12 0.18 0.20 0.22 0.26 0.30 0.34 0.38 0.43 0.47 0.52 0.60 0.66 0.72 0.81 1.05 1.23 1.53 1.89 2.04 2.11 2.08 2.02 2.02 2.65 2.92 2.56 2.65 0.78 0.72 0.09 0.06 0.22 0.52 1.77 2.28 2.39 2.32 2.41 3.09 4.47 1.28 1.10 0.38 0.36 0.26 0.28 0.90 0.85 1.29 3.42 3.86 2.60 1.67 2.12 2.71 0.00 0.00 0.00 0.00 0.00 0.00 0.00 0.00 0.00 0.00 0.00 0.00 0.00 0.00 0.00 0.00 0.00 0.00 0.00
-0.09 -0.14 -0.15 -0.13 -0.10 -0.06 -0.01 0.02 0.05 0.07 0.12 0.15 0.18 0.23 0.28 0.32 0.37 0.42 0.47 0.53 0.63 0.70 0.79 0.90 1.17 1.31 1.54 1.85 1.95 2.00 1.97 2.03 2.04 2.74 2.98 2.56 2.72 0.89 0.99 0.79 0.00 0.18 0.64 2.05 2.41 2.84 2.60 2.42 3.59 4.49 1.30 1.22 0.44 0.39 0.29 0.59 0.82 1.44 1.87 3.61 3.91 2.72 1.73 2.43 2.11 0.00 0.00 0.00 0.00 0.00 0.00 0.00 0.00 0.00 0.00 0.00 0.00 0.00 0.00 0.00 0.00 0.00 0.00 0.00
