tsunami_inundation/3120.asc
ncols        89
nrows        96
xllcorner    425855.973699999973
yllcorner    5091051.504999999888
cellsize     55.000000000000
NODATA_value  -9999.00
[rows 37 to 73 of 96, columns 0 to 83 of 89]
2.12 2.00 0.08 -0.04 -0.07 -0.08 -0.06 -0.04 -0.02 0.04 0.07 0.11 0.15 0.21 0.26 0.32 0.37 0.43 0.48 0.55 0.62 0.73 0.96 1.11 1.24 1.35 1.53 1.80 1.87 1.89 1.87 2.12 2.11 2.79 2.99 2.52 2.75 0.91 1.02 1.06 0.00 0.17 0.77 2.06 2.43 3.04 2.93 2.55 4.38 4.50 1.34 1.23 0.40 0.32 0.37 0.48 0.86 1.72 1.84 3.86 3.94 3.31 2.89 2.64 1.33 0.00 0.00 0.00 0.00 0.00 0.00 0.00 0.00 0.00 0.00 0.00 0.00 0.00 0.00 0.00 0.00 0.00 0.00 0.00
2.00 1.98 1.58 1.97 1.95 0.01 1.43 -0.09 -0.08 -0.02 0.02 0.07 0.12 0.20 0.26 0.32 0.38 0.43 0.50 0.56 0.64 0.77 1.03 1.18 1.30 1.39 1.52 1.68 1.80 1.82 1.91 2.20 2.29 2.64 2.88 2.78 1.50 0.97 1.04 0.14 0.00 0.15 0.86 2.09 2.49 2.84 2.52 2.93 4.52 1.61 1.35 1.13 0.36 0.32 0.40 0.27 1.28 1.87 2.04 3.96 3.97 3.56 3.18 2.31 1.88 0.00 0.00 0.00 0.00 0.00 0.00 0.00 0.00 0.00 0.00 0.00 0.00 0.00 0.00 0.00 0.00 0.00 0.00 0.00
1.91 1.89 1.87 1.87 1.88 1.89 1.90 0.40 0.06 0.18 0.05 0.05 0.11 0.20 0.26 0.32 0.38 0.44 0.51 0.58 0.66 0.80 1.08 1.24 1.35 1.44 1.51 1.59 1.78 1.83 1.99 2.25 2.47 2.47 2.46 2.48 1.11 1.02 1.11 0.00 0.00 0.20 1.24 2.13 2.38 2.70 2.56 3.93 4.51 1.59 1.36 1.11 0.39 0.38 0.45 0.32 1.42 1.85 2.39 3.98 3.99 3.60 1.95 2.33 3.02 0.00 0.00 0.00 0.00 0.00 0.00 0.00 0.00 0.00 0.00 0.00 0.00 0.00 0.00 0.00 0.00 0.00 0.00 0.00
1.84 1.84 1.83 1.82 1.81 1.81 1.83 1.89 1.92 1.91 0.82 0.28 0.16 0.16 0.25 0.32 0.39 0.45 0.52 0.60 0.68 0.83 1.14 1.31 1.42 1.50 1.55 1.58 1.74 1.81 1.94 2.21 2.60 2.58 2.20 2.64 0.93 1.04 1.13 0.05 0.04 0.18 1.63 2.21 2.44 2.70 2.75 4.55 4.55 1.56 1.40 1.17 0.41 0.40 0.37 0.60 1.87 2.28 3.42 4.00 4.01 3.54 2.47 2.07 2.54 1.81 0.00 0.00 0.00 0.00 0.00 0.00 0.00 0.00 0.00 0.00 0.00 0.00 0.00 0.00 0.00 0.00 0.00 0.00
1.76 1.76 1.78 1.78 1.79 1.80 1.81 1.84 1.87 1.92 1.99 1.74 0.94 0.39 0.27 0.32 0.38 0.45 0.53 0.61 0.70 0.86 1.01 1.37 1.52 1.61 1.66 1.66 1.66 1.54 1.62 2.25 2.59 2.58 2.27 2.60 0.97 1.13 1.12 0.05 0.02 0.06 1.36 2.28 2.53 2.54 3.33 4.55 4.55 1.41 1.32 1.08 0.42 0.39 0.20 1.21 2.45 3.58 4.01 3.99 4.03 3.87 3.05 2.27 2.17 2.00 2.17 2.29 0.12 0.00 0.00 0.00 0.00 0.00 0.00 0.00 0.00 0.00 0.00 0.00 0.00 0.00 0.00 0.00
1.71 1.71 1.73 1.74 1.75 1.77 1.80 1.84 1.89 1.94 2.00 2.05 2.12 2.13 1.51 0.74 0.46 0.45 0.52 0.61 0.72 0.85 1.25 1.44 1.58 1.67 1.71 1.71 1.63 1.37 1.50 2.28 2.54 2.48 2.31 1.59 1.09 1.20 0.76 0.00 0.14 0.36 1.53 2.26 2.61 2.57 4.14 4.56 4.56 1.64 1.32 0.96 0.38 0.41 0.26 1.89 3.57 4.03 2.91 2.19 3.45 4.08 2.89 2.29 2.20 1.94 2.07 1.26 0.00 0.00 0.00 0.00 0.00 0.00 0.00 0.00 0.00 0.00 0.00 0.00 0.00 0.00 0.00 0.00
1.69 1.70 1.72 1.73 1.74 1.75 1.78 1.80 1.86 1.94 1.99 2.03 2.08 2.14 2.20 2.14 1.53 0.78 0.58 0.62 0.72 1.08 1.27 1.46 1.61 1.71 1.76 1.77 1.71 1.30 1.61 2.18 2.39 2.39 2.34 2.63 1.18 1.27 0.78 0.00 0.37 0.61 1.84 2.27 2.57 2.56 4.57 4.57 3.74 1.64 1.30 1.29 1.09 0.55 0.94 1.93 2.79 3.44 2.85 2.74 3.49 4.10 2.89 2.18 2.24 2.05 1.95 0.00 0.00 0.00 0.00 0.00 0.00 0.00 0.00 0.00 0.00 0.00 0.00 0.00 0.00 0.00 0.00 0.00
1.69 1.71 1.72 1.74 1.75 1.77 1.79 1.81 1.85 1.93 1.98 2.03 2.07 2.11 2.15 2.24 2.28 2.19 1.47 0.83 0.76 0.85 1.24 1.43 1.61 1.73 1.82 1.83 1.71 1.36 1.89 2.21 2.24 2.38 2.69 1.16 1.25 1.31 0.04 0.00 0.09 0.98 2.60 2.47 2.50 2.46 4.58 4.58 2.57 1.57 1.31 1.29 1.23 0.58 1.33 1.96 2.01 2.12 2.09 2.26 2.58 4.12 2.93 2.12 1.51 1.00 0.67 0.00 0.00 0.00 0.00 0.00 0.00 0.00 0.00 0.00 0.00 0.00 0.00 0.00 0.00 0.00 0.00 0.00
1.70 1.71 1.73 1.75 1.76 1.77 1.80 1.82 1.89 1.92 1.96 2.01 2.06 2.10 2.14 2.20 2.26 2.34 2.37 2.20 1.36 1.06 1.21 1.40 1.60 1.75 1.84 1.84 1.69 1.62 2.39 2.59 2.57 2.33 2.46 2.02 1.27 1.28 0.04 0.00 0.24 2.00 2.68 2.41 2.46 2.45 4.58 1.98 1.64 1.51 1.34 1.32 1.06 0.62 1.60 1.94 1.96 1.98 1.95 2.22 2.90 4.13 2.54 1.85 0.00 0.00 0.00 0.00 0.00 0.00 0.00 0.00 0.00 0.00 0.00 0.00 0.00 0.00 0.00 0.00 0.00 0.00 0.00 0.00
1.70 1.72 1.74 1.75 1.76 1.78 1.80 1.83 1.89 1.92 1.96 2.01 2.05 2.09 2.14 2.21 2.25 2.30 2.38 2.48 2.53 1.32 1.27 1.34 1.52 1.75 1.87 1.86 1.62 1.87 2.66 2.82 2.56 2.42 2.72 1.68 1.11 0.19 0.00 0.00 1.24 2.17 2.50 2.59 2.45 2.43 4.59 1.81 1.60 1.44 1.31 1.35 0.90 0.89 1.76 2.05 2.02 1.89 1.83 2.81 4.13 3.42 2.10 0.63 0.00 0.00 0.00 0.00 0.00 0.00 0.00 0.00 0.00 0.00 0.00 0.00 0.00 0.00 0.00 0.00 0.00 0.00 0.00 0.00
1.72 1.74 1.75 1.76 1.77 1.79 1.81 1.83 1.89 1.92 1.96 2.00 2.05 2.09 2.13 2.20 2.25 2.31 2.38 2.47 2.60 2.83 2.20 1.47 1.49 1.79 1.96 1.93 1.65 1.79 2.85 2.83 2.32 2.43 2.85 1.43 1.05 0.00 0.00 0.01 1.28 2.34 2.37 2.50 3.18 3.17 4.60 3.68 1.46 1.41 1.31 1.26 0.78 1.04 1.77 2.12 2.01 1.83 1.97 4.15 2.87 2.13 0.51 0.00 0.00 0.00 0.00 0.00 0.00 0.00 0.00 0.00 0.00 0.00 0.00 0.00 0.00 0.00 0.00 0.00 0.00 0.00 0.00 0.00
1.74 1.76 1.76 1.77 1.78 1.80 1.82 1.84 1.89 1.92 1.95 1.99 2.03 2.08 2.12 2.20 2.25 2.31 2.39 2.49 2.61 2.72 2.89 2.65 1.97 1.97 2.03 1.94 1.70 2.08 2.88 2.67 2.20 2.56 2.91 1.22 1.05 0.06 0.00 0.03 1.37 2.34 2.20 2.44 2.77 2.60 4.61 1.56 1.43 1.40 1.28 0.93 0.65 1.01 1.74 1.98 1.95 2.05 2.53 4.20 2.54 1.86 0.00 0.00 0.00 0.00 0.00 0.00 0.00 0.00 0.00 0.00 0.00 0.00 0.00 0.00 0.00 0.00 0.00 0.00 0.00 0.00 0.00 0.00
1.75 1.77 1.78 1.79 1.80 1.81 1.83 1.84 1.89 1.91 1.95 1.98 2.02 2.07 2.11 2.16 2.25 2.32 2.40 2.50 2.61 2.76 2.88 3.22 3.64 3.06 2.22 1.91 1.69 2.47 2.90 2.44 2.37 2.67 2.91 1.12 1.02 0.02 0.00 0.37 2.06 2.54 2.44 2.52 2.47 2.55 4.62 3.78 1.42 1.41 1.22 0.52 0.52 1.02 1.81 1.97 1.97 2.22 2.42 3.83 2.59 1.73 0.00 0.00 0.00 0.00 0.00 0.00 0.00 0.00 0.00 0.00 0.00 0.00 0.00 0.00 0.00 0.00 0.00 0.00 0.00 0.00 0.00 0.00
1.75 1.78 1.78 1.79 1.80 1.81 1.83 1.84 1.89 1.91 1.94 1.98 2.02 2.06 2.10 2.15 2.24 2.31 2.40 2.50 2.59 2.71 2.96 3.59 3.94 3.94 3.52 2.12 1.71 2.70 2.91 2.41 2.38 2.60 2.81 1.00 0.15 0.06 0.27 1.11 2.18 2.47 2.51 2.58 2.55 2.65 4.62 1.60 1.46 1.51 1.06 1.05 1.23 1.27 1.85 2.10 2.07 2.32 2.41 3.96 4.26 1.30 0.00 0.00 0.00 0.00 0.00 0.00 0.00 0.00 0.00 0.00 0.00 0.00 0.00 0.00 0.00 0.00 0.00 0.00 0.00 0.00 0.00 0.00
1.74 1.76 1.78 1.78 1.79 1.81 1.83 1.86 1.88 1.91 1.93 1.97 2.01 2.05 2.09 2.14 2.23 2.30 2.38 2.47 2.61 2.68 2.92 3.87 3.94 3.92 3.81 3.06 2.58 2.90 2.85 2.13 2.21 2.84 2.49 0.89 0.04 0.23 0.67 1.23 1.73 2.12 2.13 2.02 2.30 3.19 4.63 1.66 1.58 1.55 1.09 1.46 1.22 1.40 2.00 2.21 2.05 2.17 2.32 3.43 4.34 0.00 0.00 0.00 0.00 0.00 0.00 0.00 0.00 0.00 0.00 0.00 0.00 0.00 0.00 0.00 0.00 0.00 0.00 0.00 0.00 0.00 0.00 0.00
1.72 1.75 1.76 1.77 1.79 1.81 1.83 1.85 1.88 1.90 1.93 1.96 2.00 2.03 2.07 2.13 2.22 2.28 2.36 2.44 2.54 2.70 3.29 3.86 3.84 3.84 3.70 2.88 2.80 3.61 2.96 2.07 2.37 2.86 2.07 0.59 0.02 0.45 1.37 1.11 1.19 1.41 1.46 1.67 2.47 4.00 4.11 1.69 1.63 1.46 1.12 1.35 1.27 1.56 2.04 2.39 2.18 2.21 2.50 4.40 2.28 0.00 0.00 0.00 0.00 0.00 0.00 0.00 0.00 0.00 0.00 0.00 0.00 0.00 0.00 0.00 0.00 0.00 0.00 0.00 0.00 0.00 0.00 0.00
1.70 1.72 1.74 1.76 1.78 1.80 1.82 1.85 1.87 1.90 1.92 1.96 1.99 2.02 2.04 2.10 2.19 2.25 2.32 2.39 2.45 2.76 3.49 3.77 3.75 3.81 3.65 2.65 2.61 4.10 3.63 2.21 2.46 2.71 1.35 0.04 0.41 0.51 1.47 0.82 0.52 0.65 1.25 2.14 2.85 4.64 4.64 1.57 1.65 1.43 1.22 1.36 1.45 1.89 2.13 2.20 2.37 2.59 2.81 3.46 1.10 0.00 0.00 0.00 0.00 0.00 0.00 0.00 0.00 0.00 0.00 0.00 0.00 0.00 0.00 0.00 0.00 0.00 0.00 0.00 0.00 0.00 0.00 0.00
1.67 1.69 1.72 1.74 1.77 1.79 1.83 1.85 1.87 1.90 1.92 1.94 1.97 1.99 2.02 2.07 2.13 2.22 2.29 2.36 2.51 2.85 3.53 3.69 3.70 3.77 3.53 2.43 2.55 4.17 4.30 2.43 2.45 2.70 1.01 0.05 0.37 0.33 1.52 0.69 0.51 0.71 1.55 2.35 3.14 4.65 3.81 1.45 1.61 1.40 1.40 1.41 1.47 2.01 2.23 2.37 2.84 3.37 3.78 4.48 0.00 0.00 0.00 0.00 0.00 0.00 0.00 0.00 0.00 0.00 0.00 0.00 0.00 0.00 0.00 0.00 0.00 0.00 0.00 0.00 0.00 0.00 0.00 0.00
1.64 1.65 1.68 1.70 1.73 1.76 1.79 1.83 1.85 1.89 1.91 1.93 1.95 1.96 1.99 2.04 2.10 2.19 2.25 2.38 2.50 2.89 3.48 3.63 3.67 3.73 3.38 2.30 2.65 4.20 4.28 3.21 2.57 2.80 0.81 0.19 0.19 0.36 1.31 0.53 0.76 1.45 2.17 2.47 4.17 4.65 3.55 1.51 1.69 1.39 1.20 1.37 1.66 2.17 2.41 2.52 3.02 4.31 4.49 3.28 0.00 0.00 0.00 0.00 0.00 0.00 0.00 0.00 0.00 0.00 0.00 0.00 0.00 0.00 0.00 0.00 0.00 0.00 0.00 0.00 0.00 0.00 0.00 0.00
1.59 1.61 1.63 1.68 1.71 1.74 1.78 1.80 1.83 1.86 1.88 1.90 1.91 1.93 1.96 2.01 2.07 2.15 2.21 2.27 2.49 2.87 3.39 3.56 3.65 3.66 3.20 2.36 2.85 4.22 4.20 3.41 3.75 2.15 0.03 0.19 0.19 0.86 1.18 0.52 0.84 1.63 2.30 2.57 4.66 4.66 2.66 1.59 1.75 1.15 0.96 1.32 1.82 2.26 2.56 3.22 4.29 4.46 4.49 4.29 0.00 0.00 0.00 0.00 0.00 0.00 0.00 0.00 0.00 0.00 0.00 0.00 0.00 0.00 0.00 0.00 0.00 0.00 0.00 0.00 0.00 0.00 0.00 0.00
1.57 1.59 1.60 1.63 1.68 1.68 1.72 1.77 1.79 1.83 1.85 1.86 1.87 1.89 1.92 1.97 2.02 2.11 2.17 2.23 2.48 2.81 3.26 3.52 3.64 3.52 3.01 2.63 3.05 4.27 3.99 3.16 3.56 1.50 0.04 0.14 0.08 0.97 0.95 0.54 0.90 1.92 2.48 3.18 4.67 4.67 1.65 1.62 1.64 0.85 1.16 1.30 1.65 2.48 3.56 4.34 4.58 4.58 4.57 3.11 1.18 0.00 0.00 0.00 0.00 0.00 0.00 0.00 0.00 0.00 0.00 0.00 0.00 0.00 0.00 0.00 0.00 0.00 0.00 0.00 0.00 0.00 0.00 0.00
1.54 1.56 1.57 1.61 1.63 1.65 1.66 1.74 1.73 1.75 1.78 1.83 1.84 1.86 1.89 1.93 1.98 2.06 2.10 2.26 2.44 2.71 3.09 3.46 3.65 3.53 3.02 2.70 3.22 4.44 3.98 3.21 3.49 1.32 0.04 0.16 0.14 1.03 0.79 0.62 1.46 2.28 2.71 3.89 4.68 4.68 1.60 1.61 1.54 0.75 1.17 1.46 2.02 3.11 4.35 4.54 4.58 4.58 3.56 2.63 2.24 0.00 0.00 0.00 0.00 0.00 0.00 0.00 0.00 0.00 0.00 0.00 0.00 0.00 0.00 0.00 0.00 0.00 0.00 0.00 0.00 0.00 0.00 0.00
1.51 1.52 1.54 1.58 1.60 1.61 1.64 1.66 1.69 1.71 1.74 1.75 1.77 1.82 1.85 1.86 1.93 1.97 2.05 2.22 2.39 2.65 3.03 3.47 3.74 3.67 3.15 2.81 3.58 4.64 4.07 3.18 3.82 1.88 0.03 0.31 0.40 0.97 0.84 0.86 2.22 2.66 2.96 3.83 4.69 4.69 1.53 1.56 1.32 0.61 1.24 1.95 2.64 4.41 4.58 4.59 4.59 4.24 3.01 2.39 2.39 1.17 0.00 0.00 0.00 0.00 0.00 0.00 0.00 0.00 0.00 0.00 0.00 0.00 0.00 0.00 0.00 0.00 0.00 0.00 0.00 0.00 0.00 0.00
1.47 1.48 1.50 1.52 1.55 1.56 1.61 1.63 1.65 1.67 1.70 1.72 1.74 1.76 1.79 1.82 1.89 1.88 1.95 2.19 2.35 2.60 3.04 3.59 3.98 3.93 3.26 2.87 3.85 4.66 4.10 3.18 4.17 3.26 0.18 0.37 0.58 1.17 0.82 1.77 2.67 2.86 3.10 4.34 4.70 2.46 1.80 1.78 1.35 0.91 1.49 2.35 3.39 4.50 4.46 4.50 4.51 4.25 4.11 2.41 2.34 2.43 2.22 0.18 0.00 0.00 0.00 0.00 0.00 0.00 0.00 0.00 0.00 0.00 0.00 0.00 0.00 0.00 0.00 0.00 0.00 0.00 0.00 0.00
1.44 1.45 1.47 1.49 1.51 1.53 1.57 1.59 1.62 1.64 1.67 1.69 1.71 1.74 1.77 1.80 1.82 1.84 2.01 2.16 2.33 2.59 3.18 3.93 4.11 4.07 3.33 2.76 3.82 4.50 4.06 3.47 4.31 4.21 0.30 0.33 0.99 1.07 1.02 2.23 2.49 2.57 3.09 4.35 4.71 2.84 1.85 1.68 1.18 1.41 1.84 2.69 4.01 4.32 4.30 4.59 4.55 4.37 2.80 2.56 2.41 2.34 1.83 0.00 0.00 0.00 0.00 0.00 0.00 0.00 0.00 0.00 0.00 0.00 0.00 0.00 0.00 0.00 0.00 0.00 0.00 0.00 0.00 0.00
1.41 1.42 1.44 1.46 1.48 1.50 1.54 1.56 1.59 1.61 1.64 1.67 1.69 1.72 1.75 1.78 1.79 1.81 1.89 2.17 2.40 2.80 4.03 4.34 4.22 4.10 3.61 2.73 3.44 4.19 4.10 4.55 5.97 3.08 0.34 0.30 1.11 0.98 1.42 2.38 2.44 2.61 2.57 3.32 4.71 3.85 1.72 1.62 1.50 1.69 2.20 2.80 4.27 4.35 4.62 4.61 4.16 3.86 3.00 2.07 1.98 0.27 0.00 0.00 0.00 0.00 0.00 0.00 0.00 0.00 0.00 0.00 0.00 0.00 0.00 0.00 0.00 0.00 0.00 0.00 0.00 0.00 0.00 0.00
1.38 1.40 1.41 1.43 1.46 1.47 1.52 1.54 1.56 1.59 1.62 1.65 1.67 1.70 1.74 1.77 1.79 1.81 2.03 2.35 2.73 3.16 4.02 4.32 4.22 4.08 3.61 3.02 3.60 3.91 3.96 4.79 5.15 2.76 0.37 0.32 0.93 1.14 1.78 2.59 2.55 3.12 2.64 4.25 4.72 4.25 1.76 1.64 1.59 2.10 2.37 2.77 4.16 4.41 4.63 4.15 2.40 1.09 0.00 0.00 0.00 0.00 0.00 0.00 0.00 0.00 0.00 0.00 0.00 0.00 0.00 0.00 0.00 0.00 0.00 0.00 0.00 0.00 0.00 0.00 0.00 0.00 0.00 0.00
1.37 1.38 1.39 1.41 1.43 1.45 1.49 1.51 1.54 1.56 1.58 1.62 1.65 1.69 1.73 1.77 1.80 1.82 1.88 2.62 3.01 3.31 3.85 4.22 4.17 4.04 3.54 3.36 3.76 3.81 3.94 5.50 4.57 0.78 0.32 0.49 0.48 1.19 2.06 2.70 3.09 3.64 3.60 4.33 4.73 4.36 1.65 1.60 2.03 2.38 2.73 3.86 4.39 4.54 3.92 1.75 0.00 0.00 0.00 0.00 0.00 0.00 0.00 0.00 0.00 0.00 0.00 0.00 0.00 0.00 0.00 0.00 0.00 0.00 0.00 0.00 0.00 0.00 0.00 0.00 0.00 0.00 0.00 0.00
1.36 1.37 1.37 1.37 1.39 1.43 1.45 1.48 1.51 1.54 1.56 1.61 1.64 1.69 1.74 1.78 1.82 1.85 2.39 2.99 3.22 3.40 3.69 4.00 4.02 3.98 3.49 3.69 3.88 3.92 4.16 6.11 3.09 0.38 0.23 0.35 0.43 1.93 2.51 2.78 2.63 3.61 3.38 3.48 4.73 3.53 1.75 2.34 2.79 3.05 4.07 4.41 4.51 4.63 3.05 0.54 0.00 0.00 0.00 0.00 0.00 0.00 0.00 0.00 0.00 0.00 0.00 0.00 0.00 0.00 0.00 0.00 0.00 0.00 0.00 0.00 0.00 0.00 0.00 0.00 0.00 0.00 0.00 0.00
1.35 1.35 1.35 1.35 1.39 1.41 1.43 1.47 1.50 1.52 1.55 1.59 1.64 1.69 1.74 1.80 1.85 1.90 2.82 3.27 3.36 3.50 3.64 3.73 3.78 3.67 3.50 3.98 4.01 4.15 4.53 6.27 4.11 0.40 0.49 0.45 0.93 2.28 2.59 2.56 2.64 2.60 2.64 2.99 2.25 1.78 2.17 2.61 3.18 3.50 4.22 4.39 4.46 4.46 2.47 0.00 0.00 0.00 0.00 0.00 0.00 0.00 0.00 0.00 0.00 0.00 0.00 0.00 0.00 0.00 0.00 0.00 0.00 0.00 0.00 0.00 0.00 0.00 0.00 0.00 0.00 0.00 0.00 0.00
1.35 1.35 1.34 1.34 1.34 1.39 1.42 1.45 1.48 1.51 1.54 1.57 1.64 1.70 1.77 1.84 1.90 1.96 3.27 3.46 3.54 3.62 3.67 3.64 3.51 3.22 3.57 4.19 4.33 4.54 4.81 6.15 3.90 0.36 0.55 0.55 1.33 2.34 2.56 2.56 2.51 2.58 2.61 3.35 1.75 2.42 2.45 2.50 2.74 3.18 4.03 4.42 4.46 4.35 3.02 0.00 0.00 0.00 0.00 0.00 0.00 0.00 0.00 0.00 0.00 0.00 0.00 0.00 0.00 0.00 0.00 0.00 0.00 0.00 0.00 0.00 0.00 0.00 0.00 0.00 0.00 0.00 0.00 0.00
1.35 1.35 1.34 1.33 1.36 1.38 1.40 1.43 1.47 1.49 1.52 1.56 1.66 1.73 1.81 1.89 1.98 2.40 3.40 3.64 3.73 3.75 3.74 3.63 3.33 2.77 3.48 4.48 4.57 4.59 5.00 6.12 3.76 0.17 0.50 0.71 1.66 2.29 2.50 2.50 2.50 2.53 2.69 3.55 1.95 2.43 2.47 2.45 2.69 2.89 2.96 3.69 4.42 4.30 3.34 0.00 0.00 0.00 0.00 0.00 0.00 0.00 0.00 0.00 0.00 0.00 0.00 0.00 0.00 0.00 0.00 0.00 0.00 0.00 0.00 0.00 0.00 0.00 0.00 0.00 0.00 0.00 0.00 0.00
1.34 1.34 1.34 1.33 1.34 1.37 1.38 1.41 1.45 1.48 1.51 1.56 1.68 1.77 1.89 2.02 2.18 3.21 3.74 3.75 3.76 3.77 3.75 3.63 3.26 2.66 3.60 4.58 4.73 4.66 5.01 6.54 3.77 0.02 0.31 0.95 1.62 2.07 2.39 2.43 2.42 2.59 2.97 3.06 2.16 2.42 2.46 2.46 2.60 2.85 2.80 2.98 4.35 4.19 3.25 0.00 0.00 0.00 0.00 0.00 0.00 0.00 0.00 0.00 0.00 0.00 0.00 0.00 0.00 0.00 0.00 0.00 0.00 0.00 0.00 0.00 0.00 0.00 0.00 0.00 0.00 0.00 0.00 0.00
1.32 1.33 1.34 1.33 1.36 1.36 1.37 1.39 1.42 1.46 1.50 1.57 1.73 1.86 2.00 2.18 2.39 2.78 3.74 3.76 3.78 3.79 3.78 3.59 3.14 2.66 3.12 4.41 4.69 4.83 5.13 7.20 4.02 0.02 0.31 0.92 1.58 1.68 2.18 2.33 2.40 2.64 3.27 1.64 2.17 2.39 2.49 2.50 2.49 2.63 2.77 2.97 4.39 4.55 3.59 1.83 0.00 0.09 0.00 0.00 0.00 0.00 0.00 0.00 0.00 0.00 0.00 0.00 0.00 0.00 0.00 0.00 0.00 0.00 0.00 0.00 0.00 0.00 0.00 0.00 0.00 0.00 0.00 0.00
1.31 1.32 1.32 1.33 1.36 1.36 1.36 1.38 1.41 1.45 1.50 1.59 1.80 1.97 2.16 2.37 2.60 3.02 3.71 3.78 3.80 3.79 3.79 3.57 2.93 2.78 3.59 4.32 4.57 4.98 5.03 6.90 3.58 0.10 0.55 0.98 1.60 1.57 1.86 2.19 2.33 2.88 3.60 1.48 2.00 2.27 2.39 2.48 3.37 3.54 3.52 3.86 4.62 4.46 3.84 3.56 2.68 2.56 2.02 0.23 0.00 0.00 0.00 0.00 0.00 0.00 0.00 0.00 0.00 0.00 0.00 0.00 0.00 0.00 0.00 0.00 0.00 0.00 0.00 0.00 0.00 0.00 0.00 0.00
1.31 1.31 1.31 1.34 1.35 1.35 1.36 1.37 1.40 1.44 1.51 1.63 1.80 2.12 2.33 2.53 2.75 3.57 3.69 3.81 3.82 3.81 3.79 3.52 2.73 2.96 4.02 4.35 4.50 5.02 5.12 4.93 2.39 0.19 0.58 0.72 1.25 1.50 1.91 2.21 2.39 3.05 3.79 2.00 2.18 2.20 2.24 2.55 3.84 4.75 4.75 4.76 4.66 3.91 3.74 3.62 3.28 2.59 2.36 1.59 0.34 0.00 0.00 0.00 0.00 0.00 0.00 0.00 0.00 0.00 0.00 0.00 0.00 0.00 0.00 0.00 0.00 0.00 0.00 0.00 0.00 0.00 0.00 0.00
1.31 1.30 1.30 1.33 1.34 1.35 1.35 1.37 1.39 1.44 1.54 1.70 1.91 2.26 2.46 2.65 3.20 3.54 3.69 3.77 3.84 3.82 3.74 3.39 2.66 3.56 4.27 4.47 4.57 5.06 5.76 3.99 1.94 0.13 0.57 0.58 0.94 1.53 2.07 2.49 2.70 3.04 3.67 1.69 3.94 3.06 2.35 2.57 3.59 4.75 4.75 4.75 4.64 3.81 3.63 3.63 3.48 2.58 1.32 0.52 0.32 0.04 0.00 0.00 0.00 0.00 0.00 0.00 0.00 0.00 0.00 0.00 0.00 0.00 0.00 0.00 0.00 0.00 0.00 0.00 0.00 0.00 0.00 0.00
