tsunami_inundation/3150.asc
ncols        89
nrows        96
xllcorner    425855.973699999973
yllcorner    5091051.504999999888
cellsize     55.000000000000
NODATA_value  -9999.00
[rows 37 to 73 of 96, columns 0 to 83 of 89]
1.32 1.32 1.31 1.31 1.32 1.33 1.38 1.40 1.42 1.47 1.50 1.53 1.57 1.65 1.72 1.75 1.44 0.72 0.43 0.45 0.57 0.77 1.11 1.29 1.42 1.54 1.66 1.80 1.90 1.99 2.25 2.82 2.93 2.99 2.91 3.64 3.92 3.65 3.00 3.31 0.41 0.13 0.71 2.00 2.37 2.98 2.88 2.50 4.32 4.44 1.28 1.17 0.35 0.27 0.33 0.45 0.88 1.75 1.88 3.91 3.99 3.35 2.93 2.66 1.34 0.00 0.00 0.00 0.00 0.00 0.00 0.00 0.00 0.00 0.00 0.00 0.00 0.00 0.00 0.00 0.00 0.00 0.00 0.00
1.34 1.34 1.32 1.32 1.32 1.34 1.35 1.39 1.40 1.44 1.48 1.51 1.55 1.64 1.73 1.82 1.91 1.91 1.47 0.82 0.65 0.74 1.06 1.24 1.38 1.49 1.62 1.72 1.86 1.98 2.26 2.69 2.80 2.80 2.81 3.90 3.86 3.52 2.84 2.34 0.00 0.11 0.80 2.03 2.44 2.78 2.47 2.88 4.47 1.55 1.29 1.07 0.31 0.28 0.37 0.24 1.30 1.91 2.09 4.02 4.02 3.61 3.22 2.32 1.88 0.00 0.00 0.00 0.00 0.00 0.00 0.00 0.00 0.00 0.00 0.00 0.00 0.00 0.00 0.00 0.00 0.00 0.00 0.00
1.34 1.34 1.33 1.32 1.32 1.33 1.35 1.38 1.39 1.46 1.48 1.50 1.55 1.65 1.73 1.81 1.91 1.99 2.07 2.06 1.49 0.83 1.00 1.19 1.34 1.45 1.55 1.63 1.82 2.01 2.35 2.64 2.73 2.72 2.81 3.56 3.84 3.30 3.17 1.24 0.00 0.16 1.19 2.07 2.32 2.64 2.50 3.88 4.45 1.53 1.30 1.05 0.33 0.33 0.41 0.31 1.45 1.90 2.44 4.04 4.05 3.65 1.97 2.34 3.03 0.00 0.00 0.00 0.00 0.00 0.00 0.00 0.00 0.00 0.00 0.00 0.00 0.00 0.00 0.00 0.00 0.00 0.00 0.00
1.35 1.34 1.33 1.32 1.32 1.34 1.36 1.39 1.41 1.44 1.49 1.52 1.55 1.62 1.67 1.79 1.85 1.93 2.04 2.17 2.27 1.85 1.02 1.13 1.29 1.41 1.50 1.55 1.75 2.08 2.41 2.58 2.67 2.69 3.10 4.09 3.91 3.25 3.13 1.08 0.04 0.14 1.57 2.15 2.38 2.65 2.70 4.49 4.49 1.50 1.35 1.11 0.36 0.35 0.34 0.62 1.90 2.33 3.48 4.06 4.06 3.57 2.49 2.09 2.55 1.81 0.00 0.00 0.00 0.00 0.00 0.00 0.00 0.00 0.00 0.00 0.00 0.00 0.00 0.00 0.00 0.00 0.00 0.00
1.35 1.35 1.34 1.34 1.35 1.37 1.39 1.40 1.42 1.44 1.47 1.48 1.50 1.53 1.61 1.73 1.76 1.86 2.00 2.16 2.29 2.43 2.37 1.23 1.30 1.37 1.45 1.47 1.62 2.16 2.43 2.54 2.63 2.70 3.31 3.62 3.92 3.16 3.19 0.84 0.02 0.03 1.30 2.23 2.48 2.49 3.28 4.50 4.50 1.36 1.27 1.02 0.36 0.35 0.17 1.24 2.49 3.63 4.06 4.05 4.07 3.90 3.07 2.30 2.18 2.00 2.18 2.31 0.16 0.00 0.00 0.00 0.00 0.00 0.00 0.00 0.00 0.00 0.00 0.00 0.00 0.00 0.00 0.00
1.35 1.36 1.36 1.36 1.37 1.39 1.40 1.40 1.40 1.40 1.40 1.39 1.42 1.47 1.57 1.65 1.75 1.86 2.01 2.17 2.31 2.46 2.63 2.63 2.11 1.46 1.41 1.41 1.55 2.16 2.49 2.61 2.66 2.72 3.32 4.09 3.86 3.09 3.32 0.01 0.11 0.30 1.48 2.20 2.55 2.52 4.09 4.51 4.51 1.59 1.27 0.90 0.33 0.36 0.27 1.92 3.61 4.08 2.96 2.25 3.50 4.11 2.91 2.31 2.21 1.94 2.07 1.27 0.00 0.00 0.00 0.00 0.00 0.00 0.00 0.00 0.00 0.00 0.00 0.00 0.00 0.00 0.00 0.00
1.35 1.36 1.36 1.36 1.37 1.35 1.34 1.32 1.30 1.31 1.32 1.35 1.39 1.45 1.56 1.65 1.75 1.88 2.03 2.18 2.34 2.60 2.71 2.82 2.95 3.03 1.60 1.37 1.39 2.21 2.63 2.75 2.78 2.83 3.38 3.69 3.75 3.17 3.42 0.01 0.31 0.55 1.78 2.21 2.51 2.51 4.51 4.51 3.69 1.58 1.25 1.24 1.04 0.51 0.97 1.96 2.82 3.49 2.90 2.79 3.53 4.13 2.91 2.19 2.24 2.04 1.95 0.00 0.00 0.00 0.00 0.00 0.00 0.00 0.00 0.00 0.00 0.00 0.00 0.00 0.00 0.00 0.00 0.00
1.32 1.31 1.30 1.29 1.28 1.28 1.27 1.25 1.25 1.28 1.30 1.33 1.38 1.45 1.53 1.66 1.77 1.90 2.03 2.18 2.33 2.46 2.89 3.09 3.14 3.13 3.08 2.90 1.40 2.39 2.78 2.79 2.84 2.96 3.82 4.05 3.55 3.69 0.58 0.00 0.04 0.92 2.54 2.42 2.45 2.41 4.52 4.52 2.51 1.52 1.25 1.24 1.19 0.55 1.36 1.99 2.04 2.15 2.14 2.31 2.62 4.16 2.97 2.13 1.48 0.98 0.67 0.00 0.00 0.00 0.00 0.00 0.00 0.00 0.00 0.00 0.00 0.00 0.00 0.00 0.00 0.00 0.00 0.00
1.25 1.23 1.21 1.21 1.21 1.21 1.21 1.21 1.24 1.26 1.29 1.33 1.38 1.45 1.54 1.68 1.79 1.91 2.03 2.15 2.29 2.92 3.19 3.24 3.23 3.18 3.06 3.03 3.38 3.91 3.46 2.72 2.63 3.01 3.61 4.05 3.47 3.94 0.15 0.00 0.21 1.95 2.62 2.36 2.41 2.40 4.53 1.93 1.59 1.46 1.29 1.27 1.01 0.62 1.63 1.97 1.99 2.02 2.00 2.28 2.95 4.17 2.59 1.88 0.00 0.00 0.00 0.00 0.00 0.00 0.00 0.00 0.00 0.00 0.00 0.00 0.00 0.00 0.00 0.00 0.00 0.00 0.00 0.00
1.17 1.15 1.14 1.14 1.15 1.16 1.17 1.18 1.22 1.25 1.28 1.33 1.39 1.46 1.55 1.69 1.81 1.92 2.02 2.12 2.27 3.07 3.26 3.26 3.23 3.14 3.08 3.21 3.74 3.90 3.86 3.39 2.65 3.27 3.64 3.99 3.55 3.11 0.26 0.00 1.18 2.12 2.44 2.54 2.40 2.38 4.54 1.76 1.54 1.39 1.26 1.30 0.86 0.91 1.80 2.09 2.06 1.93 1.88 2.86 4.18 3.48 2.16 0.68 0.00 0.00 0.00 0.00 0.00 0.00 0.00 0.00 0.00 0.00 0.00 0.00 0.00 0.00 0.00 0.00 0.00 0.00 0.00 0.00
1.08 1.07 1.07 1.08 1.10 1.11 1.13 1.15 1.22 1.25 1.28 1.33 1.39 1.47 1.56 1.70 1.81 1.90 1.98 2.10 2.40 3.23 3.23 3.23 3.17 3.09 3.12 3.36 3.78 3.86 3.79 3.52 3.32 3.34 3.60 3.85 3.62 1.85 0.00 0.00 1.21 2.28 2.32 2.45 3.13 3.12 4.55 3.63 1.41 1.36 1.26 1.21 0.75 1.07 1.82 2.16 2.05 1.88 2.02 4.20 2.93 2.19 0.56 0.00 0.00 0.00 0.00 0.00 0.00 0.00 0.00 0.00 0.00 0.00 0.00 0.00 0.00 0.00 0.00 0.00 0.00 0.00 0.00 0.00
1.02 1.01 1.02 1.04 1.05 1.07 1.09 1.12 1.21 1.23 1.27 1.33 1.40 1.48 1.56 1.71 1.80 1.88 1.96 2.15 2.66 3.06 3.19 3.19 3.13 3.09 3.15 3.46 3.77 3.87 3.78 3.43 3.70 3.96 3.65 3.61 4.10 1.68 0.00 0.00 1.31 2.29 2.15 2.39 2.73 2.55 4.56 1.51 1.38 1.35 1.23 0.89 0.63 1.05 1.78 2.03 2.00 2.10 2.59 4.25 2.60 1.92 0.00 0.00 0.00 0.00 0.00 0.00 0.00 0.00 0.00 0.00 0.00 0.00 0.00 0.00 0.00 0.00 0.00 0.00 0.00 0.00 0.00 0.00
0.97 0.97 0.98 0.98 1.00 1.02 1.05 1.08 1.17 1.21 1.25 1.31 1.39 1.47 1.56 1.65 1.78 1.85 1.97 2.31 2.83 3.05 3.15 3.16 3.12 3.10 3.18 3.48 3.78 3.92 3.75 3.36 3.83 4.52 4.16 3.50 4.16 0.24 0.00 0.32 2.01 2.49 2.39 2.47 2.42 2.50 4.57 3.74 1.37 1.37 1.18 0.48 0.54 1.06 1.86 2.03 2.03 2.27 2.48 3.89 2.64 1.79 0.00 0.00 0.00 0.00 0.00 0.00 0.00 0.00 0.00 0.00 0.00 0.00 0.00 0.00 0.00 0.00 0.00 0.00 0.00 0.00 0.00 0.00
0.91 0.92 0.93 0.95 0.97 0.99 1.02 1.05 1.14 1.17 1.22 1.29 1.36 1.45 1.54 1.63 1.76 1.84 2.02 2.52 2.84 2.99 3.10 3.13 3.12 3.11 3.22 3.48 3.83 3.98 3.72 3.33 4.01 4.81 4.21 4.08 3.52 0.06 0.22 1.06 2.13 2.42 2.47 2.53 2.50 2.60 4.58 1.56 1.42 1.47 1.03 1.06 1.26 1.32 1.90 2.15 2.12 2.37 2.46 4.01 4.31 1.36 0.00 0.00 0.00 0.00 0.00 0.00 0.00 0.00 0.00 0.00 0.00 0.00 0.00 0.00 0.00 0.00 0.00 0.00 0.00 0.00 0.00 0.00
0.87 0.87 0.90 0.92 0.94 0.96 0.99 1.06 1.10 1.14 1.19 1.26 1.34 1.42 1.51 1.60 1.72 1.83 2.11 2.63 2.84 2.94 3.02 3.09 3.09 3.11 3.25 3.55 3.93 4.03 3.69 3.37 4.27 4.99 4.91 4.79 2.46 0.17 0.62 1.18 1.68 2.07 2.09 1.98 2.26 3.16 4.59 1.62 1.54 1.52 1.07 1.48 1.26 1.45 2.05 2.26 2.09 2.21 2.36 3.49 4.39 0.00 0.00 0.00 0.00 0.00 0.00 0.00 0.00 0.00 0.00 0.00 0.00 0.00 0.00 0.00 0.00 0.00 0.00 0.00 0.00 0.00 0.00 0.00
0.83 0.84 0.86 0.89 0.90 0.93 0.96 1.03 1.07 1.11 1.16 1.23 1.31 1.39 1.48 1.57 1.69 1.83 2.21 2.65 2.80 2.90 2.98 3.05 3.05 3.11 3.26 3.64 4.01 4.07 3.94 3.47 4.33 4.99 5.29 5.40 1.53 0.40 1.33 1.06 1.14 1.36 1.42 1.63 2.43 3.97 4.07 1.65 1.60 1.44 1.11 1.36 1.31 1.61 2.09 2.43 2.22 2.24 2.52 4.44 2.32 0.00 0.00 0.00 0.00 0.00 0.00 0.00 0.00 0.00 0.00 0.00 0.00 0.00 0.00 0.00 0.00 0.00 0.00 0.00 0.00 0.00 0.00 0.00
0.79 0.80 0.83 0.85 0.87 0.89 0.92 0.99 1.02 1.07 1.13 1.20 1.28 1.36 1.42 1.51 1.66 1.84 2.31 2.64 2.71 2.91 2.99 3.05 3.04 3.12 3.26 3.76 4.09 4.15 3.97 3.62 4.39 4.82 5.68 4.86 1.38 0.47 1.42 0.77 0.48 0.61 1.21 2.10 2.82 4.60 4.60 1.54 1.62 1.41 1.22 1.38 1.49 1.93 2.17 2.24 2.40 2.62 2.83 3.48 1.12 0.00 0.00 0.00 0.00 0.00 0.00 0.00 0.00 0.00 0.00 0.00 0.00 0.00 0.00 0.00 0.00 0.00 0.00 0.00 0.00 0.00 0.00 0.00
0.76 0.77 0.80 0.82 0.83 0.86 0.93 0.94 0.97 1.02 1.08 1.15 1.23 1.30 1.38 1.48 1.58 1.85 2.33 2.62 2.82 2.95 3.05 3.10 3.10 3.18 3.29 3.94 4.21 4.27 4.06 3.86 4.47 4.82 6.09 4.71 1.56 0.28 1.48 0.64 0.47 0.67 1.51 2.31 3.11 4.62 3.78 1.42 1.59 1.39 1.41 1.44 1.50 2.04 2.26 2.39 2.86 3.39 3.80 4.49 0.00 0.00 0.00 0.00 0.00 0.00 0.00 0.00 0.00 0.00 0.00 0.00 0.00 0.00 0.00 0.00 0.00 0.00 0.00 0.00 0.00 0.00 0.00 0.00
0.74 0.74 0.76 0.77 0.79 0.82 0.85 0.91 0.93 0.99 1.05 1.12 1.19 1.26 1.34 1.44 1.55 1.85 2.32 2.73 2.89 3.04 3.18 3.25 3.24 3.28 3.40 4.27 4.40 4.37 4.08 4.19 4.53 5.81 6.62 3.61 1.20 0.31 1.27 0.49 0.73 1.41 2.14 2.44 4.14 4.62 3.52 1.49 1.67 1.38 1.22 1.39 1.68 2.19 2.43 2.54 3.04 4.33 4.51 3.31 0.00 0.00 0.00 0.00 0.00 0.00 0.00 0.00 0.00 0.00 0.00 0.00 0.00 0.00 0.00 0.00 0.00 0.00 0.00 0.00 0.00 0.00 0.00 0.00
0.71 0.71 0.72 0.75 0.77 0.79 0.85 0.87 0.90 0.96 1.02 1.08 1.15 1.22 1.30 1.40 1.52 1.84 2.29 2.63 3.02 3.26 3.39 3.41 3.32 3.31 3.57 4.41 4.45 4.38 4.04 4.45 4.66 7.59 6.22 3.30 1.05 0.83 1.14 0.48 0.80 1.60 2.27 2.54 4.63 4.63 2.63 1.57 1.74 1.14 0.98 1.34 1.83 2.27 2.57 3.24 4.31 4.47 4.51 4.30 0.00 0.00 0.00 0.00 0.00 0.00 0.00 0.00 0.00 0.00 0.00 0.00 0.00 0.00 0.00 0.00 0.00 0.00 0.00 0.00 0.00 0.00 0.00 0.00
0.71 0.71 0.71 0.71 0.74 0.74 0.79 0.85 0.87 0.93 0.99 1.05 1.12 1.19 1.27 1.37 1.50 1.83 2.27 2.70 3.31 3.47 3.48 3.48 3.38 3.35 3.71 4.38 4.41 4.35 3.90 4.10 7.47 7.68 6.30 3.26 1.29 0.95 0.91 0.50 0.87 1.89 2.45 3.15 4.64 4.64 1.63 1.60 1.63 0.85 1.18 1.33 1.66 2.49 3.57 4.35 4.59 4.59 4.58 3.12 1.19 0.00 0.00 0.00 0.00 0.00 0.00 0.00 0.00 0.00 0.00 0.00 0.00 0.00 0.00 0.00 0.00 0.00 0.00 0.00 0.00 0.00 0.00 0.00
0.70 0.70 0.70 0.70 0.71 0.72 0.75 0.82 0.82 0.86 0.94 1.03 1.09 1.16 1.24 1.34 1.49 1.82 2.29 3.50 3.53 3.54 3.54 3.52 3.40 3.40 3.79 4.33 4.39 4.35 3.80 4.23 7.56 7.59 5.17 3.01 1.54 1.02 0.75 0.59 1.44 2.25 2.68 3.86 4.65 4.65 1.58 1.59 1.52 0.74 1.19 1.48 2.03 3.11 4.36 4.55 4.59 4.59 3.57 2.63 2.24 0.00 0.00 0.00 0.00 0.00 0.00 0.00 0.00 0.00 0.00 0.00 0.00 0.00 0.00 0.00 0.00 0.00 0.00 0.00 0.00 0.00 0.00 0.00
0.69 0.69 0.69 0.69 0.69 0.71 0.74 0.76 0.80 0.84 0.92 0.97 1.03 1.12 1.21 1.33 1.49 1.69 2.44 3.60 3.57 3.57 3.56 3.52 3.43 3.44 3.82 4.31 4.39 4.35 3.79 5.09 7.30 7.57 4.61 2.85 1.85 1.01 0.80 0.84 2.20 2.63 2.93 3.80 4.66 4.66 1.50 1.54 1.31 0.61 1.25 1.96 2.64 4.41 4.59 4.60 4.60 4.25 3.01 2.39 2.38 1.16 0.00 0.00 0.00 0.00 0.00 0.00 0.00 0.00 0.00 0.00 0.00 0.00 0.00 0.00 0.00 0.00 0.00 0.00 0.00 0.00 0.00 0.00
0.65 0.66 0.67 0.68 0.69 0.70 0.73 0.75 0.79 0.83 0.91 0.96 1.02 1.10 1.20 1.35 1.50 1.85 3.22 3.61 3.59 3.59 3.57 3.53 3.47 3.50 3.83 4.31 4.39 4.35 3.97 6.69 7.29 6.91 3.71 2.74 1.92 1.25 0.80 1.75 2.64 2.83 3.07 4.31 4.67 2.44 1.77 1.76 1.33 0.91 1.50 2.35 3.39 4.50 4.46 4.51 4.52 4.25 4.11 2.41 2.33 2.41 2.20 0.16 0.00 0.00 0.00 0.00 0.00 0.00 0.00 0.00 0.00 0.00 0.00 0.00 0.00 0.00 0.00 0.00 0.00 0.00 0.00 0.00
0.62 0.64 0.66 0.67 0.70 0.71 0.73 0.75 0.78 0.82 0.90 0.95 1.01 1.10 1.21 1.38 1.66 2.18 3.60 3.60 3.62 3.61 3.59 3.54 3.50 3.61 3.84 4.33 4.41 4.38 4.88 7.01 7.27 5.79 3.20 2.41 2.05 1.18 1.00 2.21 2.46 2.54 3.06 4.32 4.68 2.82 1.83 1.66 1.17 1.40 1.84 2.69 4.01 4.32 4.30 4.60 4.56 4.38 2.81 2.56 2.40 2.33 1.81 0.00 0.00 0.00 0.00 0.00 0.00 0.00 0.00 0.00 0.00 0.00 0.00 0.00 0.00 0.00 0.00 0.00 0.00 0.00 0.00 0.00
0.60 0.62 0.64 0.67 0.70 0.72 0.74 0.75 0.78 0.82 0.87 0.95 1.01 1.11 1.25 1.47 1.98 2.63 3.46 3.59 3.60 3.62 3.61 3.61 3.61 3.71 3.95 4.38 4.64 4.86 6.74 7.25 6.81 3.86 2.93 2.27 2.09 1.05 1.40 2.35 2.41 2.58 2.54 3.29 4.68 3.82 1.70 1.60 1.49 1.69 2.20 2.80 4.27 4.35 4.62 4.61 4.16 3.87 3.01 2.07 1.96 0.26 0.00 0.00 0.00 0.00 0.00 0.00 0.00 0.00 0.00 0.00 0.00 0.00 0.00 0.00 0.00 0.00 0.00 0.00 0.00 0.00 0.00 0.00
0.60 0.61 0.63 0.66 0.70 0.73 0.74 0.76 0.78 0.83 0.88 0.96 1.03 1.14 1.31 1.75 2.70 2.82 3.55 3.50 3.51 3.53 3.56 3.59 3.63 3.82 3.95 4.44 4.97 5.79 7.25 7.35 5.53 3.47 2.91 2.15 1.81 1.17 1.76 2.57 2.52 3.09 2.61 4.22 4.69 4.22 1.74 1.63 1.58 2.09 2.37 2.76 4.16 4.41 4.62 4.15 2.42 1.11 0.00 0.00 0.00 0.00 0.00 0.00 0.00 0.00 0.00 0.00 0.00 0.00 0.00 0.00 0.00 0.00 0.00 0.00 0.00 0.00 0.00 0.00 0.00 0.00 0.00 0.00
0.60 0.61 0.63 0.65 0.70 0.72 0.75 0.77 0.80 0.86 0.91 1.01 1.10 1.26 1.73 2.60 2.73 2.79 3.07 3.45 3.44 3.47 3.51 3.56 3.63 3.88 4.03 4.51 5.23 6.95 7.44 7.77 5.21 3.10 2.77 2.00 0.76 1.19 2.04 2.67 3.06 3.61 3.57 4.30 4.70 4.33 1.63 1.58 2.02 2.37 2.72 3.85 4.38 4.54 3.91 1.73 0.00 0.00 0.00 0.00 0.00 0.00 0.00 0.00 0.00 0.00 0.00 0.00 0.00 0.00 0.00 0.00 0.00 0.00 0.00 0.00 0.00 0.00 0.00 0.00 0.00 0.00 0.00 0.00
0.60 0.61 0.63 0.65 0.67 0.72 0.76 0.80 0.84 0.89 0.95 1.07 1.21 1.49 2.34 2.68 2.69 2.75 3.39 3.41 3.41 3.42 3.47 3.52 3.64 3.90 4.20 4.49 5.21 7.13 7.62 7.91 4.22 3.18 2.50 1.69 0.48 1.92 2.49 2.75 2.60 3.58 3.35 3.44 4.70 3.50 1.73 2.33 2.77 3.04 4.06 4.40 4.51 4.62 3.05 0.54 0.00 0.00 0.00 0.00 0.00 0.00 0.00 0.00 0.00 0.00 0.00 0.00 0.00 0.00 0.00 0.00 0.00 0.00 0.00 0.00 0.00 0.00 0.00 0.00 0.00 0.00 0.00 0.00
0.58 0.60 0.62 0.64 0.69 0.71 0.75 0.81 0.87 0.94 1.01 1.18 1.38 1.91 2.55 2.62 2.64 2.71 3.24 3.38 3.38 3.40 3.44 3.51 3.66 4.06 4.32 4.55 5.22 7.32 7.67 7.97 5.03 3.23 2.58 1.36 0.95 2.27 2.57 2.54 2.61 2.57 2.61 2.96 2.21 1.75 2.15 2.59 3.17 3.49 4.21 4.38 4.45 4.45 2.47 0.00 0.00 0.00 0.00 0.00 0.00 0.00 0.00 0.00 0.00 0.00 0.00 0.00 0.00 0.00 0.00 0.00 0.00 0.00 0.00 0.00 0.00 0.00 0.00 0.00 0.00 0.00 0.00 0.00
0.56 0.58 0.61 0.63 0.65 0.70 0.74 0.82 0.91 1.00 1.11 1.26 1.61 2.25 2.56 2.57 2.62 2.69 3.07 3.30 3.36 3.38 3.43 3.50 3.77 4.22 4.48 4.83 5.60 7.54 7.69 7.97 4.82 3.11 2.54 1.32 1.34 2.33 2.54 2.54 2.48 2.55 2.58 3.32 1.72 2.39 2.43 2.49 2.73 3.17 4.02 4.41 4.45 4.34 3.01 0.00 0.00 0.00 0.00 0.00 0.00 0.00 0.00 0.00 0.00 0.00 0.00 0.00 0.00 0.00 0.00 0.00 0.00 0.00 0.00 0.00 0.00 0.00 0.00 0.00 0.00 0.00 0.00 0.00
0.53 0.56 0.58 0.61 0.67 0.69 0.75 0.85 0.97 1.10 1.25 1.42 1.84 2.39 2.53 2.55 2.62 2.75 2.85 3.13 3.22 3.32 3.39 3.51 4.01 4.51 4.78 5.03 6.20 7.76 7.91 8.01 4.76 2.92 2.37 1.37 1.68 2.28 2.48 2.47 2.47 2.50 2.67 3.52 1.92 2.41 2.45 2.43 2.67 2.88 2.95 3.69 4.41 4.29 3.33 0.00 0.00 0.00 0.00 0.00 0.00 0.00 0.00 0.00 0.00 0.00 0.00 0.00 0.00 0.00 0.00 0.00 0.00 0.00 0.00 0.00 0.00 0.00 0.00 0.00 0.00 0.00 0.00 0.00
0.51 0.53 0.56 0.59 0.62 0.70 0.77 0.90 1.06 1.22 1.38 1.53 2.00 2.43 2.51 2.56 2.63 2.73 2.80 2.93 3.06 3.19 3.30 3.45 4.09 4.72 4.98 5.34 7.31 7.86 8.04 8.10 4.67 2.69 1.98 1.36 1.63 2.05 2.36 2.41 2.39 2.56 2.95 3.03 2.13 2.40 2.44 2.44 2.59 2.84 2.79 2.97 4.34 4.18 3.24 0.00 0.00 0.00 0.00 0.00 0.00 0.00 0.00 0.00 0.00 0.00 0.00 0.00 0.00 0.00 0.00 0.00 0.00 0.00 0.00 0.00 0.00 0.00 0.00 0.00 0.00 0.00 0.00 0.00
0.49 0.52 0.55 0.57 0.64 0.73 0.83 1.04 1.22 1.37 1.49 1.64 2.16 2.46 2.52 2.57 2.65 2.70 2.80 2.90 2.97 3.06 3.18 3.33 3.99 4.79 5.03 6.51 7.55 7.76 8.03 8.09 4.62 2.40 1.77 1.18 1.59 1.66 2.16 2.31 2.38 2.62 3.24 1.60 2.14 2.36 2.46 2.48 2.47 2.61 2.76 2.96 4.37 4.54 3.59 1.82 0.00 0.09 0.00 0.00 0.00 0.00 0.00 0.00 0.00 0.00 0.00 0.00 0.00 0.00 0.00 0.00 0.00 0.00 0.00 0.00 0.00 0.00 0.00 0.00 0.00 0.00 0.00 0.00
0.48 0.50 0.53 0.56 0.66 0.81 0.98 1.15 1.29 1.41 1.54 1.70 2.21 2.47 2.53 2.58 2.66 2.71 2.81 2.90 2.95 3.01 3.17 3.30 3.80 4.57 5.31 7.07 7.35 7.60 7.77 7.73 4.22 2.23 1.86 1.22 1.60 1.55 1.85 2.17 2.31 2.85 3.57 1.45 1.97 2.24 2.36 2.46 3.35 3.53 3.51 3.85 4.61 4.45 3.83 3.56 2.68 2.56 2.02 0.22 0.00 0.00 0.00 0.00 0.00 0.00 0.00 0.00 0.00 0.00 0.00 0.00 0.00 0.00 0.00 0.00 0.00 0.00 0.00 0.00 0.00 0.00 0.00 0.00
0.46 0.49 0.52 0.60 0.69 0.91 1.08 1.22 1.33 1.45 1.59 1.76 2.05 2.47 2.55 2.60 2.68 2.79 2.84 2.93 2.97 3.03 3.20 3.43 3.82 4.44 6.21 6.91 7.08 7.34 7.57 5.50 3.05 2.30 1.65 0.81 1.24 1.49 1.90 2.19 2.37 3.03 3.77 1.98 2.15 2.17 2.21 2.53 3.82 4.73 4.73 4.74 4.64 3.90 3.73 3.61 3.27 2.59 2.37 1.60 0.35 0.00 0.00 0.00 0.00 0.00 0.00 0.00 0.00 0.00 0.00 0.00 0.00 0.00 0.00 0.00 0.00 0.00 0.00 0.00 0.00 0.00 0.00 0.00
0.45 0.48 0.51 0.62 0.74 1.00 1.14 1.25 1.36 1.50 1.64 1.82 2.07 2.46 2.56 2.63 2.76 2.82 2.87 2.93 2.99 3.09 3.28 3.60 4.02 5.42 6.37 6.68 6.89 7.07 7.24 4.39 2.55 1.99 1.22 0.61 0.93 1.51 2.05 2.48 2.68 3.01 3.64 1.66 3.91 3.03 2.32 2.55 3.57 4.73 4.73 4.74 4.63 3.80 3.62 3.62 3.48 2.58 1.32 0.52 0.34 0.04 0.00 0.00 0.00 0.00 0.00 0.00 0.00 0.00 0.00 0.00 0.00 0.00 0.00 0.00 0.00 0.00 0.00 0.00 0.00 0.00 0.00 0.00
