tsunami_inundation/3150.asc
ncols        89
nrows        96
xllcorner    425855.973699999973
yllcorner    5091051.504999999888
cellsize     55.000000000000
NODATA_value  -9999.00
[rows 0 to 36 of 96, columns 0 to 83 of 89]
-9999.00 -0.64 -0.63 -0.60 -0.58 -0.56 -0.51 -0.49 -0.46 -0.43 -0.40 -0.36 -0.33 -0.29 -0.24 -0.19 -0.14 -0.03 0.04 0.12 0.21 0.41 0.56 0.77 1.03 1.26 1.42 1.55 1.72 1.82 1.97 2.03 2.05 2.11 2.33 2.84 3.43 5.74 6.21 6.34 6.44 0.91 0.00 0.41 0.36 0.01 0.02 0.03 0.04 1.94 3.73 4.01 4.01 4.00 4.00 4.00 4.02 4.03 4.03 2.13 2.82 2.95 2.55 1.99 0.34 0.00 0.13 1.35 2.23 2.44 1.83 1.76 1.30 1.66 1.34 0.00 0.00 0.00 0.00 0.00 0.00 0.00 0.00 0.00
-9999.00 -0.65 -0.64 -0.61 -0.58 -0.55 -0.50 -0.48 -0.44 -0.41 -0.38 -0.34 -0.31 -0.28 -0.22 -0.17 -0.07 -0.01 0.06 0.14 0.24 0.43 0.60 0.82 1.07 1.28 1.43 1.57 1.86 1.95 2.02 2.06 2.08 2.16 2.37 2.84 3.34 5.24 6.12 6.19 6.31 1.06 0.02 0.12 0.38 0.25 0.07 0.07 2.26 3.69 4.03 4.02 4.01 4.01 4.00 4.00 4.01 4.02 4.02 2.18 2.83 3.00 2.83 2.00 0.17 0.02 0.13 1.66 2.38 2.51 1.99 1.34 1.35 1.55 1.41 0.00 0.00 0.00 0.00 0.00 0.00 0.00 0.00 0.00
-9999.00 -0.66 -0.63 -0.61 -0.59 -0.56 -0.52 -0.47 -0.44 -0.40 -0.36 -0.33 -0.29 -0.25 -0.20 -0.10 -0.05 0.01 0.08 0.16 0.26 0.47 0.63 0.86 1.11 1.31 1.47 1.63 1.77 2.02 2.09 2.14 2.21 2.34 2.48 2.68 3.35 4.39 5.79 6.06 6.28 0.00 0.00 0.01 0.16 0.35 0.43 1.96 3.53 4.04 4.03 4.02 4.01 4.00 4.00 4.00 4.00 4.00 3.79 2.50 2.72 3.11 2.97 1.91 0.92 0.01 0.31 1.73 2.15 2.62 2.21 0.95 1.01 1.34 0.00 0.00 0.00 0.00 0.00 0.00 0.00 0.00 0.00 0.00
-9999.00 -0.66 -0.63 -0.62 -0.59 -0.56 -0.52 -0.47 -0.44 -0.40 -0.35 -0.32 -0.28 -0.25 -0.19 -0.14 -0.03 0.03 0.10 0.18 0.29 0.50 0.67 0.90 1.14 1.35 1.58 1.75 2.02 2.11 2.18 2.23 2.28 2.40 2.50 2.67 3.34 3.99 5.56 6.06 6.44 4.10 0.01 0.02 0.02 0.11 0.51 2.89 3.96 4.04 4.02 4.01 4.00 4.00 3.99 3.99 4.00 4.00 3.88 2.95 2.79 3.10 2.89 1.78 0.92 0.51 1.24 2.09 2.48 2.73 2.37 1.17 1.16 1.05 0.00 0.00 0.00 0.00 0.00 0.00 0.00 0.00 0.00 0.00
-9999.00 -0.67 -0.64 -0.62 -0.60 -0.56 -0.52 -0.47 -0.44 -0.39 -0.35 -0.32 -0.28 -0.24 -0.19 -0.05 0.01 0.08 0.16 0.23 0.36 0.54 0.72 0.96 1.23 1.48 1.67 1.82 1.93 2.16 2.23 2.28 2.34 2.43 2.52 2.66 3.30 3.83 5.05 6.18 6.54 5.69 0.05 0.02 0.02 0.00 1.76 3.43 4.04 4.03 4.00 3.99 3.99 3.99 3.98 3.99 3.99 3.99 3.99 3.46 2.99 3.44 2.75 1.67 0.63 0.54 1.24 1.82 2.44 2.81 2.47 1.21 1.28 0.26 0.00 0.00 0.00 0.00 0.00 0.00 0.00 0.00 0.00 0.00
-9999.00 -0.68 -0.64 -0.63 -0.60 -0.56 -0.53 -0.48 -0.44 -0.40 -0.36 -0.32 -0.28 -0.24 -0.19 -0.04 0.02 0.09 0.17 0.27 0.38 0.51 0.74 1.01 1.45 1.65 1.78 1.86 2.11 2.20 2.27 2.32 2.38 2.45 2.54 2.65 3.24 3.81 4.41 6.15 6.53 5.73 0.15 0.03 0.02 0.00 2.15 3.79 4.03 4.01 3.98 3.96 3.96 3.96 3.97 3.98 3.98 3.98 3.98 3.97 3.96 3.86 3.48 2.54 0.52 0.51 1.36 1.93 2.53 2.90 2.55 1.24 1.24 0.00 0.00 0.00 0.00 0.00 0.00 0.00 0.00 0.00 0.00 0.00
-9999.00 -0.66 -0.65 -0.63 -0.60 -0.57 -0.54 -0.50 -0.45 -0.40 -0.36 -0.32 -0.28 -0.24 -0.18 -0.03 0.04 0.11 0.19 0.28 0.39 0.52 0.80 1.20 1.55 1.71 1.83 1.90 2.11 2.23 2.30 2.35 2.41 2.47 2.56 2.66 3.18 3.78 4.14 5.36 6.52 2.15 0.13 0.03 0.04 0.00 1.50 3.29 3.96 3.95 3.95 3.94 3.94 3.94 3.95 3.96 3.97 3.98 3.97 3.96 3.95 3.94 3.75 3.40 2.08 0.71 1.46 2.00 2.51 2.96 2.66 1.43 1.24 0.00 0.00 0.00 0.00 0.00 0.00 0.00 0.00 0.00 0.00 0.00
-9999.00 -0.67 -0.65 -0.63 -0.61 -0.57 -0.54 -0.51 -0.45 -0.41 -0.37 -0.33 -0.28 -0.23 -0.17 -0.02 0.04 0.12 0.20 0.29 0.40 0.52 0.86 1.32 1.61 1.75 1.87 1.99 2.19 2.31 2.41 2.46 2.51 2.57 2.59 2.71 2.98 3.65 4.01 4.28 5.83 6.31 0.27 0.02 0.02 0.17 1.58 3.12 3.87 3.90 3.91 3.91 3.91 3.92 3.94 3.95 3.96 3.96 2.68 2.99 3.95 3.92 3.91 3.90 3.88 2.76 1.51 2.07 2.55 3.00 2.84 1.99 1.87 0.00 0.00 0.00 0.00 0.00 0.00 0.00 0.00 0.00 0.00 0.00
-9999.00 -0.67 -0.65 -0.63 -0.61 -0.58 -0.54 -0.51 -0.45 -0.41 -0.37 -0.33 -0.28 -0.23 -0.17 -0.01 0.05 0.12 0.21 0.30 0.40 0.53 0.95 1.43 1.68 1.81 1.94 2.17 2.26 2.39 2.46 2.52 2.58 2.65 2.78 2.85 3.18 3.58 3.88 4.14 4.83 3.63 0.64 0.00 0.00 0.63 2.00 3.23 3.78 3.83 3.86 3.89 3.89 3.90 3.92 3.94 3.95 3.95 1.71 1.53 2.51 3.93 3.93 3.90 3.88 3.89 1.80 2.13 2.42 3.02 3.09 2.64 2.38 0.00 0.00 0.00 0.00 0.00 0.00 0.00 0.00 0.00 0.00 0.00
-9999.00 -0.69 -0.66 -0.64 -0.61 -0.58 -0.54 -0.51 -0.45 -0.41 -0.37 -0.33 -0.28 -0.22 -0.16 -0.01 0.05 0.13 0.22 0.31 0.41 0.56 0.85 1.53 1.72 1.85 1.99 2.11 2.31 2.44 2.52 2.59 2.65 2.75 2.90 3.06 3.25 3.57 3.83 4.14 4.42 4.28 0.77 0.00 0.33 1.37 2.85 3.63 3.73 3.78 3.82 3.85 3.87 3.89 3.92 3.93 3.94 2.59 1.20 1.58 1.97 2.47 2.19 2.28 3.79 3.88 2.13 2.00 2.58 3.08 2.95 2.55 2.30 0.00 0.00 0.00 0.00 0.00 0.00 0.00 0.00 0.00 0.00 0.00
-9999.00 -0.69 -0.66 -0.64 -0.61 -0.57 -0.54 -0.51 -0.45 -0.41 -0.36 -0.32 -0.27 -0.21 -0.16 -0.01 0.06 0.14 0.22 0.31 0.42 0.59 0.92 1.58 1.75 1.90 2.04 2.16 2.36 2.45 2.58 2.66 2.75 2.87 3.01 3.16 3.30 3.55 3.75 4.07 4.38 4.40 2.67 1.56 1.20 2.64 3.55 3.62 3.72 3.77 3.80 3.83 3.86 3.88 3.91 3.92 3.01 1.38 1.43 1.93 1.99 2.03 1.90 1.86 3.37 3.84 2.62 2.13 2.65 3.12 3.09 2.53 2.55 0.91 0.00 0.00 0.00 0.00 0.00 0.00 0.00 0.00 0.00 0.00
-9999.00 -0.70 -0.66 -0.63 -0.60 -0.57 -0.54 -0.50 -0.46 -0.40 -0.36 -0.32 -0.26 -0.21 -0.10 -0.01 0.06 0.14 0.23 0.32 0.44 0.62 0.99 1.61 1.79 1.95 2.09 2.31 2.41 2.50 2.64 2.74 2.85 2.98 3.12 3.25 3.35 3.43 3.63 3.93 4.23 3.88 2.69 2.93 3.25 3.46 3.58 3.69 3.78 3.85 3.88 3.88 3.89 3.90 3.91 3.92 2.49 1.02 1.06 1.95 2.03 2.19 2.05 2.03 3.07 3.81 2.95 2.46 2.87 3.16 2.98 2.42 2.61 2.20 0.87 0.00 0.00 0.00 0.00 0.00 0.00 0.00 0.00 0.00
-0.69 -0.67 -0.65 -0.62 -0.59 -0.56 -0.53 -0.49 -0.45 -0.40 -0.36 -0.31 -0.26 -0.15 -0.09 0.00 0.07 0.15 0.24 0.33 0.46 0.66 1.06 1.64 1.83 1.99 2.13 2.35 2.45 2.55 2.71 2.82 2.95 3.09 3.22 3.35 3.38 3.39 3.48 3.67 4.25 3.18 2.68 2.98 3.34 3.51 3.60 3.67 3.76 3.84 3.88 3.90 3.90 3.90 3.92 3.86 1.59 0.92 1.16 1.86 1.94 1.95 1.89 1.89 2.71 3.77 2.09 2.27 2.72 3.19 3.04 2.28 2.37 2.14 2.35 1.16 0.00 0.00 0.00 0.00 0.00 0.00 0.00 0.00
-0.68 -0.67 -0.64 -0.61 -0.58 -0.55 -0.52 -0.49 -0.45 -0.39 -0.35 -0.30 -0.25 -0.20 -0.08 -0.02 0.09 0.17 0.25 0.34 0.47 0.71 1.13 1.66 1.86 2.02 2.16 2.38 2.51 2.62 2.79 2.92 3.06 3.21 3.32 3.40 3.40 3.40 3.45 3.87 4.05 2.55 2.65 2.99 3.32 3.51 3.60 3.66 3.75 3.84 3.89 3.91 3.92 3.92 3.92 2.84 1.27 0.85 1.70 1.87 1.90 1.82 1.77 1.92 2.54 3.73 1.98 1.76 2.40 3.42 2.92 2.28 2.18 2.12 2.37 2.24 1.93 1.23 0.00 0.00 0.00 0.00 0.00 0.00
-0.67 -0.65 -0.63 -0.60 -0.57 -0.55 -0.52 -0.48 -0.44 -0.38 -0.34 -0.29 -0.24 -0.13 -0.07 -0.01 0.10 0.18 0.26 0.35 0.49 0.77 1.22 1.53 1.89 2.06 2.19 2.43 2.54 2.66 2.84 2.98 3.13 3.26 3.36 3.41 3.44 3.45 3.47 3.75 3.72 1.98 2.57 3.00 3.24 3.46 3.60 3.67 3.73 3.83 3.89 3.91 3.93 3.93 3.93 2.17 0.93 1.00 1.72 1.77 1.75 1.77 2.08 1.78 2.42 3.63 1.71 2.12 2.49 3.42 2.72 2.16 2.10 1.99 2.14 1.97 1.61 1.25 0.97 0.00 0.00 0.00 0.00 0.00
-0.66 -0.65 -0.62 -0.59 -0.56 -0.54 -0.51 -0.47 -0.43 -0.37 -0.33 -0.28 -0.22 -0.12 -0.06 0.01 0.12 0.20 0.27 0.37 0.53 0.88 1.28 1.54 1.89 2.06 2.20 2.45 2.57 2.69 2.81 3.02 3.17 3.29 3.38 3.44 3.48 3.51 3.56 3.67 2.54 1.68 2.39 2.94 3.19 3.38 3.51 3.66 3.70 3.80 3.87 3.91 3.93 3.94 3.83 2.19 0.16 1.13 1.70 1.73 1.62 1.75 1.72 1.56 2.52 1.81 1.95 2.71 3.44 3.42 3.01 2.08 1.93 1.89 2.01 1.94 1.44 1.00 1.07 0.00 0.00 0.00 0.00 0.00
-0.64 -0.64 -0.61 -0.58 -0.55 -0.53 -0.50 -0.46 -0.41 -0.36 -0.30 -0.25 -0.20 -0.10 -0.04 0.03 0.14 0.21 0.28 0.39 0.57 0.95 1.34 1.55 1.88 2.05 2.20 2.45 2.57 2.69 2.82 3.04 3.17 3.29 3.38 3.46 3.53 3.59 3.65 3.79 1.38 1.71 2.27 2.82 3.10 3.23 3.31 3.54 3.66 3.76 3.84 3.89 3.92 3.94 3.31 2.13 0.34 1.53 1.90 1.84 2.04 1.84 1.84 1.68 2.83 1.78 1.90 2.54 3.47 3.47 3.44 2.16 2.01 1.78 2.05 1.93 1.43 0.97 0.66 0.00 0.00 0.00 0.00 0.00
-0.63 -0.62 -0.59 -0.56 -0.54 -0.51 -0.47 -0.43 -0.39 -0.35 -0.28 -0.23 -0.18 -0.13 -0.02 0.04 0.15 0.22 0.30 0.41 0.60 1.02 1.38 1.57 1.87 2.03 2.32 2.43 2.55 2.67 2.81 3.04 3.17 3.28 3.38 3.47 3.56 3.68 3.80 3.97 1.42 1.76 2.05 2.45 2.75 2.86 3.11 3.38 3.63 3.74 3.82 3.89 3.94 3.94 2.95 1.73 0.61 1.67 1.82 1.99 2.06 1.70 1.73 1.83 3.47 2.40 2.07 2.69 3.49 3.49 3.39 2.05 2.63 1.97 2.48 2.22 1.78 1.02 0.43 0.00 0.00 0.00 0.00 0.00
-0.60 -0.61 -0.58 -0.55 -0.52 -0.49 -0.45 -0.41 -0.37 -0.33 -0.26 -0.22 -0.17 -0.07 -0.01 0.05 0.12 0.24 0.31 0.43 0.64 1.08 1.42 1.58 1.86 2.00 2.15 2.39 2.50 2.63 2.79 3.02 3.14 3.23 3.34 3.46 3.60 3.76 3.91 1.86 1.46 1.74 1.96 2.27 2.38 2.35 2.40 3.21 3.65 3.76 3.82 3.88 3.91 3.94 3.35 1.33 0.57 1.47 1.40 1.97 1.78 1.71 2.03 2.94 3.56 1.74 2.40 3.06 3.51 3.51 3.47 2.42 2.82 1.93 2.41 1.91 1.58 1.23 0.61 0.00 0.00 0.00 0.00 0.00
-0.58 -0.57 -0.56 -0.52 -0.49 -0.46 -0.43 -0.39 -0.35 -0.31 -0.25 -0.20 -0.16 -0.06 -0.00 0.06 0.14 0.25 0.33 0.45 0.67 1.13 1.45 1.59 1.77 2.11 2.19 2.28 2.39 2.55 2.72 2.92 3.04 3.17 3.28 3.43 3.59 3.75 3.92 4.05 1.51 1.72 1.90 2.03 2.11 1.89 0.01 2.10 3.58 3.79 3.83 3.86 3.92 3.94 3.94 0.88 0.67 1.37 1.27 1.66 1.69 3.34 3.55 3.55 2.02 1.38 2.17 2.79 3.53 3.53 3.52 3.42 2.80 2.05 2.46 1.96 1.85 1.55 0.00 0.00 0.00 0.00 0.00 0.00
-0.57 -0.56 -0.54 -0.51 -0.48 -0.45 -0.42 -0.38 -0.35 -0.31 -0.26 -0.20 -0.15 -0.05 0.01 0.08 0.15 0.26 0.34 0.47 0.70 1.16 1.46 1.60 1.76 1.94 2.12 2.20 2.32 2.48 2.67 2.80 2.99 3.12 3.27 3.42 3.56 3.71 3.90 1.77 1.68 1.78 1.88 2.00 0.98 0.04 0.03 2.11 3.16 3.76 3.82 3.84 3.92 3.94 3.94 0.39 0.64 1.23 1.21 1.52 1.78 3.54 3.56 3.56 1.70 2.15 2.15 2.99 3.54 3.54 3.54 3.53 2.88 1.66 2.41 2.21 2.04 1.29 0.00 0.00 0.00 0.00 0.00 0.00
-0.56 -0.55 -0.53 -0.50 -0.47 -0.45 -0.42 -0.39 -0.35 -0.31 -0.27 -0.20 -0.10 -0.04 0.02 0.09 0.17 0.28 0.36 0.47 0.69 1.14 1.45 1.58 1.74 2.00 2.07 2.14 2.27 2.46 2.66 2.81 3.04 3.19 3.34 3.46 3.58 3.71 3.97 1.78 1.76 1.82 1.92 2.00 0.37 0.18 0.01 1.78 2.38 2.70 3.20 3.89 3.92 3.96 3.20 0.00 0.04 0.57 1.01 1.62 1.75 3.25 3.56 3.57 2.34 2.11 2.14 2.87 3.55 3.55 3.56 3.52 2.89 1.68 2.42 2.33 1.57 0.00 0.00 0.00 0.00 0.00 0.00 0.00
-0.56 -0.54 -0.53 -0.50 -0.48 -0.45 -0.42 -0.39 -0.36 -0.32 -0.27 -0.21 -0.16 -0.04 0.03 0.10 0.17 0.24 0.36 0.47 0.68 1.10 1.42 1.56 1.71 1.97 2.04 2.13 2.28 2.51 2.79 2.99 3.21 3.34 3.45 3.55 3.65 3.76 3.90 1.70 1.69 1.81 1.81 1.75 0.01 0.03 0.13 1.86 1.85 1.76 2.22 3.91 3.94 3.96 2.34 0.00 0.05 0.02 0.92 1.62 1.72 3.38 3.57 3.59 2.09 2.30 2.31 2.35 3.56 3.56 3.56 3.44 3.13 1.94 2.48 1.34 0.00 0.00 0.00 0.00 0.00 0.00 0.00 0.00
-0.56 -0.55 -0.54 -0.51 -0.49 -0.46 -0.43 -0.40 -0.36 -0.32 -0.28 -0.21 -0.10 -0.04 0.02 0.09 0.16 0.23 0.34 0.46 0.60 1.04 1.37 1.53 1.69 1.96 2.05 2.19 2.39 2.71 3.02 3.14 3.26 3.36 3.46 3.55 3.68 3.79 3.81 1.58 1.59 1.68 1.78 0.04 0.00 0.00 0.75 1.94 1.94 1.85 2.42 3.68 3.96 3.98 1.58 0.00 0.04 0.10 1.18 1.61 2.08 3.58 3.59 2.49 1.72 2.53 2.43 2.50 3.57 3.57 3.57 3.44 3.17 2.11 1.20 0.00 0.00 0.00 0.00 0.00 0.00 0.00 0.00 0.00
-0.57 -0.56 -0.55 -0.53 -0.49 -0.46 -0.43 -0.40 -0.37 -0.33 -0.29 -0.22 -0.11 -0.05 0.01 0.08 0.15 0.22 0.32 0.40 0.55 0.87 1.23 1.46 1.63 1.81 2.30 2.31 2.54 2.87 3.05 3.09 3.20 3.29 3.34 3.41 3.54 3.62 3.55 2.15 1.52 1.61 1.76 0.06 0.02 0.54 1.70 1.92 1.92 1.89 2.58 3.98 3.98 3.99 0.75 0.00 0.00 0.60 1.52 1.73 2.85 3.60 2.89 1.70 1.68 2.43 2.22 2.63 3.59 3.59 3.34 3.58 2.46 2.16 0.00 0.00 0.00 0.00 0.00 0.00 0.00 0.00 0.00 0.00
-0.58 -0.57 -0.55 -0.54 -0.50 -0.46 -0.43 -0.40 -0.37 -0.33 -0.29 -0.25 -0.12 -0.06 0.00 0.06 0.13 0.20 0.29 0.37 0.49 0.74 1.10 1.38 1.84 2.19 2.34 2.44 2.67 2.82 2.96 3.05 3.13 3.24 3.26 3.31 3.40 3.45 3.41 2.91 1.49 1.53 1.51 0.04 0.13 1.23 1.78 2.01 2.02 1.87 2.59 3.99 4.00 4.00 0.20 0.10 0.06 1.18 1.58 1.83 3.03 3.62 2.95 1.80 2.02 2.42 2.02 2.69 3.60 3.60 3.34 3.59 2.67 2.41 0.00 0.00 0.00 0.00 0.00 0.00 0.00 0.00 0.00 0.00
-0.58 -0.57 -0.56 -0.54 -0.49 -0.46 -0.43 -0.40 -0.37 -0.33 -0.29 -0.25 -0.14 -0.09 -0.03 0.04 0.10 0.17 0.27 0.35 0.47 0.67 1.01 1.32 1.58 2.24 2.36 2.51 2.69 2.83 2.91 2.98 3.09 3.13 3.06 3.10 3.29 3.33 3.35 3.05 1.52 1.47 1.06 0.00 0.46 1.65 1.72 2.01 2.02 1.94 2.78 4.01 4.01 2.77 0.00 0.03 0.14 1.22 1.44 1.65 3.57 3.66 3.09 1.76 1.99 2.16 2.15 2.93 3.61 3.60 3.59 3.59 2.92 2.45 1.76 0.00 0.00 0.00 0.00 0.00 0.00 0.00 0.00 0.00
-0.59 -0.57 -0.56 -0.54 -0.49 -0.46 -0.43 -0.40 -0.37 -0.34 -0.30 -0.21 -0.16 -0.10 -0.05 0.02 0.08 0.15 0.22 0.33 0.44 0.61 0.91 1.26 1.95 2.27 2.38 2.55 2.74 2.86 2.93 3.01 3.08 3.05 2.91 2.98 3.16 3.26 3.48 3.15 1.60 1.44 0.32 0.00 0.69 1.79 1.77 2.01 2.05 2.61 4.08 4.07 3.50 0.24 0.16 0.14 0.15 0.97 1.43 2.12 3.68 3.68 2.84 1.74 1.95 1.70 1.90 2.70 3.46 3.48 3.20 3.59 3.59 1.46 0.09 0.00 0.00 0.00 0.00 0.00 0.00 0.00 0.00 0.00
-0.55 -0.56 -0.56 -0.54 -0.49 -0.46 -0.44 -0.41 -0.38 -0.35 -0.32 -0.22 -0.17 -0.12 -0.06 -0.00 0.06 0.13 0.20 0.32 0.42 0.57 0.83 1.20 1.57 2.23 2.42 2.59 2.77 2.92 3.00 3.07 3.09 2.97 2.82 2.95 3.13 3.22 3.53 3.06 1.69 0.93 0.03 0.09 1.62 1.87 1.78 1.99 2.10 3.01 4.13 4.10 1.56 0.01 0.15 0.10 0.27 1.06 1.55 2.72 3.70 3.70 2.57 1.64 2.19 1.89 2.22 2.94 2.75 2.42 2.52 3.58 3.08 0.00 0.00 0.00 0.00 0.00 0.00 0.00 0.00 0.00 0.00 0.00
-0.23 -0.44 -0.51 -0.52 -0.51 -0.47 -0.45 -0.42 -0.39 -0.36 -0.33 -0.24 -0.18 -0.13 -0.08 -0.02 0.04 0.11 0.19 0.31 0.41 0.56 0.77 1.13 1.57 2.27 2.46 2.62 2.80 2.96 3.05 3.08 3.04 3.01 2.83 3.00 3.14 3.66 3.61 2.90 0.86 0.07 0.00 0.55 1.63 1.88 1.73 1.88 2.14 3.44 4.15 3.60 0.63 0.12 0.13 0.00 0.55 1.25 1.75 3.19 3.71 3.72 2.65 1.75 2.38 1.92 2.48 3.22 2.96 2.09 1.91 2.31 1.94 0.00 0.00 0.00 0.00 0.00 0.00 0.00 0.00 0.00 0.00 0.00
1.30 0.65 0.04 -0.31 -0.44 -0.47 -0.45 -0.43 -0.40 -0.38 -0.31 -0.27 -0.20 -0.15 -0.09 -0.04 0.03 0.10 0.18 0.32 0.42 0.56 0.75 1.07 2.05 2.29 2.46 2.60 2.77 2.93 3.01 3.02 3.00 2.98 2.82 3.00 3.22 3.81 3.59 2.96 0.01 0.08 0.00 0.81 1.57 1.89 1.75 1.91 2.82 4.23 4.18 1.06 0.52 0.09 0.14 0.02 0.81 1.32 1.82 3.37 3.73 3.74 2.93 2.21 1.71 1.97 2.70 3.48 1.99 0.00 0.00 0.00 0.00 0.00 0.00 0.00 0.00 0.00 0.00 0.00 0.00 0.00 0.00 0.00
1.59 1.57 1.48 1.05 0.33 -0.30 -0.41 -0.42 -0.41 -0.39 -0.33 -0.28 -0.21 -0.16 -0.11 -0.04 0.03 0.11 0.20 0.35 0.46 0.60 0.77 1.06 2.00 2.25 2.42 2.54 2.71 2.88 2.95 2.93 2.93 2.90 2.79 2.98 3.31 3.79 3.36 3.23 1.12 0.09 0.00 0.62 1.64 1.95 1.84 1.94 3.05 4.26 2.02 0.98 0.64 0.26 0.16 0.62 1.06 1.51 1.73 3.68 3.76 3.67 2.90 2.16 1.89 2.14 2.56 3.37 0.00 0.00 0.00 0.00 0.00 0.00 0.00 0.00 0.00 0.00 0.00 0.00 0.00 0.00 0.00 0.00
1.52 1.53 1.56 1.57 1.55 0.98 0.25 -0.21 -0.35 -0.38 -0.34 -0.30 -0.23 -0.17 -0.11 -0.04 0.04 0.13 0.22 0.32 0.49 0.63 0.81 1.47 1.86 2.16 2.38 2.47 2.61 2.79 2.87 2.88 2.89 2.90 2.79 3.01 3.47 3.83 3.35 3.87 0.97 0.00 0.00 0.61 1.75 1.99 1.97 2.03 2.43 4.32 1.31 1.02 0.61 0.27 0.22 0.59 1.30 1.57 1.92 2.66 3.80 3.63 2.92 2.08 1.82 2.03 2.30 2.06 0.00 0.00 0.00 0.00 0.00 0.00 0.00 0.00 0.00 0.00 0.00 0.00 0.00 0.00 0.00 0.00
1.49 1.49 1.50 1.49 1.50 1.53 1.53 1.50 1.24 0.56 -0.02 -0.28 -0.22 -0.17 -0.10 -0.02 0.07 0.16 0.25 0.35 0.52 0.67 0.85 1.44 1.72 1.99 2.24 2.36 2.46 2.67 2.84 2.88 2.94 2.98 2.84 3.15 3.67 3.86 4.16 2.14 0.38 0.00 0.25 1.05 1.93 2.09 2.06 2.09 2.47 4.35 1.21 1.00 0.39 0.25 0.22 0.10 1.15 1.61 1.12 2.57 3.83 3.10 2.68 1.85 2.01 1.94 1.83 0.00 0.00 0.00 0.00 0.00 0.00 0.00 0.00 0.00 0.00 0.00 0.00 0.00 0.00 0.00 0.00 0.00
1.44 1.44 1.44 1.44 1.44 1.44 1.46 1.49 1.49 1.47 1.33 0.14 -0.15 -0.14 -0.08 -0.00 0.08 0.17 0.26 0.36 0.55 0.70 0.89 1.44 1.64 1.81 2.02 2.22 2.30 2.51 2.85 3.01 3.06 3.13 3.02 3.36 3.61 4.09 3.26 0.37 0.30 0.09 0.38 1.25 2.07 2.18 2.14 2.19 2.62 4.38 1.20 0.98 0.35 0.29 0.20 0.04 1.23 1.34 0.96 3.15 3.86 2.97 1.82 1.83 1.74 1.08 0.00 0.00 0.00 0.00 0.00 0.00 0.00 0.00 0.00 0.00 0.00 0.00 0.00 0.00 0.00 0.00 0.00 0.00
1.39 1.36 1.36 1.38 1.39 1.40 1.41 1.43 1.45 1.47 1.50 1.43 0.93 0.10 -0.01 0.02 0.09 0.18 0.27 0.38 0.58 0.74 0.93 1.18 1.57 1.69 1.74 1.93 2.06 2.21 2.76 3.24 3.20 3.17 3.10 3.44 3.67 4.05 4.24 0.97 0.01 0.17 0.46 1.71 2.22 2.33 2.26 2.35 3.03 4.40 1.22 1.04 0.33 0.31 0.22 0.26 0.91 0.86 1.32 3.46 3.90 2.64 1.71 2.15 2.72 0.00 0.00 0.00 0.00 0.00 0.00 0.00 0.00 0.00 0.00 0.00 0.00 0.00 0.00 0.00 0.00 0.00 0.00 0.00
1.35 1.32 1.31 1.31 1.33 1.35 1.40 1.42 1.43 1.44 1.51 1.55 1.58 1.36 0.66 0.21 0.14 0.18 0.28 0.40 0.62 0.78 0.94 1.16 1.48 1.59 1.68 1.82 1.93 2.02 2.38 3.15 3.19 3.17 3.07 3.52 3.86 3.81 3.75 3.61 0.09 0.15 0.57 1.99 2.35 2.78 2.54 2.36 3.53 4.43 1.24 1.16 0.39 0.34 0.25 0.56 0.83 1.47 1.90 3.65 3.95 2.77 1.76 2.45 2.11 0.00 0.00 0.00 0.00 0.00 0.00 0.00 0.00 0.00 0.00 0.00 0.00 0.00 0.00 0.00 0.00 0.00 0.00 0.00
