tsunami_inundation/3180.asc
ncols        89
nrows        96
xllcorner    425855.973699999973
yllcorner    5091051.504999999888
cellsize     55.000000000000
NODATA_value  -9999.00
[rows 0 to 36 of 96, columns 0 to 83 of 89]
-9999.00 -0.71 -0.79 -0.93 -0.97 -0.99 -0.99 -0.98 -0.97 -0.94 -0.91 -0.88 -0.84 -0.79 -0.69 -0.62 -0.54 -0.27 -0.08 0.15 0.33 0.58 0.75 0.90 1.01 1.11 1.21 1.33 1.53 1.65 1.97 2.30 4.40 5.07 5.17 5.35 5.43 5.46 5.46 5.47 5.41 0.07 0.00 0.40 0.34 0.01 0.02 0.03 0.04 1.86 3.64 3.93 3.92 3.91 3.91 3.91 3.92 3.92 3.92 2.03 2.72 2.85 2.45 1.90 0.26 0.00 0.11 1.33 2.22 2.43 1.84 1.78 1.33 1.69 1.38 0.00 0.00 0.00 0.00 0.00 0.00 0.00 0.00 0.00
-9999.00 -0.69 -0.78 -0.92 -0.96 -0.99 -0.99 -0.98 -0.96 -0.94 -0.91 -0.88 -0.83 -0.78 -0.68 -0.61 -0.40 -0.25 -0.05 0.18 0.38 0.66 0.83 0.94 1.04 1.14 1.25 1.37 1.68 1.82 1.97 2.17 3.73 5.02 5.18 5.42 5.49 5.51 5.53 5.59 5.59 0.27 0.02 0.11 0.37 0.24 0.07 0.03 2.16 3.60 3.94 3.93 3.93 3.92 3.91 3.91 3.92 3.92 3.92 2.09 2.73 2.91 2.74 1.90 0.11 0.02 0.11 1.64 2.37 2.50 1.98 1.35 1.37 1.57 1.45 0.00 0.00 0.00 0.00 0.00 0.00 0.00 0.00 0.00
-9999.00 -0.68 -0.85 -0.91 -0.96 -0.98 -0.99 -0.98 -0.96 -0.93 -0.90 -0.87 -0.81 -0.75 -0.67 -0.50 -0.38 -0.22 -0.02 0.22 0.45 0.74 0.86 0.96 1.07 1.18 1.28 1.40 1.52 1.83 1.96 2.10 2.66 4.90 5.25 5.44 5.53 5.58 5.64 5.69 5.71 0.00 0.00 0.01 0.15 0.34 0.37 1.85 3.43 3.95 3.94 3.93 3.93 3.92 3.91 3.91 3.91 3.91 3.70 2.41 2.63 3.01 2.88 1.82 0.82 0.01 0.28 1.70 2.13 2.59 2.19 0.94 1.01 1.35 0.00 0.00 0.00 0.00 0.00 0.00 0.00 0.00 0.00 0.00
-9999.00 -0.67 -0.84 -0.91 -0.96 -0.98 -0.98 -0.97 -0.95 -0.92 -0.89 -0.85 -0.80 -0.74 -0.66 -0.59 -0.36 -0.20 0.02 0.29 0.54 0.78 0.89 0.99 1.10 1.20 1.33 1.44 1.74 1.85 1.96 2.07 2.34 4.47 5.28 5.46 5.58 5.66 5.73 5.78 5.83 3.36 0.00 0.02 0.02 0.11 0.42 2.78 3.85 3.94 3.93 3.93 3.92 3.92 3.91 3.91 3.91 3.90 3.79 2.86 2.70 3.01 2.80 1.69 0.82 0.47 1.20 2.06 2.45 2.70 2.34 1.14 1.14 1.04 0.00 0.00 0.00 0.00 0.00 0.00 0.00 0.00 0.00 0.00
-9999.00 -0.66 -0.84 -0.90 -0.95 -0.97 -0.98 -0.96 -0.94 -0.91 -0.88 -0.84 -0.79 -0.73 -0.67 -0.45 -0.33 -0.13 0.22 0.45 0.67 0.82 0.93 1.04 1.14 1.24 1.36 1.47 1.59 1.87 1.97 2.08 2.27 3.58 5.28 5.47 5.64 5.73 5.78 5.84 5.92 4.96 0.14 0.02 0.02 0.01 1.64 3.33 3.93 3.93 3.92 3.91 3.91 3.91 3.90 3.90 3.90 3.90 3.90 3.37 2.91 3.36 2.66 1.59 0.55 0.49 1.20 1.78 2.40 2.77 2.43 1.17 1.25 0.23 0.00 0.00 0.00 0.00 0.00 0.00 0.00 0.00 0.00 0.00
-9999.00 -0.65 -0.83 -0.90 -0.95 -0.97 -0.97 -0.94 -0.92 -0.89 -0.86 -0.82 -0.77 -0.71 -0.65 -0.44 -0.31 -0.06 0.34 0.57 0.69 0.81 0.96 1.07 1.20 1.32 1.43 1.51 1.79 1.90 2.00 2.11 2.30 2.93 5.10 5.48 5.67 5.76 5.83 5.89 5.99 5.03 0.36 0.03 0.02 0.01 2.04 3.68 3.93 3.91 3.90 3.89 3.89 3.89 3.89 3.90 3.90 3.90 3.89 3.88 3.88 3.78 3.40 2.46 0.45 0.46 1.31 1.89 2.49 2.86 2.51 1.20 1.20 0.00 0.00 0.00 0.00 0.00 0.00 0.00 0.00 0.00 0.00 0.00
-9999.00 -0.74 -0.82 -0.89 -0.94 -0.96 -0.96 -0.94 -0.91 -0.88 -0.85 -0.81 -0.75 -0.70 -0.64 -0.42 -0.28 0.03 0.43 0.61 0.71 0.84 1.02 1.13 1.24 1.35 1.46 1.54 1.77 1.93 2.04 2.16 2.37 2.77 4.32 5.41 5.67 5.77 5.85 5.92 6.01 1.55 0.64 0.04 0.04 0.00 1.42 3.20 3.87 3.87 3.87 3.87 3.87 3.88 3.88 3.89 3.89 3.89 3.89 3.88 3.87 3.86 3.67 3.33 2.01 0.65 1.42 1.95 2.47 2.92 2.62 1.38 1.20 0.00 0.00 0.00 0.00 0.00 0.00 0.00 0.00 0.00 0.00 0.00
-9999.00 -0.73 -0.82 -0.89 -0.93 -0.95 -0.95 -0.93 -0.89 -0.87 -0.84 -0.79 -0.74 -0.68 -0.62 -0.40 -0.24 0.13 0.50 0.64 0.74 0.88 1.05 1.15 1.26 1.37 1.48 1.60 1.84 2.02 2.19 2.33 2.51 2.76 3.50 5.13 5.54 5.70 5.82 5.91 5.98 6.02 1.22 0.04 0.02 0.11 1.50 3.05 3.80 3.83 3.84 3.85 3.85 3.86 3.87 3.88 3.88 3.88 2.60 2.91 3.87 3.85 3.83 3.82 3.81 2.69 1.46 2.02 2.51 2.95 2.79 1.95 1.83 0.00 0.00 0.00 0.00 0.00 0.00 0.00 0.00 0.00 0.00 0.00
-9999.00 -0.73 -0.81 -0.88 -0.92 -0.94 -0.94 -0.92 -0.88 -0.86 -0.82 -0.78 -0.72 -0.67 -0.60 -0.38 -0.18 0.24 0.54 0.67 0.78 0.91 1.07 1.18 1.29 1.40 1.52 1.76 1.88 2.09 2.23 2.37 2.53 2.73 3.04 3.80 4.39 5.54 5.60 5.74 5.89 3.79 1.90 1.06 0.00 0.58 1.93 3.17 3.72 3.77 3.80 3.83 3.83 3.84 3.85 3.87 3.87 3.87 1.63 1.45 2.44 3.85 3.85 3.83 3.81 3.82 1.74 2.09 2.38 2.98 3.05 2.60 2.35 0.00 0.00 0.00 0.00 0.00 0.00 0.00 0.00 0.00 0.00 0.00
-9999.00 -0.62 -0.80 -0.87 -0.91 -0.93 -0.92 -0.91 -0.87 -0.84 -0.81 -0.76 -0.71 -0.65 -0.59 -0.36 -0.11 0.37 0.60 0.71 0.84 0.96 1.06 1.20 1.31 1.42 1.53 1.65 1.90 2.11 2.25 2.39 2.54 2.72 2.95 3.26 3.62 5.32 5.54 5.64 5.73 4.66 2.45 1.51 0.31 1.32 2.79 3.58 3.67 3.73 3.76 3.80 3.81 3.83 3.85 3.86 3.86 2.51 1.12 1.51 1.90 2.39 2.12 2.21 3.72 3.81 2.08 1.96 2.55 3.04 2.92 2.52 2.27 0.00 0.00 0.00 0.00 0.00 0.00 0.00 0.00 0.00 0.00 0.00
-9999.00 -0.56 -0.80 -0.86 -0.90 -0.91 -0.91 -0.89 -0.86 -0.83 -0.79 -0.74 -0.69 -0.63 -0.57 -0.31 0.00 0.44 0.63 0.75 0.87 0.98 1.08 1.22 1.32 1.43 1.54 1.66 1.91 2.05 2.27 2.41 2.55 2.71 2.90 3.15 3.47 4.14 5.28 5.56 5.58 5.38 5.24 4.01 1.73 2.60 3.48 3.57 3.66 3.72 3.75 3.77 3.80 3.81 3.84 3.84 2.93 1.30 1.36 1.85 1.92 1.95 1.83 1.79 3.31 3.77 2.56 2.09 2.62 3.09 3.07 2.51 2.53 0.89 0.00 0.00 0.00 0.00 0.00 0.00 0.00 0.00 0.00 0.00
-9999.00 -0.55 -0.79 -0.85 -0.89 -0.90 -0.89 -0.88 -0.86 -0.81 -0.77 -0.73 -0.68 -0.62 -0.48 -0.27 0.08 0.49 0.66 0.78 0.89 1.00 1.09 1.23 1.33 1.43 1.54 1.78 1.92 2.06 2.28 2.43 2.57 2.72 2.88 3.08 3.36 3.71 4.14 4.97 5.39 5.17 5.13 4.98 4.48 3.48 3.50 3.62 3.70 3.76 3.79 3.80 3.81 3.83 3.83 3.84 2.41 0.95 0.98 1.88 1.96 2.12 1.98 1.96 3.00 3.74 2.91 2.44 2.85 3.15 2.98 2.41 2.60 2.19 0.88 0.00 0.00 0.00 0.00 0.00 0.00 0.00 0.00 0.00
-0.54 -0.70 -0.78 -0.84 -0.88 -0.89 -0.88 -0.87 -0.85 -0.80 -0.76 -0.72 -0.67 -0.55 -0.46 -0.22 0.15 0.53 0.68 0.80 0.91 1.01 1.10 1.24 1.33 1.43 1.54 1.79 1.93 2.08 2.31 2.45 2.59 2.72 2.87 3.02 3.23 3.54 3.98 4.08 4.76 4.88 4.89 4.79 3.96 3.44 3.52 3.60 3.69 3.76 3.80 3.81 3.82 3.83 3.84 3.78 1.52 0.84 1.09 1.79 1.87 1.88 1.82 1.83 2.65 3.71 2.07 2.26 2.73 3.20 3.05 2.30 2.38 2.16 2.37 1.20 0.00 0.00 0.00 0.00 0.00 0.00 0.00 0.00
-0.54 -0.70 -0.78 -0.84 -0.88 -0.88 -0.88 -0.86 -0.84 -0.80 -0.75 -0.71 -0.66 -0.60 -0.44 -0.30 0.22 0.56 0.69 0.81 0.92 1.01 1.10 1.24 1.33 1.44 1.55 1.81 1.97 2.12 2.34 2.47 2.60 2.73 2.87 3.01 3.17 3.44 3.92 4.16 4.40 4.52 4.55 4.59 4.13 3.42 3.53 3.59 3.68 3.76 3.81 3.83 3.84 3.84 3.84 2.76 1.20 0.78 1.62 1.79 1.83 1.75 1.71 1.85 2.48 3.67 1.97 1.77 2.44 3.46 2.96 2.32 2.22 2.19 2.44 2.30 1.99 1.29 0.00 0.00 0.00 0.00 0.00 0.00
-0.54 -0.70 -0.78 -0.84 -0.87 -0.88 -0.87 -0.86 -0.84 -0.79 -0.75 -0.70 -0.65 -0.53 -0.43 -0.26 0.28 0.57 0.70 0.82 0.93 1.01 1.10 1.19 1.34 1.45 1.57 1.86 2.01 2.14 2.34 2.47 2.60 2.73 2.87 3.00 3.15 3.36 3.83 4.06 4.18 4.34 4.39 4.46 3.57 3.39 3.53 3.60 3.66 3.76 3.81 3.83 3.84 3.85 3.85 2.09 0.85 0.92 1.65 1.69 1.68 1.70 2.02 1.72 2.38 3.60 1.69 2.19 2.57 3.49 2.79 2.24 2.19 2.08 2.24 2.06 1.69 1.33 1.05 0.00 0.00 0.00 0.00 0.00
-0.54 -0.65 -0.78 -0.84 -0.88 -0.88 -0.88 -0.86 -0.84 -0.79 -0.74 -0.70 -0.65 -0.52 -0.41 -0.20 0.34 0.55 0.70 0.83 0.92 1.01 1.10 1.20 1.35 1.47 1.60 1.89 2.02 2.14 2.27 2.46 2.59 2.73 2.87 3.01 3.15 3.32 3.70 3.82 4.02 4.23 4.32 4.21 3.22 3.31 3.45 3.59 3.63 3.73 3.79 3.82 3.84 3.86 3.75 2.12 0.09 1.05 1.62 1.66 1.55 1.68 1.66 1.52 2.50 1.83 2.01 2.79 3.52 3.50 3.09 2.17 2.03 2.00 2.13 2.07 1.58 1.12 1.18 0.00 0.00 0.00 0.00 0.00
-0.54 -0.65 -0.79 -0.84 -0.88 -0.89 -0.88 -0.86 -0.84 -0.81 -0.74 -0.69 -0.64 -0.51 -0.40 -0.16 0.36 0.52 0.69 0.82 0.92 1.01 1.11 1.20 1.36 1.48 1.62 1.90 2.03 2.15 2.28 2.47 2.62 2.77 2.91 3.04 3.17 3.32 3.47 3.67 3.90 4.09 4.27 3.59 3.03 3.17 3.26 3.47 3.59 3.69 3.76 3.81 3.84 3.86 3.23 2.05 0.26 1.45 1.83 1.77 1.97 1.78 1.80 1.66 2.83 1.81 1.97 2.60 3.53 3.53 3.52 2.23 2.10 1.88 2.18 2.07 1.59 1.15 0.84 0.00 0.00 0.00 0.00 0.00
-0.55 -0.66 -0.80 -0.85 -0.88 -0.89 -0.88 -0.86 -0.84 -0.80 -0.73 -0.68 -0.63 -0.58 -0.39 -0.12 0.37 0.50 0.68 0.81 0.92 1.01 1.11 1.21 1.37 1.50 1.80 1.95 2.09 2.23 2.37 2.57 2.72 2.87 3.01 3.13 3.23 3.34 3.44 3.60 3.92 4.12 3.86 2.47 2.68 2.82 3.06 3.32 3.56 3.67 3.75 3.81 3.86 3.86 2.87 1.65 0.53 1.60 1.74 1.92 2.01 1.66 1.71 1.84 3.48 2.41 2.13 2.75 3.54 3.55 3.44 2.12 2.71 2.06 2.60 2.36 1.97 1.24 0.95 0.00 0.00 0.00 0.00 0.00
-0.56 -0.67 -0.80 -0.86 -0.89 -0.89 -0.88 -0.86 -0.83 -0.80 -0.73 -0.68 -0.63 -0.50 -0.38 -0.09 0.28 0.49 0.65 0.80 0.92 1.02 1.12 1.21 1.39 1.54 1.72 2.05 2.22 2.38 2.51 2.72 2.86 3.04 3.16 3.26 3.35 3.41 3.48 3.81 4.04 4.23 3.12 2.20 2.34 2.32 2.37 3.15 3.58 3.69 3.75 3.80 3.83 3.86 3.27 1.25 0.50 1.40 1.34 1.91 1.74 1.71 2.04 2.96 3.58 1.76 2.44 3.11 3.55 3.56 3.52 2.48 2.89 2.02 2.52 2.07 1.79 1.50 0.98 0.00 0.00 0.00 0.00 0.00
-0.56 -0.67 -0.77 -0.85 -0.88 -0.88 -0.87 -0.85 -0.83 -0.79 -0.73 -0.68 -0.63 -0.50 -0.37 -0.06 0.29 0.48 0.64 0.78 0.91 1.02 1.12 1.22 1.35 1.83 2.10 2.26 2.38 2.49 2.60 2.79 2.93 3.06 3.18 3.27 3.35 3.43 3.54 3.70 4.04 4.27 2.47 1.97 2.08 1.85 0.00 2.03 3.50 3.71 3.75 3.78 3.84 3.86 3.87 0.82 0.61 1.31 1.22 1.62 1.68 3.36 3.57 3.57 2.04 1.42 2.20 2.84 3.57 3.58 3.58 3.48 2.88 2.16 2.58 2.13 2.06 1.80 0.00 0.00 0.00 0.00 0.00 0.00
-0.55 -0.67 -0.76 -0.85 -0.87 -0.88 -0.87 -0.85 -0.82 -0.79 -0.75 -0.68 -0.63 -0.49 -0.36 -0.03 0.30 0.48 0.63 0.77 0.90 1.02 1.13 1.27 1.45 1.82 2.17 2.27 2.37 2.48 2.60 2.72 2.92 3.04 3.14 3.23 3.32 3.42 3.54 3.89 4.02 4.20 2.46 1.91 0.94 0.00 0.03 2.04 3.09 3.69 3.75 3.76 3.84 3.86 3.87 0.34 0.58 1.17 1.17 1.50 1.79 3.57 3.59 3.59 1.73 2.18 2.18 3.04 3.58 3.59 3.59 3.59 2.95 1.76 2.52 2.36 2.21 1.50 0.00 0.00 0.00 0.00 0.00 0.00
-0.50 -0.65 -0.75 -0.84 -0.87 -0.87 -0.86 -0.84 -0.81 -0.78 -0.74 -0.67 -0.55 -0.48 -0.34 -0.02 0.32 0.49 0.63 0.76 0.89 1.02 1.17 1.33 1.55 2.08 2.16 2.25 2.35 2.46 2.57 2.70 2.87 2.98 3.08 3.18 3.27 3.37 3.68 3.93 4.05 4.08 2.56 1.92 0.37 0.18 0.01 1.71 2.31 2.63 3.12 3.81 3.85 3.88 3.13 0.00 0.03 0.51 1.00 1.63 1.78 3.30 3.60 3.60 2.37 2.14 2.17 2.92 3.59 3.60 3.61 3.57 2.95 1.77 2.53 2.46 1.75 0.00 0.00 0.00 0.00 0.00 0.00 0.00
0.93 -0.01 -0.52 -0.79 -0.84 -0.86 -0.85 -0.83 -0.80 -0.77 -0.72 -0.64 -0.58 -0.45 -0.33 -0.02 0.32 0.45 0.63 0.76 0.89 1.04 1.22 1.42 1.63 2.08 2.14 2.23 2.35 2.46 2.56 2.67 2.82 2.91 3.02 3.13 3.24 3.33 3.61 3.84 3.91 4.04 2.65 1.68 0.01 0.03 0.08 1.79 1.78 1.68 2.15 3.84 3.86 3.88 2.27 0.00 0.05 0.00 0.96 1.67 1.77 3.43 3.62 3.62 2.12 2.34 2.35 2.39 3.60 3.61 3.61 3.50 3.19 2.01 2.58 1.47 0.00 0.00 0.00 0.00 0.00 0.00 0.00 0.00
1.85 1.55 0.87 -0.30 -0.67 -0.79 -0.82 -0.81 -0.79 -0.75 -0.71 -0.62 -0.51 -0.44 -0.32 -0.05 0.31 0.46 0.65 0.78 0.97 1.08 1.28 1.46 1.66 2.07 2.14 2.24 2.35 2.45 2.54 2.63 2.75 2.84 2.95 3.08 3.19 3.31 3.47 3.69 3.64 3.50 2.93 0.00 0.00 0.00 0.69 1.87 1.88 1.78 2.35 3.60 3.89 3.90 1.49 0.00 0.04 0.16 1.24 1.68 2.14 3.63 3.63 2.53 1.76 2.56 2.47 2.53 3.61 3.61 3.62 3.49 3.23 2.18 1.27 0.00 0.00 0.00 0.00 0.00 0.00 0.00 0.00 0.00
1.80 1.65 1.48 1.30 0.56 -0.16 -0.59 -0.73 -0.75 -0.73 -0.69 -0.61 -0.49 -0.42 -0.31 -0.08 0.28 0.47 0.67 0.85 1.04 1.22 1.36 1.51 1.71 1.93 2.21 2.27 2.37 2.46 2.52 2.56 2.67 2.76 2.86 2.99 3.15 3.32 3.64 3.70 3.58 3.29 2.90 0.17 0.02 0.45 1.63 1.85 1.86 1.82 2.51 3.90 3.91 3.92 0.67 0.00 0.00 0.68 1.59 1.79 2.91 3.65 2.93 1.75 1.72 2.46 2.25 2.66 3.62 3.62 3.39 3.63 2.52 2.22 0.00 0.00 0.00 0.00 0.00 0.00 0.00 0.00 0.00 0.00
1.76 1.57 1.42 1.32 1.22 1.12 0.73 0.01 -0.49 -0.64 -0.65 -0.61 -0.48 -0.42 -0.31 -0.11 0.23 0.49 0.72 0.95 1.15 1.30 1.43 1.58 1.95 2.13 2.22 2.29 2.35 2.41 2.49 2.54 2.61 2.75 2.84 2.98 3.17 3.38 3.58 3.65 3.47 3.12 2.91 0.16 0.09 1.16 1.72 1.95 1.95 1.81 2.52 3.92 3.93 3.92 0.13 0.10 0.08 1.24 1.64 1.88 3.08 3.68 2.99 1.84 2.03 2.43 2.03 2.72 3.63 3.63 3.38 3.63 2.72 2.47 0.00 0.00 0.00 0.00 0.00 0.00 0.00 0.00 0.00 0.00
1.77 1.58 1.41 1.27 1.18 1.17 1.17 1.15 0.85 0.10 -0.41 -0.54 -0.46 -0.40 -0.31 -0.15 0.15 0.48 0.76 1.02 1.22 1.37 1.48 1.64 1.80 2.11 2.20 2.26 2.32 2.38 2.45 2.52 2.60 2.74 2.88 3.11 3.26 3.49 3.74 3.61 3.41 3.15 2.98 0.00 0.38 1.59 1.66 1.94 1.96 1.87 2.71 3.94 3.94 2.70 0.00 0.02 0.22 1.27 1.49 1.70 3.62 3.71 3.13 1.80 2.00 2.17 2.17 2.95 3.64 3.63 3.63 3.63 2.97 2.50 1.80 0.00 0.00 0.00 0.00 0.00 0.00 0.00 0.00 0.00
1.75 1.58 1.42 1.28 1.15 1.11 1.11 1.15 1.19 1.21 1.21 -0.11 -0.35 -0.37 -0.30 -0.17 0.09 0.43 0.69 1.09 1.30 1.43 1.53 1.67 1.94 2.09 2.17 2.24 2.30 2.37 2.44 2.51 2.60 2.73 2.88 3.17 3.49 3.71 3.80 3.79 3.61 3.74 2.46 0.00 0.62 1.73 1.70 1.94 1.98 2.54 4.01 4.00 3.43 0.16 0.14 0.13 0.19 1.02 1.48 2.17 3.72 3.73 2.88 1.78 1.96 1.71 1.91 2.72 3.48 3.52 3.24 3.63 3.63 1.52 0.14 0.00 0.00 0.00 0.00 0.00 0.00 0.00 0.00 0.00
1.72 1.55 1.38 1.25 1.13 1.10 1.09 1.10 1.12 1.17 1.22 1.17 0.55 -0.05 -0.22 -0.16 0.03 0.37 0.69 1.15 1.36 1.48 1.56 1.68 1.81 2.01 2.14 2.21 2.28 2.35 2.43 2.51 2.59 2.71 2.88 3.29 3.65 3.77 4.08 4.54 4.18 3.68 0.03 0.04 1.56 1.81 1.72 1.92 2.03 2.95 4.06 4.03 1.46 0.00 0.13 0.09 0.32 1.10 1.60 2.77 3.74 3.74 2.61 1.67 2.20 1.90 2.23 2.95 2.78 2.45 2.56 3.63 3.13 0.00 0.00 0.00 0.00 0.00 0.00 0.00 0.00 0.00 0.00 0.00
1.71 1.54 1.38 1.25 1.15 1.07 1.06 1.08 1.10 1.12 1.17 1.31 1.34 1.22 0.59 0.10 0.06 0.31 0.67 1.21 1.40 1.49 1.56 1.67 1.79 1.98 2.10 2.19 2.26 2.34 2.42 2.49 2.56 2.69 3.00 3.44 3.70 4.02 4.65 4.68 3.25 0.11 0.00 0.48 1.57 1.82 1.67 1.81 2.08 3.38 4.09 3.53 0.56 0.09 0.11 0.00 0.58 1.29 1.79 3.24 3.76 3.76 2.69 1.78 2.40 1.93 2.49 3.24 2.98 2.13 1.96 2.36 2.01 0.00 0.00 0.00 0.00 0.00 0.00 0.00 0.00 0.00 0.00 0.00
1.69 1.52 1.37 1.24 1.15 1.06 1.04 1.05 1.08 1.11 1.20 1.26 1.36 1.41 1.45 1.34 0.77 0.48 0.68 1.22 1.40 1.48 1.52 1.63 1.87 1.97 2.09 2.17 2.25 2.34 2.42 2.50 2.61 2.76 3.17 3.60 3.77 4.60 4.85 4.81 0.85 0.07 0.00 0.75 1.51 1.82 1.69 1.85 2.76 4.16 4.11 1.00 0.46 0.06 0.12 0.01 0.83 1.36 1.86 3.42 3.78 3.78 2.97 2.25 1.73 1.99 2.71 3.50 2.00 0.00 0.00 0.00 0.00 0.00 0.00 0.00 0.00 0.00 0.00 0.00 0.00 0.00 0.00 0.00
1.68 1.51 1.35 1.23 1.14 1.06 1.04 1.04 1.06 1.09 1.20 1.25 1.34 1.41 1.48 1.56 1.66 1.83 1.91 1.52 1.40 1.42 1.48 1.59 1.86 1.98 2.10 2.19 2.28 2.38 2.48 2.57 2.69 2.83 3.37 3.65 3.83 4.76 4.86 4.91 2.47 0.32 0.00 0.56 1.58 1.89 1.78 1.88 2.99 4.20 1.96 0.91 0.57 0.22 0.13 0.63 1.08 1.54 1.77 3.73 3.80 3.71 2.95 2.20 1.93 2.17 2.58 3.39 0.00 0.00 0.00 0.00 0.00 0.00 0.00 0.00 0.00 0.00 0.00 0.00 0.00 0.00 0.00 0.00
1.67 1.50 1.34 1.22 1.14 1.07 1.06 1.06 1.06 1.09 1.19 1.24 1.33 1.40 1.47 1.56 1.66 1.82 2.11 2.55 2.11 1.56 1.48 1.69 1.85 1.99 2.14 2.25 2.36 2.47 2.55 2.63 2.74 2.91 3.41 3.65 4.01 4.76 4.88 4.94 2.66 0.61 0.00 0.56 1.70 1.93 1.91 1.97 2.37 4.26 1.25 0.96 0.55 0.23 0.18 0.60 1.31 1.59 1.97 2.71 3.84 3.68 2.97 2.12 1.86 2.06 2.33 2.08 0.00 0.00 0.00 0.00 0.00 0.00 0.00 0.00 0.00 0.00 0.00 0.00 0.00 0.00 0.00 0.00
1.66 1.49 1.33 1.22 1.14 1.08 1.07 1.07 1.08 1.10 1.14 1.24 1.33 1.40 1.47 1.56 1.66 1.80 2.04 2.44 2.93 2.72 1.91 1.65 1.82 2.00 2.14 2.34 2.45 2.52 2.58 2.65 2.77 2.96 3.44 3.77 4.49 4.70 4.87 2.47 1.32 0.19 0.21 0.99 1.88 2.03 2.00 2.03 2.41 4.29 1.15 0.94 0.34 0.21 0.19 0.08 1.16 1.64 1.16 2.61 3.87 3.13 2.72 1.88 2.05 1.98 1.87 0.00 0.00 0.00 0.00 0.00 0.00 0.00 0.00 0.00 0.00 0.00 0.00 0.00 0.00 0.00 0.00 0.00
1.65 1.48 1.34 1.22 1.15 1.10 1.08 1.08 1.09 1.11 1.15 1.24 1.33 1.40 1.47 1.57 1.67 1.81 2.01 2.31 2.79 2.99 3.01 1.84 1.80 1.98 2.18 2.41 2.49 2.55 2.60 2.66 2.78 3.04 3.45 4.01 4.27 4.52 3.22 0.87 0.66 0.03 0.33 1.20 2.01 2.12 2.08 2.13 2.56 4.32 1.14 0.93 0.30 0.25 0.17 0.03 1.25 1.38 1.00 3.20 3.90 3.01 1.85 1.86 1.77 1.13 0.00 0.00 0.00 0.00 0.00 0.00 0.00 0.00 0.00 0.00 0.00 0.00 0.00 0.00 0.00 0.00 0.00 0.00
1.63 1.48 1.33 1.22 1.15 1.11 1.09 1.09 1.10 1.12 1.19 1.24 1.29 1.40 1.48 1.58 1.68 1.81 1.98 2.21 2.59 2.83 3.03 3.09 2.24 2.03 2.23 2.44 2.51 2.56 2.59 2.66 2.83 3.18 3.63 3.98 4.19 4.52 4.63 2.17 0.73 0.13 0.41 1.66 2.16 2.27 2.21 2.29 2.98 4.35 1.16 0.99 0.28 0.27 0.19 0.24 0.94 0.90 1.37 3.50 3.93 2.67 1.73 2.17 2.75 0.00 0.00 0.00 0.00 0.00 0.00 0.00 0.00 0.00 0.00 0.00 0.00 0.00 0.00 0.00 0.00 0.00 0.00 0.00
1.61 1.46 1.32 1.21 1.14 1.10 1.09 1.10 1.11 1.13 1.19 1.23 1.29 1.40 1.49 1.58 1.68 1.80 1.96 2.15 2.37 2.59 2.84 3.01 3.21 3.26 2.73 2.48 2.51 2.56 2.59 2.69 2.89 3.37 3.61 3.90 4.10 4.72 5.18 4.99 1.66 0.31 0.52 1.94 2.30 2.73 2.48 2.30 3.47 4.37 1.19 1.10 0.34 0.30 0.22 0.53 0.86 1.52 1.95 3.69 3.99 2.80 1.78 2.46 2.13 0.00 0.00 0.00 0.00 0.00 0.00 0.00 0.00 0.00 0.00 0.00 0.00 0.00 0.00 0.00 0.00 0.00 0.00 0.00
