tsunami_inundation/3180.asc
ncols        89
nrows        96
xllcorner    425855.973699999973
yllcorner    5091051.504999999888
cellsize     55.000000000000
NODATA_value  -9999.00
[rows 37 to 73 of 96, columns 0 to 83 of 89]
1.52 1.38 1.28 1.18 1.12 1.09 1.09 1.10 1.11 1.16 1.19 1.23 1.28 1.39 1.48 1.58 1.68 1.79 1.94 2.10 2.24 2.47 2.91 3.05 3.16 3.32 3.61 2.75 2.54 2.55 2.60 2.72 3.02 3.45 3.59 3.84 4.01 5.11 5.27 5.37 1.82 0.36 0.66 1.94 2.32 2.93 2.82 2.44 4.27 4.39 1.22 1.12 0.29 0.23 0.30 0.42 0.94 1.81 1.93 3.94 4.02 3.38 2.95 2.67 1.35 0.00 0.00 0.00 0.00 0.00 0.00 0.00 0.00 0.00 0.00 0.00 0.00 0.00 0.00 0.00 0.00 0.00 0.00 0.00
1.46 1.32 1.25 1.11 1.05 1.07 1.02 1.07 1.09 1.14 1.17 1.21 1.27 1.39 1.49 1.59 1.68 1.79 1.92 2.08 2.22 2.40 2.75 2.96 3.12 3.25 3.58 4.01 2.86 2.58 2.62 2.76 3.17 3.50 3.64 3.98 4.39 5.34 5.39 4.48 1.07 0.18 0.75 1.98 2.38 2.73 2.41 2.82 4.41 1.49 1.23 1.02 0.26 0.24 0.33 0.22 1.37 1.97 2.13 4.05 4.05 3.64 3.24 2.32 1.88 0.00 0.00 0.00 0.00 0.00 0.00 0.00 0.00 0.00 0.00 0.00 0.00 0.00 0.00 0.00 0.00 0.00 0.00 0.00
1.42 1.29 1.17 1.07 1.01 0.98 0.97 1.04 1.06 1.09 1.14 1.20 1.27 1.40 1.50 1.60 1.70 1.79 1.91 2.05 2.19 2.39 2.70 2.87 3.03 3.22 3.49 4.04 4.20 3.11 2.72 2.85 3.36 3.62 3.76 3.87 4.44 5.57 5.62 3.68 0.37 0.17 1.13 2.02 2.27 2.59 2.45 3.82 4.40 1.48 1.25 1.00 0.28 0.29 0.38 0.35 1.51 1.95 2.48 4.07 4.07 3.67 1.98 2.34 3.02 0.00 0.00 0.00 0.00 0.00 0.00 0.00 0.00 0.00 0.00 0.00 0.00 0.00 0.00 0.00 0.00 0.00 0.00 0.00
1.37 1.23 1.11 1.02 0.96 0.93 0.92 0.95 0.99 1.03 1.14 1.22 1.30 1.37 1.55 1.63 1.71 1.79 1.88 2.02 2.18 2.46 2.77 2.86 2.96 3.13 3.40 3.86 4.55 4.57 3.90 4.00 3.66 3.78 3.91 4.08 4.73 5.32 5.46 2.33 0.15 0.11 1.52 2.10 2.33 2.60 2.65 4.44 4.44 1.45 1.29 1.06 0.31 0.31 0.30 0.69 1.97 2.38 3.52 4.09 4.09 3.59 2.50 2.09 2.53 1.79 0.00 0.00 0.00 0.00 0.00 0.00 0.00 0.00 0.00 0.00 0.00 0.00 0.00 0.00 0.00 0.00 0.00 0.00
1.30 1.17 1.05 0.96 0.90 0.88 0.88 0.92 0.97 1.02 1.14 1.23 1.32 1.41 1.56 1.65 1.70 1.76 1.86 2.24 2.26 2.59 2.69 2.82 2.86 3.02 3.45 3.80 3.95 4.11 4.37 4.73 4.84 4.13 3.91 3.93 4.93 5.10 5.19 1.99 0.13 0.00 1.26 2.18 2.43 2.44 3.23 4.45 4.45 1.31 1.22 0.97 0.31 0.31 0.17 1.31 2.55 3.68 4.10 4.08 4.10 3.91 3.08 2.29 2.18 1.99 2.16 2.28 0.15 0.00 0.00 0.00 0.00 0.00 0.00 0.00 0.00 0.00 0.00 0.00 0.00 0.00 0.00 0.00
1.24 1.11 1.00 0.92 0.87 0.85 0.85 0.90 1.00 1.06 1.13 1.21 1.30 1.40 1.53 1.62 1.71 1.86 2.19 2.36 2.44 2.49 2.67 2.69 2.75 2.97 3.61 3.77 3.76 3.81 4.03 4.48 4.86 5.00 4.30 4.15 5.05 5.11 4.98 0.96 0.17 0.25 1.43 2.15 2.50 2.47 4.04 4.46 4.46 1.54 1.22 0.85 0.28 0.32 0.31 1.98 3.67 4.13 3.00 2.28 3.52 4.13 2.91 2.30 2.20 1.93 2.06 1.25 0.00 0.00 0.00 0.00 0.00 0.00 0.00 0.00 0.00 0.00 0.00 0.00 0.00 0.00 0.00 0.00
1.18 1.07 0.96 0.89 0.85 0.82 0.82 0.85 0.90 1.01 1.08 1.18 1.28 1.37 1.51 1.61 1.78 2.12 2.33 2.34 2.36 2.44 2.45 2.46 2.57 2.98 3.61 3.69 3.63 3.69 3.94 4.40 4.74 4.93 4.96 4.40 5.08 5.20 5.01 0.74 0.32 0.50 1.73 2.16 2.46 2.46 4.47 4.47 3.64 1.53 1.20 1.19 1.00 0.48 1.03 2.01 2.88 3.54 2.94 2.82 3.56 4.15 2.91 2.19 2.23 2.03 1.94 0.00 0.00 0.00 0.00 0.00 0.00 0.00 0.00 0.00 0.00 0.00 0.00 0.00 0.00 0.00 0.00 0.00
1.12 1.01 0.92 0.85 0.81 0.79 0.79 0.81 0.86 0.97 1.05 1.15 1.25 1.34 1.42 1.63 1.97 2.27 2.30 2.27 2.27 2.28 2.34 2.41 2.59 3.01 3.33 3.45 3.54 3.62 3.92 4.36 4.73 4.87 4.94 4.84 5.09 5.22 2.13 0.38 0.03 0.88 2.50 2.37 2.40 2.36 4.48 4.48 2.47 1.47 1.20 1.19 1.15 0.53 1.41 2.04 2.10 2.21 2.18 2.34 2.64 4.17 2.97 2.13 1.48 0.98 0.67 0.00 0.00 0.00 0.00 0.00 0.00 0.00 0.00 0.00 0.00 0.00 0.00 0.00 0.00 0.00 0.00 0.00
1.08 0.98 0.88 0.81 0.76 0.75 0.75 0.77 0.88 0.95 1.04 1.13 1.22 1.30 1.39 1.72 2.15 2.25 2.20 2.18 2.19 2.23 2.27 2.39 2.64 2.99 3.19 3.36 3.44 3.58 3.88 4.37 4.65 4.88 4.93 5.69 5.39 5.25 1.26 0.08 0.16 1.91 2.58 2.31 2.36 2.36 4.49 1.89 1.54 1.41 1.25 1.23 0.98 0.62 1.67 2.02 2.05 2.07 2.04 2.31 2.97 4.19 2.59 1.88 0.00 0.00 0.00 0.00 0.00 0.00 0.00 0.00 0.00 0.00 0.00 0.00 0.00 0.00 0.00 0.00 0.00 0.00 0.00 0.00
1.10 0.93 0.84 0.77 0.72 0.70 0.71 0.74 0.87 0.94 1.03 1.12 1.20 1.26 1.35 1.85 2.13 2.13 2.10 2.11 2.14 2.18 2.26 2.41 2.70 2.93 3.06 3.22 3.37 3.59 3.90 4.49 4.71 4.80 4.91 6.24 5.97 4.81 0.86 0.01 1.16 2.08 2.40 2.49 2.35 2.33 4.49 1.71 1.50 1.34 1.22 1.26 0.83 0.94 1.84 2.13 2.11 1.98 1.93 2.90 4.20 3.49 2.16 0.68 0.00 0.00 0.00 0.00 0.00 0.00 0.00 0.00 0.00 0.00 0.00 0.00 0.00 0.00 0.00 0.00 0.00 0.00 0.00 0.00
1.06 0.89 0.80 0.73 0.68 0.67 0.68 0.72 0.86 0.93 1.01 1.08 1.14 1.19 1.33 1.91 1.99 1.98 2.02 2.06 2.10 2.17 2.30 2.48 2.77 2.96 3.06 3.16 3.25 3.41 3.91 4.58 4.74 4.87 5.11 6.27 6.38 4.38 0.48 0.00 1.19 2.25 2.28 2.41 3.09 3.07 4.50 3.59 1.37 1.32 1.21 1.17 0.73 1.11 1.86 2.20 2.09 1.92 2.07 4.24 2.96 2.22 0.60 0.00 0.00 0.00 0.00 0.00 0.00 0.00 0.00 0.00 0.00 0.00 0.00 0.00 0.00 0.00 0.00 0.00 0.00 0.00 0.00 0.00
1.03 0.86 0.77 0.71 0.66 0.65 0.67 0.71 0.82 0.85 0.91 0.95 1.00 1.10 1.38 1.83 1.89 1.93 2.00 2.05 2.10 2.14 2.37 2.61 2.91 3.06 3.13 3.17 3.21 3.34 3.87 4.56 4.77 4.99 5.53 6.30 6.47 4.19 0.35 0.00 1.29 2.25 2.11 2.35 2.68 2.51 4.52 1.47 1.35 1.31 1.19 0.85 0.64 1.10 1.83 2.07 2.04 2.15 2.63 4.29 2.64 1.96 0.00 0.00 0.00 0.00 0.00 0.00 0.00 0.00 0.00 0.00 0.00 0.00 0.00 0.00 0.00 0.00 0.00 0.00 0.00 0.00 0.00 0.00
1.02 0.86 0.76 0.69 0.64 0.61 0.62 0.64 0.71 0.76 0.81 0.86 0.93 1.08 1.45 1.71 1.82 1.92 2.00 2.06 2.13 2.28 2.49 2.80 3.10 3.22 3.27 3.28 3.30 3.41 3.83 4.52 4.81 5.29 5.87 6.32 6.52 2.79 0.28 0.30 1.96 2.45 2.34 2.43 2.38 2.46 4.53 3.70 1.34 1.33 1.14 0.46 0.58 1.11 1.90 2.07 2.07 2.31 2.51 3.92 2.68 1.80 0.00 0.00 0.00 0.00 0.00 0.00 0.00 0.00 0.00 0.00 0.00 0.00 0.00 0.00 0.00 0.00 0.00 0.00 0.00 0.00 0.00 0.00
1.03 0.85 0.75 0.66 0.60 0.57 0.56 0.57 0.63 0.68 0.74 0.80 0.89 1.11 1.50 1.68 1.79 1.92 2.02 2.11 2.21 2.42 2.70 3.06 3.31 3.42 3.46 3.45 3.46 3.54 3.97 4.54 4.94 5.82 6.58 6.65 5.51 1.76 0.25 1.02 2.09 2.38 2.42 2.49 2.46 2.57 4.54 1.52 1.39 1.44 1.01 1.10 1.30 1.36 1.94 2.18 2.16 2.41 2.48 4.04 4.35 1.37 0.00 0.00 0.00 0.00 0.00 0.00 0.00 0.00 0.00 0.00 0.00 0.00 0.00 0.00 0.00 0.00 0.00 0.00 0.00 0.00 0.00 0.00
1.00 0.88 0.71 0.61 0.54 0.50 0.49 0.51 0.57 0.63 0.69 0.75 0.87 1.16 1.52 1.65 1.79 1.95 2.10 2.26 2.48 2.55 2.72 3.24 3.45 3.54 3.59 3.57 3.57 3.67 4.25 4.95 6.37 6.79 6.82 6.77 4.46 1.68 0.77 1.15 1.64 2.03 2.05 1.94 2.23 3.12 4.55 1.59 1.52 1.50 1.07 1.51 1.29 1.48 2.07 2.29 2.12 2.24 2.38 3.51 4.42 0.00 0.00 0.00 0.00 0.00 0.00 0.00 0.00 0.00 0.00 0.00 0.00 0.00 0.00 0.00 0.00 0.00 0.00 0.00 0.00 0.00 0.00 0.00
0.93 0.80 0.63 0.53 0.47 0.43 0.43 0.46 0.52 0.58 0.65 0.73 0.86 1.20 1.53 1.64 1.84 2.07 2.31 2.46 2.55 2.62 2.82 3.43 3.57 3.61 3.62 3.57 3.61 3.75 4.06 6.40 6.74 6.89 6.94 6.70 3.57 1.88 1.69 1.04 1.10 1.33 1.38 1.60 2.40 3.94 4.04 1.63 1.58 1.42 1.12 1.38 1.33 1.63 2.10 2.45 2.24 2.27 2.55 4.46 2.34 0.00 0.00 0.00 0.00 0.00 0.00 0.00 0.00 0.00 0.00 0.00 0.00 0.00 0.00 0.00 0.00 0.00 0.00 0.00 0.00 0.00 0.00 0.00
0.81 0.69 0.54 0.46 0.41 0.39 0.39 0.42 0.46 0.55 0.62 0.71 0.87 1.25 1.57 1.72 2.15 2.42 2.49 2.52 2.55 2.65 2.90 3.52 3.58 3.63 3.63 3.59 3.66 3.83 4.61 6.78 6.82 6.90 7.07 5.84 3.43 1.96 1.92 0.76 0.44 0.58 1.18 2.07 2.79 4.57 4.57 1.52 1.60 1.40 1.23 1.40 1.50 1.94 2.18 2.25 2.41 2.63 2.85 3.50 1.13 0.00 0.00 0.00 0.00 0.00 0.00 0.00 0.00 0.00 0.00 0.00 0.00 0.00 0.00 0.00 0.00 0.00 0.00 0.00 0.00 0.00 0.00 0.00
0.70 0.59 0.46 0.40 0.37 0.36 0.38 0.40 0.44 0.53 0.60 0.71 0.90 1.30 1.64 1.92 2.29 2.46 2.50 2.54 2.59 2.68 2.98 3.57 3.61 3.65 3.64 3.61 3.71 4.08 6.22 6.80 6.88 6.97 7.14 5.69 3.30 2.15 2.21 0.65 0.44 0.65 1.49 2.29 3.08 4.59 3.75 1.40 1.58 1.38 1.42 1.44 1.51 2.05 2.27 2.40 2.87 3.40 3.81 4.51 0.00 0.00 0.00 0.00 0.00 0.00 0.00 0.00 0.00 0.00 0.00 0.00 0.00 0.00 0.00 0.00 0.00 0.00 0.00 0.00 0.00 0.00 0.00 0.00
0.61 0.49 0.37 0.33 0.32 0.33 0.35 0.40 0.44 0.52 0.60 0.71 0.92 1.35 1.82 2.29 2.49 2.50 2.54 2.59 2.61 2.72 3.06 3.62 3.65 3.69 3.67 3.64 3.83 5.46 6.55 6.82 6.93 7.07 7.14 4.37 2.98 1.95 2.27 0.52 0.70 1.39 2.12 2.41 4.12 4.60 3.50 1.47 1.66 1.37 1.22 1.39 1.68 2.20 2.43 2.54 3.04 4.33 4.52 3.32 0.00 0.00 0.00 0.00 0.00 0.00 0.00 0.00 0.00 0.00 0.00 0.00 0.00 0.00 0.00 0.00 0.00 0.00 0.00 0.00 0.00 0.00 0.00 0.00
0.52 0.43 0.35 0.30 0.29 0.31 0.36 0.40 0.44 0.53 0.60 0.73 0.95 1.46 2.25 2.56 2.55 2.58 2.60 2.62 2.65 2.77 3.12 3.57 3.71 3.74 3.72 3.74 4.68 6.32 6.58 6.84 6.96 7.12 5.77 3.27 2.41 2.19 2.22 0.54 0.78 1.57 2.24 2.52 4.61 4.61 2.61 1.55 1.72 1.13 0.98 1.33 1.84 2.27 2.57 3.24 4.31 4.48 4.51 4.31 0.00 0.00 0.00 0.00 0.00 0.00 0.00 0.00 0.00 0.00 0.00 0.00 0.00 0.00 0.00 0.00 0.00 0.00 0.00 0.00 0.00 0.00 0.00 0.00
0.49 0.41 0.34 0.27 0.27 0.26 0.33 0.39 0.45 0.53 0.62 0.76 0.99 1.84 2.66 2.67 2.62 2.62 2.63 2.63 2.67 2.80 3.16 3.60 3.77 3.79 3.84 4.77 6.25 6.47 6.65 6.80 7.09 7.13 5.67 2.94 2.09 2.23 2.02 0.60 0.85 1.86 2.43 3.12 4.62 4.62 1.60 1.58 1.61 0.83 1.17 1.31 1.66 2.49 3.57 4.35 4.59 4.59 4.59 3.12 1.19 0.00 0.00 0.00 0.00 0.00 0.00 0.00 0.00 0.00 0.00 0.00 0.00 0.00 0.00 0.00 0.00 0.00 0.00 0.00 0.00 0.00 0.00 0.00
0.45 0.38 0.31 0.25 0.23 0.24 0.27 0.39 0.45 0.53 0.70 0.80 1.20 2.53 2.81 2.68 2.63 2.63 2.61 2.62 2.67 2.83 3.19 3.59 3.76 3.81 4.15 5.98 6.33 6.50 6.70 6.85 7.13 7.09 4.60 2.73 2.01 2.30 1.84 0.69 1.42 2.23 2.66 3.84 4.63 4.63 1.56 1.57 1.50 0.73 1.17 1.47 2.03 3.11 4.36 4.55 4.59 4.59 3.57 2.63 2.25 0.00 0.00 0.00 0.00 0.00 0.00 0.00 0.00 0.00 0.00 0.00 0.00 0.00 0.00 0.00 0.00 0.00 0.00 0.00 0.00 0.00 0.00 0.00
0.41 0.34 0.28 0.23 0.22 0.23 0.31 0.37 0.46 0.57 0.91 1.76 2.45 2.77 2.76 2.59 2.59 2.58 2.58 2.60 2.68 2.85 3.22 3.58 3.77 3.91 5.23 6.16 6.35 6.55 6.72 6.88 7.08 7.11 4.11 2.75 2.17 2.34 2.05 0.96 2.18 2.61 2.90 3.78 4.63 4.63 1.48 1.52 1.29 0.60 1.23 1.95 2.63 4.40 4.59 4.60 4.60 4.25 3.01 2.39 2.38 1.17 0.00 0.00 0.00 0.00 0.00 0.00 0.00 0.00 0.00 0.00 0.00 0.00 0.00 0.00 0.00 0.00 0.00 0.00 0.00 0.00 0.00 0.00
0.35 0.28 0.22 0.19 0.19 0.22 0.32 0.39 0.48 0.62 1.48 2.03 2.37 2.61 2.60 2.54 2.55 2.53 2.55 2.60 2.70 2.89 3.25 3.59 3.85 4.45 5.88 6.17 6.43 6.60 6.74 6.88 7.09 6.56 3.40 2.68 2.24 2.65 1.97 1.99 2.65 2.80 3.04 4.28 4.65 2.41 1.75 1.74 1.31 0.90 1.48 2.34 3.39 4.50 4.46 4.51 4.52 4.25 4.11 2.40 2.33 2.41 2.21 0.14 0.00 0.00 0.00 0.00 0.00 0.00 0.00 0.00 0.00 0.00 0.00 0.00 0.00 0.00 0.00 0.00 0.00 0.00 0.00 0.00
0.31 0.25 0.20 0.16 0.17 0.21 0.34 0.42 0.55 0.84 1.81 1.98 2.27 2.52 2.53 2.51 2.51 2.52 2.56 2.61 2.75 2.93 3.30 3.63 3.88 5.28 5.94 6.25 6.49 6.63 6.77 6.89 7.07 5.55 3.08 2.42 2.55 2.52 1.93 2.56 2.48 2.52 3.04 4.29 4.65 2.79 1.81 1.63 1.15 1.39 1.83 2.68 4.01 4.32 4.29 4.59 4.55 4.37 2.79 2.54 2.39 2.33 1.81 0.00 0.00 0.00 0.00 0.00 0.00 0.00 0.00 0.00 0.00 0.00 0.00 0.00 0.00 0.00 0.00 0.00 0.00 0.00 0.00 0.00
0.29 0.22 0.18 0.15 0.16 0.21 0.37 0.50 0.69 1.28 1.75 1.89 2.18 2.45 2.47 2.47 2.49 2.51 2.53 2.62 2.78 3.06 3.50 3.83 4.70 5.67 6.22 6.48 6.67 6.71 6.85 7.08 6.56 3.64 2.92 2.31 2.68 2.26 2.19 2.68 2.43 2.56 2.51 3.26 4.66 3.80 1.67 1.58 1.47 1.67 2.19 2.79 4.26 4.34 4.62 4.61 4.16 3.86 3.00 2.05 1.95 0.25 0.00 0.00 0.00 0.00 0.00 0.00 0.00 0.00 0.00 0.00 0.00 0.00 0.00 0.00 0.00 0.00 0.00 0.00 0.00 0.00 0.00 0.00
0.27 0.20 0.16 0.13 0.17 0.23 0.45 0.61 0.96 1.57 1.72 1.82 2.12 2.38 2.41 2.43 2.45 2.49 2.56 2.67 2.87 3.21 3.53 3.92 5.37 6.31 6.43 6.64 6.77 6.82 7.02 7.14 5.19 3.29 2.92 2.30 2.55 2.16 2.49 2.85 2.53 3.06 2.58 4.19 4.66 4.20 1.71 1.60 1.57 2.07 2.35 2.75 4.15 4.40 4.62 4.15 2.42 1.09 0.00 0.00 0.00 0.00 0.00 0.00 0.00 0.00 0.00 0.00 0.00 0.00 0.00 0.00 0.00 0.00 0.00 0.00 0.00 0.00 0.00 0.00 0.00 0.00 0.00 0.00
0.25 0.19 0.14 0.13 0.19 0.27 0.54 0.75 1.24 1.61 1.64 1.77 2.02 2.27 2.35 2.37 2.42 2.47 2.50 2.72 2.98 3.30 3.55 4.14 6.12 6.48 6.53 6.68 6.81 6.94 7.05 7.26 4.79 3.05 2.81 2.58 2.07 2.08 2.72 3.11 3.06 3.59 3.55 4.27 4.67 4.30 1.60 1.56 2.00 2.35 2.70 3.84 4.37 4.53 3.90 1.73 0.00 0.00 0.00 0.00 0.00 0.00 0.00 0.00 0.00 0.00 0.00 0.00 0.00 0.00 0.00 0.00 0.00 0.00 0.00 0.00 0.00 0.00 0.00 0.00 0.00 0.00 0.00 0.00
0.22 0.17 0.14 0.15 0.22 0.54 0.69 0.96 1.43 1.59 1.61 1.76 1.95 2.19 2.31 2.34 2.38 2.44 2.60 2.78 3.13 3.38 3.58 4.60 6.59 6.57 6.55 6.69 6.80 6.94 7.06 7.29 3.77 3.09 2.66 2.46 1.80 2.83 3.27 3.05 2.58 3.55 3.32 3.42 4.68 3.47 1.71 2.31 2.76 3.02 4.04 4.39 4.49 4.61 3.04 0.53 0.00 0.00 0.00 0.00 0.00 0.00 0.00 0.00 0.00 0.00 0.00 0.00 0.00 0.00 0.00 0.00 0.00 0.00 0.00 0.00 0.00 0.00 0.00 0.00 0.00 0.00 0.00 0.00
0.19 0.15 0.14 0.19 0.48 0.61 0.74 1.09 1.47 1.56 1.60 1.75 1.88 2.12 2.28 2.32 2.35 2.40 2.61 2.88 3.26 3.45 3.68 5.40 6.66 6.53 6.57 6.70 6.80 6.92 7.04 7.30 4.45 3.06 2.85 2.47 2.01 3.22 3.34 2.65 2.58 2.55 2.59 2.93 2.19 1.73 2.13 2.58 3.16 3.47 4.19 4.36 4.43 4.44 2.45 0.00 0.00 0.00 0.00 0.00 0.00 0.00 0.00 0.00 0.00 0.00 0.00 0.00 0.00 0.00 0.00 0.00 0.00 0.00 0.00 0.00 0.00 0.00 0.00 0.00 0.00 0.00 0.00 0.00
0.17 0.15 0.17 0.25 0.37 0.64 0.80 1.20 1.49 1.54 1.59 1.69 1.84 2.03 2.24 2.31 2.33 2.37 2.62 3.00 3.38 3.55 4.06 5.99 6.45 6.41 6.59 6.69 6.79 6.91 7.03 7.30 4.25 2.95 2.79 2.39 2.33 3.23 3.26 2.64 2.46 2.53 2.55 3.29 1.69 2.37 2.41 2.47 2.71 3.15 4.00 4.39 4.44 4.32 2.99 0.00 0.00 0.00 0.00 0.00 0.00 0.00 0.00 0.00 0.00 0.00 0.00 0.00 0.00 0.00 0.00 0.00 0.00 0.00 0.00 0.00 0.00 0.00 0.00 0.00 0.00 0.00 0.00 0.00
0.17 0.16 0.22 0.33 0.56 0.67 0.88 1.28 1.50 1.53 1.59 1.68 1.81 1.96 2.17 2.31 2.33 2.40 2.53 3.12 3.56 4.04 5.17 5.71 5.98 6.25 6.52 6.66 6.77 6.89 7.13 7.26 4.11 2.68 2.57 2.30 2.68 3.14 3.13 2.56 2.45 2.47 2.64 3.49 1.89 2.39 2.43 2.41 2.66 2.86 2.94 3.67 4.39 4.28 3.31 0.00 0.00 0.00 0.00 0.00 0.00 0.00 0.00 0.00 0.00 0.00 0.00 0.00 0.00 0.00 0.00 0.00 0.00 0.00 0.00 0.00 0.00 0.00 0.00 0.00 0.00 0.00 0.00 0.00
0.18 0.20 0.29 0.38 0.46 0.72 0.95 1.32 1.49 1.52 1.59 1.68 1.79 1.91 2.04 2.23 2.34 2.42 2.58 3.26 3.81 4.68 5.20 5.48 5.80 6.06 6.39 6.56 6.70 6.83 7.09 7.18 3.88 2.36 2.14 2.34 2.69 2.87 2.90 2.46 2.37 2.53 2.92 3.00 2.11 2.38 2.42 2.42 2.57 2.82 2.78 2.96 4.32 4.16 3.22 0.00 0.00 0.00 0.00 0.00 0.00 0.00 0.00 0.00 0.00 0.00 0.00 0.00 0.00 0.00 0.00 0.00 0.00 0.00 0.00 0.00 0.00 0.00 0.00 0.00 0.00 0.00 0.00 0.00
0.21 0.26 0.34 0.40 0.56 0.77 1.00 1.35 1.49 1.52 1.59 1.68 1.79 1.88 1.99 2.14 2.29 2.38 2.65 3.37 4.29 4.92 5.09 5.37 5.67 5.90 6.14 6.42 6.58 6.73 6.99 7.06 3.71 2.12 2.04 2.18 2.63 2.46 2.51 2.32 2.36 2.59 3.21 1.58 2.12 2.34 2.45 2.47 2.46 2.60 2.74 2.95 4.36 4.53 3.57 1.80 0.00 0.09 0.00 0.00 0.00 0.00 0.00 0.00 0.00 0.00 0.00 0.00 0.00 0.00 0.00 0.00 0.00 0.00 0.00 0.00 0.00 0.00 0.00 0.00 0.00 0.00 0.00 0.00
0.26 0.33 0.36 0.41 0.62 0.82 1.05 1.34 1.48 1.52 1.59 1.68 1.79 1.87 1.95 2.05 2.20 2.36 2.74 3.56 4.72 4.95 5.03 5.28 5.55 5.80 6.03 6.31 6.46 6.61 6.75 6.73 3.32 2.13 2.27 2.17 2.59 2.29 1.97 2.16 2.29 2.82 3.55 1.42 1.95 2.23 2.35 2.44 3.33 3.51 3.49 3.83 4.59 4.43 3.81 3.54 2.66 2.55 2.01 0.21 0.00 0.00 0.00 0.00 0.00 0.00 0.00 0.00 0.00 0.00 0.00 0.00 0.00 0.00 0.00 0.00 0.00 0.00 0.00 0.00 0.00 0.00 0.00 0.00
0.33 0.34 0.35 0.53 0.65 0.84 1.05 1.32 1.47 1.52 1.59 1.68 1.75 1.87 1.94 2.01 2.11 2.52 2.81 3.80 4.87 4.98 5.03 5.23 5.49 5.74 5.97 6.25 6.41 6.55 6.68 4.72 2.47 2.15 2.26 1.91 2.04 1.92 1.94 2.17 2.35 3.00 3.74 1.95 2.13 2.15 2.19 2.51 3.80 4.71 4.72 4.72 4.63 3.88 3.71 3.60 3.26 2.57 2.35 1.58 0.33 0.00 0.00 0.00 0.00 0.00 0.00 0.00 0.00 0.00 0.00 0.00 0.00 0.00 0.00 0.00 0.00 0.00 0.00 0.00 0.00 0.00 0.00 0.00
0.35 0.34 0.35 0.55 0.66 0.85 1.03 1.29 1.44 1.52 1.59 1.69 1.77 1.87 1.94 2.01 2.23 2.48 2.83 3.43 4.84 5.00 5.10 5.26 5.49 5.74 5.94 6.20 6.37 6.51 6.61 3.74 2.15 1.97 2.14 1.73 1.55 1.70 2.05 2.45 2.66 2.99 3.62 1.63 3.89 3.00 2.30 2.53 3.55 4.71 4.72 4.72 4.61 3.79 3.61 3.61 3.46 2.57 1.30 0.51 0.33 0.03 0.00 0.00 0.00 0.00 0.00 0.00 0.00 0.00 0.00 0.00 0.00 0.00 0.00 0.00 0.00 0.00 0.00 0.00 0.00 0.00 0.00 0.00
