tsunami_inundation/3210.asc
ncols        89
nrows        96
xllcorner    425855.973699999973
yllcorner    5091051.504999999888
cellsize     55.000000000000
NODATA_value  -9999.00
[rows 0 to 36 of 96, columns 0 to 83 of 89]
-9999.00 -0.23 -0.27 -0.51 -0.64 -0.76 -0.87 -0.94 -1.00 -1.03 -1.03 -1.00 -0.91 -0.77 -0.47 -0.27 -0.13 0.05 0.12 0.22 0.30 0.44 0.54 0.65 0.76 0.91 1.61 3.29 3.58 3.70 3.85 3.89 3.95 4.04 4.16 4.32 4.41 4.50 4.57 4.65 4.67 0.06 0.03 0.39 0.33 0.01 0.02 0.03 0.04 1.76 3.56 3.84 3.84 3.83 3.83 3.83 3.83 3.83 3.83 1.93 2.63 2.75 2.36 1.80 0.19 0.00 0.10 1.32 2.22 2.43 1.84 1.79 1.34 1.70 1.38 0.00 0.00 0.00 0.00 0.00 0.00 0.00 0.00 0.00
-9999.00 -0.22 -0.27 -0.52 -0.64 -0.72 -0.82 -0.91 -0.95 -0.99 -1.02 -0.98 -0.89 -0.74 -0.39 -0.20 -0.02 0.05 0.14 0.23 0.31 0.45 0.55 0.65 0.76 0.89 1.24 3.01 3.73 3.84 3.87 3.92 3.99 4.10 4.21 4.36 4.46 4.54 4.61 4.70 4.76 0.07 0.02 0.10 0.36 0.23 0.07 0.00 2.07 3.51 3.85 3.85 3.84 3.84 3.83 3.83 3.83 3.83 3.83 1.99 2.64 2.82 2.65 1.81 0.06 0.02 0.10 1.62 2.35 2.49 1.97 1.36 1.38 1.58 1.45 0.00 0.00 0.00 0.00 0.00 0.00 0.00 0.00 0.00
-9999.00 -0.21 -0.40 -0.52 -0.62 -0.71 -0.77 -0.87 -0.93 -0.97 -0.98 -0.96 -0.84 -0.62 -0.30 -0.08 -0.01 0.06 0.16 0.24 0.32 0.46 0.55 0.66 0.76 0.87 1.07 2.38 3.53 3.88 3.90 3.96 4.06 4.15 4.27 4.38 4.53 4.60 4.66 4.72 4.75 0.00 0.00 0.01 0.14 0.33 0.33 1.77 3.34 3.86 3.85 3.84 3.84 3.84 3.83 3.83 3.83 3.82 3.61 2.32 2.54 2.92 2.79 1.73 0.74 0.01 0.26 1.68 2.11 2.58 2.17 0.93 1.00 1.35 0.00 0.00 0.00 0.00 0.00 0.00 0.00 0.00 0.00 0.00
-9999.00 -0.21 -0.40 -0.51 -0.60 -0.68 -0.75 -0.85 -0.91 -0.96 -0.97 -0.93 -0.80 -0.53 -0.24 -0.15 -0.00 0.08 0.17 0.26 0.34 0.47 0.56 0.66 0.76 0.87 1.00 1.46 3.83 3.88 3.95 4.00 4.09 4.19 4.31 4.43 4.57 4.64 4.68 4.72 4.76 2.16 0.00 0.02 0.02 0.10 0.34 2.69 3.76 3.86 3.84 3.84 3.84 3.83 3.83 3.83 3.83 3.82 3.70 2.77 2.62 2.92 2.72 1.60 0.74 0.43 1.17 2.03 2.43 2.67 2.31 1.12 1.12 1.02 0.00 0.00 0.00 0.00 0.00 0.00 0.00 0.00 0.00 0.00
-9999.00 -0.22 -0.39 -0.49 -0.58 -0.66 -0.72 -0.82 -0.89 -0.94 -0.95 -0.91 -0.74 -0.37 -0.21 -0.03 0.06 0.14 0.21 0.28 0.36 0.48 0.57 0.66 0.76 0.87 0.98 1.22 2.73 3.87 3.94 4.00 4.11 4.22 4.34 4.46 4.60 4.66 4.70 4.73 4.74 3.70 0.07 0.02 0.02 0.00 1.56 3.24 3.85 3.85 3.83 3.83 3.83 3.83 3.83 3.83 3.82 3.82 3.82 3.29 2.82 3.28 2.58 1.52 0.48 0.42 1.16 1.75 2.37 2.74 2.40 1.14 1.22 0.20 0.00 0.00 0.00 0.00 0.00 0.00 0.00 0.00 0.00 0.00
-9999.00 -0.22 -0.39 -0.48 -0.56 -0.63 -0.70 -0.79 -0.86 -0.92 -0.93 -0.87 -0.62 -0.29 -0.18 -0.00 0.08 0.15 0.23 0.30 0.37 0.44 0.57 0.66 0.76 0.88 1.00 1.15 3.82 3.85 3.92 4.00 4.10 4.23 4.36 4.47 4.60 4.67 4.71 4.73 4.75 3.73 0.12 0.04 0.02 0.00 1.96 3.60 3.85 3.84 3.82 3.81 3.81 3.82 3.82 3.82 3.82 3.82 3.81 3.81 3.80 3.70 3.32 2.39 0.38 0.42 1.27 1.85 2.46 2.83 2.48 1.17 1.16 0.00 0.00 0.00 0.00 0.00 0.00 0.00 0.00 0.00 0.00 0.00
-9999.00 -0.30 -0.37 -0.45 -0.53 -0.59 -0.66 -0.73 -0.85 -0.90 -0.92 -0.83 -0.52 -0.23 -0.16 0.03 0.10 0.16 0.24 0.30 0.37 0.45 0.58 0.67 0.77 0.88 1.01 1.14 3.16 3.86 3.89 3.99 4.09 4.23 4.35 4.47 4.61 4.68 4.73 4.76 4.79 0.42 0.24 0.09 0.04 0.00 1.34 3.13 3.80 3.80 3.80 3.80 3.80 3.81 3.81 3.82 3.82 3.82 3.81 3.80 3.79 3.78 3.60 3.26 1.94 0.59 1.38 1.91 2.43 2.89 2.59 1.35 1.16 0.00 0.00 0.00 0.00 0.00 0.00 0.00 0.00 0.00 0.00 0.00
-9999.00 -0.30 -0.36 -0.43 -0.50 -0.57 -0.64 -0.71 -0.83 -0.89 -0.90 -0.77 -0.41 -0.19 -0.13 0.05 0.11 0.18 0.25 0.31 0.38 0.46 0.59 0.68 0.78 0.89 1.02 1.15 1.59 3.69 3.87 3.90 4.04 4.17 4.34 4.47 4.58 4.71 4.77 4.82 4.87 4.89 0.58 0.30 0.03 0.06 1.46 2.98 3.74 3.76 3.77 3.78 3.78 3.79 3.80 3.81 3.81 3.81 2.53 2.83 3.79 3.77 3.76 3.75 3.74 2.62 1.42 1.99 2.48 2.93 2.77 1.92 1.80 0.00 0.00 0.00 0.00 0.00 0.00 0.00 0.00 0.00 0.00 0.00
-9999.00 -0.29 -0.34 -0.41 -0.48 -0.55 -0.62 -0.70 -0.83 -0.88 -0.88 -0.70 -0.31 -0.16 -0.11 0.07 0.12 0.19 0.25 0.31 0.38 0.46 0.59 0.68 0.79 0.91 1.04 1.32 1.48 2.46 3.73 3.88 3.98 4.15 4.29 4.46 4.55 4.70 4.78 4.85 4.91 2.87 1.18 0.68 0.20 0.95 2.21 3.21 3.67 3.71 3.74 3.76 3.77 3.78 3.79 3.80 3.80 3.80 1.56 1.38 2.36 3.78 3.78 3.76 3.75 3.75 1.70 2.06 2.36 2.96 3.03 2.58 2.33 0.00 0.00 0.00 0.00 0.00 0.00 0.00 0.00 0.00 0.00 0.00
-9999.00 -0.24 -0.32 -0.39 -0.46 -0.53 -0.61 -0.69 -0.82 -0.87 -0.85 -0.61 -0.24 -0.14 -0.09 0.07 0.13 0.20 0.26 0.32 0.40 0.48 0.56 0.70 0.81 0.94 1.07 1.20 1.46 1.81 3.10 3.84 3.92 4.11 4.26 4.40 4.52 4.68 4.76 4.84 4.91 3.85 1.78 1.17 1.18 2.08 3.47 4.04 3.68 3.66 3.71 3.74 3.75 3.77 3.78 3.79 3.79 2.44 1.05 1.43 1.82 2.32 2.05 2.15 3.66 3.74 2.05 1.94 2.54 3.04 2.91 2.51 2.26 0.00 0.00 0.00 0.00 0.00 0.00 0.00 0.00 0.00 0.00 0.00
-9999.00 -0.22 -0.31 -0.37 -0.44 -0.52 -0.59 -0.68 -0.81 -0.86 -0.82 -0.48 -0.18 -0.12 -0.07 0.08 0.14 0.20 0.26 0.33 0.41 0.49 0.58 0.73 0.84 0.96 1.09 1.20 1.45 1.60 2.08 3.47 3.91 4.02 4.23 4.37 4.48 4.65 4.74 4.82 4.88 4.82 4.68 3.58 2.13 3.47 4.41 4.31 3.83 3.66 3.68 3.71 3.74 3.75 3.77 3.77 2.87 1.23 1.28 1.78 1.85 1.89 1.77 1.73 3.25 3.71 2.52 2.09 2.63 3.10 3.08 2.52 2.55 0.93 0.00 0.00 0.00 0.00 0.00 0.00 0.00 0.00 0.00 0.00
-9999.00 -0.21 -0.29 -0.35 -0.42 -0.50 -0.58 -0.67 -0.76 -0.84 -0.75 -0.40 -0.16 -0.11 0.00 0.09 0.15 0.21 0.27 0.34 0.42 0.50 0.59 0.75 0.87 0.98 1.09 1.31 1.44 1.58 1.86 2.36 3.65 3.98 4.12 4.30 4.43 4.54 4.69 4.76 4.82 4.78 4.74 4.71 4.59 4.55 4.49 4.50 4.14 3.75 3.69 3.72 3.74 3.76 3.76 3.77 2.34 0.88 0.91 1.81 1.89 2.05 1.92 1.90 2.94 3.69 2.89 2.45 2.87 3.17 3.00 2.44 2.64 2.26 0.92 0.00 0.00 0.00 0.00 0.00 0.00 0.00 0.00 0.00
-0.19 -0.22 -0.26 -0.33 -0.41 -0.49 -0.57 -0.66 -0.76 -0.82 -0.69 -0.34 -0.15 -0.05 0.01 0.09 0.15 0.21 0.27 0.35 0.43 0.52 0.62 0.77 0.89 1.00 1.11 1.34 1.47 1.60 1.84 2.07 2.62 3.79 4.07 4.20 4.34 4.45 4.55 4.61 4.69 4.69 4.68 4.66 4.55 4.57 4.54 4.55 4.08 3.70 3.70 3.73 3.74 3.75 3.76 3.71 1.44 0.77 1.01 1.72 1.80 1.82 1.76 1.77 2.60 3.66 2.07 2.28 2.76 3.23 3.09 2.34 2.44 2.24 2.47 1.33 0.00 0.00 0.00 0.00 0.00 0.00 0.00 0.00
-0.14 -0.20 -0.25 -0.31 -0.39 -0.48 -0.56 -0.66 -0.75 -0.80 -0.64 -0.29 -0.14 -0.10 0.02 0.07 0.17 0.22 0.28 0.36 0.44 0.54 0.64 0.81 0.93 1.05 1.18 1.43 1.60 1.73 1.95 2.11 2.33 2.65 3.33 4.07 4.36 4.46 4.47 4.51 4.54 4.56 4.56 4.54 4.53 4.59 4.58 4.57 3.90 3.67 3.72 3.74 3.76 3.76 3.76 2.68 1.12 0.70 1.55 1.72 1.76 1.69 1.65 1.80 2.45 3.64 2.00 1.80 2.49 3.51 3.01 2.38 2.28 2.27 2.54 2.42 2.11 1.43 0.00 0.00 0.00 0.00 0.00 0.00
0.22 -0.15 -0.22 -0.30 -0.38 -0.47 -0.55 -0.65 -0.75 -0.78 -0.59 -0.26 -0.14 -0.03 0.03 0.08 0.18 0.23 0.29 0.37 0.46 0.57 0.72 0.86 1.07 1.20 1.32 1.53 1.64 1.76 1.96 2.11 2.29 2.55 2.86 3.18 3.65 4.29 4.42 4.37 4.38 4.38 4.40 4.39 4.49 4.56 4.60 4.49 3.70 3.65 3.73 3.75 3.76 3.76 3.77 2.01 0.77 0.84 1.57 1.63 1.62 1.65 1.98 1.71 2.39 3.60 1.70 2.23 2.61 3.53 2.83 2.29 2.25 2.15 2.33 2.17 1.81 1.47 1.21 0.00 0.00 0.00 0.00 0.00
1.93 0.74 -0.10 -0.26 -0.36 -0.46 -0.55 -0.65 -0.75 -0.76 -0.55 -0.24 -0.15 -0.02 0.03 0.09 0.19 0.24 0.31 0.40 0.53 0.67 0.82 0.97 1.15 1.24 1.33 1.52 1.62 1.74 1.86 2.06 2.23 2.46 2.75 3.00 3.14 3.34 4.16 4.23 4.19 4.23 4.27 4.36 4.46 4.56 4.62 4.06 3.55 3.64 3.71 3.74 3.76 3.78 3.67 2.04 0.01 0.98 1.55 1.59 1.50 1.65 1.64 1.53 2.52 1.84 2.04 2.82 3.55 3.54 3.14 2.22 2.08 2.07 2.22 2.17 1.69 1.26 1.33 0.00 0.00 0.00 0.00 0.00
2.37 2.36 0.89 0.00 -0.29 -0.43 -0.54 -0.65 -0.75 -0.77 -0.49 -0.24 -0.16 -0.02 0.04 0.10 0.19 0.25 0.34 0.46 0.61 0.78 0.92 1.03 1.15 1.23 1.31 1.49 1.60 1.71 1.82 2.02 2.18 2.38 2.63 2.90 3.09 3.17 3.31 3.84 4.04 4.14 4.26 4.35 4.42 4.50 3.93 3.42 3.49 3.61 3.68 3.73 3.76 3.78 3.15 1.97 0.19 1.38 1.77 1.72 1.94 1.76 1.80 1.68 2.84 1.82 1.98 2.64 3.56 3.57 3.56 2.29 2.16 1.96 2.27 2.18 1.71 1.31 1.05 0.06 0.00 0.00 0.00 0.00
2.25 2.39 2.43 2.33 1.35 0.15 -0.39 -0.61 -0.73 -0.75 -0.45 -0.24 -0.18 -0.08 0.05 0.11 0.20 0.28 0.39 0.54 0.72 0.87 0.97 1.03 1.14 1.22 1.38 1.48 1.58 1.69 1.80 1.99 2.14 2.33 2.54 2.80 3.01 3.14 3.23 3.49 3.79 3.92 4.11 4.18 4.18 4.02 3.21 3.21 3.49 3.59 3.67 3.73 3.78 3.78 2.79 1.57 0.46 1.54 1.69 1.89 1.99 1.66 1.73 1.86 3.50 2.42 2.15 2.78 3.58 3.59 3.49 2.18 2.78 2.14 2.71 2.48 2.10 1.42 1.17 0.00 0.00 0.00 0.00 0.00
2.13 2.20 2.27 2.32 2.23 1.87 0.81 -0.20 -0.62 -0.70 -0.41 -0.26 -0.19 -0.01 0.06 0.12 0.19 0.32 0.46 0.64 0.80 0.90 0.96 1.02 1.13 1.21 1.29 1.47 1.58 1.68 1.79 1.98 2.13 2.30 2.49 2.71 2.93 3.10 3.24 3.56 3.70 3.80 3.91 4.02 4.04 3.81 2.31 3.08 3.51 3.61 3.67 3.72 3.75 3.78 3.19 1.17 0.45 1.34 1.29 1.89 1.75 1.75 2.08 2.99 3.60 1.77 2.47 3.15 3.59 3.60 3.57 2.55 2.96 2.11 2.62 2.17 1.89 1.62 1.16 0.00 0.00 0.00 0.00 0.00
2.08 2.14 2.17 2.16 2.04 1.89 1.83 1.39 0.38 -0.36 -0.34 -0.26 -0.21 -0.00 0.07 0.13 0.22 0.39 0.55 0.72 0.84 0.91 0.96 1.02 1.10 1.30 1.41 1.50 1.60 1.71 1.81 1.99 2.13 2.30 2.48 2.69 2.92 3.12 3.27 3.47 3.67 3.74 3.79 3.92 4.10 3.43 0.01 1.95 3.42 3.63 3.67 3.70 3.77 3.78 3.79 0.72 0.56 1.26 1.19 1.62 1.73 3.41 3.61 3.61 2.07 1.45 2.23 2.87 3.61 3.62 3.62 3.54 2.94 2.24 2.67 2.22 2.15 1.89 0.00 0.00 0.00 0.00 0.00 0.00
2.05 2.09 2.11 2.12 2.03 1.88 1.77 1.62 1.40 1.09 1.46 -0.13 -0.18 0.00 0.08 0.16 0.26 0.47 0.62 0.76 0.88 0.93 0.98 1.06 1.14 1.26 1.44 1.53 1.63 1.74 1.85 1.96 2.16 2.31 2.49 2.70 2.94 3.15 3.32 3.65 3.72 3.79 3.97 4.31 3.85 0.24 0.02 1.97 3.01 3.61 3.67 3.68 3.76 3.79 3.79 0.26 0.53 1.15 1.18 1.55 1.85 3.62 3.62 3.62 1.76 2.21 2.21 3.07 3.62 3.63 3.64 3.64 3.00 1.84 2.61 2.45 2.30 1.61 0.00 0.00 0.00 0.00 0.00 0.00
2.03 2.07 2.08 2.07 1.99 1.86 1.72 1.56 1.39 1.31 1.43 0.97 1.58 0.11 0.13 0.24 0.36 0.54 0.69 0.82 0.91 0.96 1.01 1.09 1.17 1.37 1.46 1.56 1.66 1.77 1.88 2.01 2.20 2.35 2.54 2.76 2.99 3.20 3.52 3.71 3.79 3.91 4.25 4.87 2.53 0.21 0.01 1.64 2.23 2.55 3.05 3.73 3.77 3.81 3.06 0.00 0.02 0.51 1.06 1.70 1.84 3.34 3.64 3.64 2.40 2.16 2.19 2.95 3.63 3.64 3.64 3.61 2.99 1.84 2.61 2.55 1.83 0.00 0.00 0.00 0.00 0.00 0.00 0.00
1.99 2.05 2.07 2.05 1.95 1.82 1.69 1.56 1.41 1.32 1.41 1.58 1.63 1.85 0.42 0.35 0.62 0.59 0.74 0.86 0.94 0.98 1.04 1.12 1.19 1.39 1.48 1.58 1.68 1.79 1.91 2.04 2.26 2.42 2.63 2.85 3.07 3.27 3.53 3.70 3.78 4.01 4.71 5.08 0.53 0.03 0.03 1.72 1.71 1.61 2.07 3.76 3.79 3.81 2.20 0.00 0.05 0.00 1.04 1.74 1.83 3.47 3.65 3.65 2.14 2.35 2.36 2.42 3.64 3.64 3.65 3.53 3.23 2.06 2.65 1.57 0.00 0.00 0.00 0.00 0.00 0.00 0.00 0.00
1.98 2.03 2.05 2.04 1.95 1.82 1.69 1.56 1.41 1.34 1.40 1.59 1.71 1.88 2.06 2.16 1.80 1.08 0.86 0.89 0.96 1.00 1.06 1.14 1.21 1.40 1.49 1.59 1.69 1.80 1.92 2.06 2.31 2.50 2.74 2.97 3.17 3.32 3.43 3.67 4.03 4.91 5.15 2.82 0.07 0.00 0.64 1.81 1.81 1.71 2.28 3.53 3.81 3.83 1.42 0.00 0.03 0.25 1.32 1.74 2.20 3.67 3.67 2.55 1.77 2.57 2.48 2.55 3.64 3.64 3.65 3.53 3.27 2.22 1.31 0.00 0.00 0.00 0.00 0.00 0.00 0.00 0.00 0.00
1.97 2.01 2.04 2.04 1.94 1.82 1.70 1.57 1.43 1.34 1.39 1.61 1.72 1.88 2.06 2.21 2.32 2.32 1.42 1.04 1.00 1.02 1.08 1.15 1.22 1.30 1.52 1.59 1.69 1.80 1.93 2.09 2.38 2.61 2.88 3.11 3.25 3.36 3.55 3.85 4.70 5.01 5.09 2.28 0.04 0.37 1.57 1.79 1.79 1.75 2.44 3.83 3.83 3.85 0.61 0.00 0.00 0.75 1.66 1.85 2.96 3.70 2.97 1.77 1.73 2.46 2.26 2.68 3.65 3.66 3.43 3.67 2.56 2.25 0.00 0.00 0.00 0.00 0.00 0.00 0.00 0.00 0.00 0.00
1.96 2.00 2.03 2.03 1.95 1.83 1.70 1.58 1.45 1.36 1.38 1.55 1.74 1.92 2.07 2.17 2.29 2.41 2.55 2.49 1.79 1.21 1.12 1.15 1.31 1.44 1.54 1.61 1.75 1.86 1.96 2.12 2.32 2.69 2.95 3.15 3.27 3.38 3.50 4.45 4.77 4.96 4.88 1.45 0.04 1.11 1.66 1.88 1.88 1.74 2.44 3.85 3.85 3.85 0.09 0.10 0.18 1.32 1.71 1.95 3.13 3.72 3.02 1.86 2.03 2.44 2.05 2.74 3.66 3.66 3.42 3.67 2.76 2.51 0.00 0.00 0.00 0.00 0.00 0.00 0.00 0.00 0.00 0.00
1.94 1.98 2.01 2.02 1.96 1.84 1.72 1.59 1.46 1.36 1.36 1.52 1.79 2.00 2.12 2.19 2.24 2.33 2.51 2.60 2.61 2.26 1.45 1.22 1.24 1.47 1.57 1.68 1.79 1.92 2.06 2.23 2.36 2.87 3.07 3.17 3.27 3.41 4.17 4.50 4.74 4.89 4.62 1.03 0.37 1.54 1.60 1.88 1.89 1.80 2.63 3.87 3.87 2.63 0.00 0.02 0.29 1.34 1.56 1.76 3.67 3.74 3.16 1.81 2.01 2.17 2.18 2.96 3.66 3.67 3.68 3.68 3.02 2.55 1.86 0.00 0.00 0.00 0.00 0.00 0.00 0.00 0.00 0.00
1.93 1.97 2.00 2.00 1.97 1.86 1.74 1.62 1.48 1.35 1.33 1.74 1.85 2.06 2.16 2.19 2.24 2.32 2.43 2.56 2.63 2.68 2.58 1.81 1.35 1.50 1.61 1.72 1.85 1.98 2.13 2.32 2.55 2.97 3.11 3.24 3.66 4.06 4.25 4.46 4.70 4.78 3.69 0.30 0.58 1.67 1.64 1.88 1.92 2.48 3.94 3.93 3.37 0.11 0.12 0.11 0.25 1.08 1.54 2.23 3.77 3.76 2.91 1.80 1.96 1.72 1.93 2.73 3.51 3.56 3.28 3.68 3.69 1.57 0.19 0.00 0.00 0.00 0.00 0.00 0.00 0.00 0.00 0.00
1.89 1.94 1.97 1.98 1.96 1.87 1.76 1.63 1.50 1.36 1.31 1.76 1.93 2.11 2.20 2.21 2.24 2.32 2.42 2.54 2.61 2.67 2.74 2.74 2.26 1.50 1.66 1.78 1.91 2.04 2.19 2.40 2.68 3.00 3.15 3.77 3.99 4.08 4.36 4.51 4.68 4.29 0.17 0.03 1.51 1.75 1.65 1.86 1.97 2.88 3.99 3.97 1.41 0.00 0.12 0.07 0.37 1.15 1.64 2.82 3.79 3.78 2.64 1.68 2.21 1.91 2.24 2.97 2.80 2.49 2.61 3.69 3.19 0.00 0.00 0.00 0.00 0.00 0.00 0.00 0.00 0.00 0.00 0.00
1.87 1.91 1.95 1.95 1.96 1.87 1.76 1.65 1.51 1.37 1.31 1.75 2.00 2.17 2.23 2.23 2.25 2.33 2.42 2.53 2.60 2.66 2.72 2.80 2.87 1.90 1.69 1.80 1.92 2.05 2.23 2.49 2.77 2.92 3.55 3.87 3.97 4.28 4.40 4.52 3.25 0.71 0.00 0.44 1.51 1.76 1.61 1.75 2.01 3.31 4.02 3.47 0.49 0.07 0.09 0.00 0.62 1.34 1.84 3.29 3.81 3.80 2.72 1.81 2.41 1.94 2.50 3.26 3.00 2.16 2.01 2.42 2.06 0.00 0.00 0.00 0.00 0.00 0.00 0.00 0.00 0.00 0.00 0.00
1.84 1.89 1.92 1.93 1.93 1.85 1.76 1.65 1.52 1.39 1.34 1.55 2.04 2.22 2.25 2.24 2.27 2.34 2.42 2.53 2.60 2.66 2.73 2.80 3.01 3.07 2.46 1.91 1.90 2.02 2.23 2.52 2.76 3.00 3.69 3.85 3.97 4.31 4.44 4.54 0.67 0.46 0.00 0.69 1.45 1.77 1.63 1.79 2.69 4.10 4.05 0.93 0.39 0.04 0.10 0.01 0.87 1.40 1.91 3.46 3.82 3.82 3.00 2.27 1.74 2.00 2.72 3.51 2.02 0.00 0.00 0.00 0.00 0.00 0.00 0.00 0.00 0.00 0.00 0.00 0.00 0.00 0.00 0.00
1.82 1.86 1.89 1.90 1.90 1.83 1.75 1.65 1.52 1.40 1.33 1.49 2.04 2.26 2.28 2.27 2.29 2.34 2.42 2.54 2.61 2.67 2.74 2.83 2.98 3.07 3.14 2.78 2.06 2.02 2.23 2.54 2.82 3.26 3.68 3.83 3.97 4.32 4.49 4.59 2.13 0.71 0.03 0.53 1.53 1.84 1.72 1.82 2.93 4.14 1.89 0.85 0.52 0.18 0.10 0.65 1.11 1.58 1.82 3.78 3.84 3.75 2.98 2.22 1.94 2.18 2.59 3.40 0.00 0.00 0.00 0.00 0.00 0.00 0.00 0.00 0.00 0.00 0.00 0.00 0.00 0.00 0.00 0.00
1.79 1.84 1.86 1.87 1.88 1.81 1.73 1.64 1.52 1.40 1.33 1.42 1.91 2.26 2.31 2.29 2.30 2.35 2.42 2.50 2.62 2.69 2.77 2.95 3.01 3.07 3.17 3.22 3.03 2.28 2.27 2.64 3.03 3.34 3.67 3.82 3.99 4.39 4.55 4.62 2.36 0.97 0.05 0.52 1.64 1.88 1.85 1.91 2.31 4.20 1.19 0.90 0.50 0.19 0.14 0.63 1.35 1.63 2.01 2.74 3.88 3.71 3.00 2.14 1.87 2.07 2.33 2.09 0.00 0.00 0.00 0.00 0.00 0.00 0.00 0.00 0.00 0.00 0.00 0.00 0.00 0.00 0.00 0.00
1.77 1.81 1.84 1.84 1.85 1.77 1.70 1.62 1.51 1.40 1.33 1.39 1.79 2.20 2.30 2.30 2.31 2.34 2.41 2.51 2.67 2.76 2.85 3.01 3.07 3.12 3.15 3.25 3.36 3.34 2.74 2.76 3.09 3.34 3.64 3.85 4.36 4.52 4.66 2.31 1.43 0.75 0.19 0.95 1.83 1.98 1.94 1.98 2.36 4.23 1.09 0.88 0.28 0.18 0.16 0.07 1.20 1.67 1.19 2.64 3.90 3.17 2.75 1.90 2.07 1.99 1.88 0.00 0.00 0.00 0.00 0.00 0.00 0.00 0.00 0.00 0.00 0.00 0.00 0.00 0.00 0.00 0.00 0.00
1.74 1.78 1.81 1.81 1.82 1.77 1.67 1.59 1.49 1.39 1.33 1.38 1.67 2.05 2.25 2.29 2.31 2.35 2.43 2.54 2.75 2.87 2.97 3.10 3.14 3.19 3.24 3.36 3.51 3.86 4.17 3.42 3.13 3.36 3.57 4.18 4.49 4.74 3.26 1.01 1.22 0.35 0.28 1.14 1.96 2.07 2.03 2.08 2.51 4.26 1.09 0.87 0.25 0.22 0.14 0.02 1.29 1.41 1.04 3.22 3.93 3.04 1.87 1.88 1.80 1.15 0.00 0.00 0.00 0.00 0.00 0.00 0.00 0.00 0.00 0.00 0.00 0.00 0.00 0.00 0.00 0.00 0.00 0.00
1.72 1.75 1.78 1.78 1.78 1.73 1.63 1.56 1.46 1.37 1.31 1.35 1.47 1.87 2.16 2.26 2.31 2.38 2.48 2.62 2.85 2.97 3.06 3.11 3.18 3.25 3.38 3.61 3.92 4.32 4.57 4.77 4.83 3.98 3.71 4.51 4.63 4.89 4.75 2.30 0.98 0.28 0.36 1.60 2.11 2.22 2.16 2.24 2.92 4.29 1.11 0.93 0.23 0.23 0.15 0.26 0.98 0.93 1.39 3.53 3.96 2.70 1.76 2.20 2.77 0.00 0.00 0.00 0.00 0.00 0.00 0.00 0.00 0.00 0.00 0.00 0.00 0.00 0.00 0.00 0.00 0.00 0.00 0.00
1.70 1.73 1.75 1.75 1.74 1.69 1.59 1.51 1.41 1.33 1.28 1.32 1.42 1.72 2.00 2.21 2.34 2.47 2.57 2.68 2.85 2.98 3.08 3.15 3.29 3.35 3.41 3.66 4.03 4.33 4.52 4.70 4.91 5.03 4.85 4.59 4.70 5.00 5.10 4.91 1.50 0.65 0.50 1.89 2.25 2.68 2.43 2.25 3.42 4.32 1.14 1.05 0.29 0.26 0.18 0.55 0.91 1.56 1.98 3.72 4.01 2.82 1.80 2.48 2.15 0.00 0.00 0.00 0.00 0.00 0.00 0.00 0.00 0.00 0.00 0.00 0.00 0.00 0.00 0.00 0.00 0.00 0.00 0.00
