tsunami_inundation/3210.asc
ncols        89
nrows        96
xllcorner    425855.973699999973
yllcorner    5091051.504999999888
cellsize     55.000000000000
NODATA_value  -9999.00
[rows 37 to 73 of 96, columns 0 to 83 of 89]
1.66 1.67 1.71 1.71 1.69 1.63 1.54 1.46 1.37 1.25 1.25 1.29 1.37 1.55 1.78 2.13 2.43 2.57 2.60 2.62 2.70 2.92 3.22 3.30 3.35 3.36 3.41 3.69 4.05 4.27 4.44 4.59 4.75 5.12 5.78 5.08 4.76 5.02 5.11 5.19 1.58 0.59 0.64 1.91 2.27 2.88 2.77 2.39 4.22 4.34 1.17 1.07 0.25 0.19 0.27 0.43 0.98 1.84 1.96 3.97 4.05 3.40 2.97 2.68 1.37 0.00 0.00 0.00 0.00 0.00 0.00 0.00 0.00 0.00 0.00 0.00 0.00 0.00 0.00 0.00 0.00 0.00 0.00 0.00
1.63 1.63 1.67 1.60 1.55 1.58 1.44 1.39 1.30 1.20 1.19 1.22 1.28 1.50 1.77 2.10 2.36 2.49 2.52 2.53 2.58 2.84 3.32 3.36 3.35 3.34 3.39 3.56 4.05 4.25 4.41 4.54 4.68 5.12 5.94 5.30 4.96 5.01 5.12 4.18 0.81 0.54 0.73 1.94 2.34 2.68 2.36 2.77 4.36 1.44 1.18 0.97 0.22 0.20 0.30 0.25 1.41 2.00 2.17 4.08 4.07 3.66 3.25 2.33 1.89 0.00 0.00 0.00 0.00 0.00 0.00 0.00 0.00 0.00 0.00 0.00 0.00 0.00 0.00 0.00 0.00 0.00 0.00 0.00
1.62 1.60 1.59 1.56 1.51 1.44 1.39 1.35 1.27 1.12 1.11 1.17 1.23 1.52 1.84 2.01 2.15 2.29 2.40 2.44 2.47 2.73 3.42 3.38 3.32 3.31 3.37 3.57 4.09 4.27 4.40 4.50 4.63 5.16 5.97 6.05 5.51 5.29 5.15 3.29 0.62 0.41 1.10 1.98 2.23 2.54 2.40 3.78 4.35 1.43 1.20 0.95 0.24 0.25 0.35 0.40 1.56 1.99 2.51 4.10 4.10 3.69 1.99 2.35 3.02 0.00 0.00 0.00 0.00 0.00 0.00 0.00 0.00 0.00 0.00 0.00 0.00 0.00 0.00 0.00 0.00 0.00 0.00 0.00
1.61 1.60 1.57 1.54 1.48 1.41 1.36 1.26 1.19 1.11 1.07 1.11 1.28 1.47 1.77 1.91 1.95 2.06 2.22 2.33 2.38 2.62 3.44 3.38 3.29 3.28 3.35 3.60 4.15 4.30 4.40 4.47 4.60 5.22 6.02 6.07 6.09 6.01 5.49 2.26 0.61 0.15 1.48 2.06 2.29 2.55 2.60 4.39 4.39 1.41 1.25 1.01 0.26 0.28 0.28 0.75 2.02 2.42 3.55 4.12 4.11 3.60 2.51 2.09 2.53 1.79 0.00 0.00 0.00 0.00 0.00 0.00 0.00 0.00 0.00 0.00 0.00 0.00 0.00 0.00 0.00 0.00 0.00 0.00
1.61 1.60 1.57 1.53 1.46 1.38 1.32 1.22 1.14 1.07 1.03 1.14 1.43 1.59 1.65 1.78 1.73 1.79 2.01 1.87 2.27 2.58 3.10 3.34 3.30 3.29 3.39 3.71 4.22 4.33 4.41 4.49 4.65 5.32 6.02 6.16 6.10 6.16 6.12 2.34 0.54 0.01 1.21 2.13 2.38 2.39 3.18 4.40 4.40 1.26 1.17 0.93 0.27 0.27 0.19 1.37 2.60 3.72 4.14 4.11 4.12 3.92 3.09 2.30 2.17 1.97 2.14 2.25 0.13 0.00 0.00 0.00 0.00 0.00 0.00 0.00 0.00 0.00 0.00 0.00 0.00 0.00 0.00 0.00
1.60 1.60 1.57 1.52 1.44 1.35 1.28 1.18 1.03 1.00 1.03 1.34 1.46 1.46 1.49 1.56 1.62 1.67 1.72 1.79 2.00 2.19 3.10 3.22 3.33 3.36 3.49 3.81 4.25 4.36 4.44 4.53 4.77 5.58 5.96 6.20 6.21 6.26 6.15 1.75 0.53 0.23 1.38 2.11 2.46 2.42 3.99 4.41 4.41 1.49 1.18 0.81 0.24 0.29 0.39 2.04 3.71 4.17 3.03 2.30 3.54 4.15 2.93 2.31 2.20 1.92 2.03 1.22 0.00 0.00 0.00 0.00 0.00 0.00 0.00 0.00 0.00 0.00 0.00 0.00 0.00 0.00 0.00 0.00
1.57 1.57 1.56 1.50 1.42 1.33 1.25 1.19 1.06 0.97 1.16 1.38 1.39 1.37 1.41 1.48 1.55 1.62 1.68 1.77 1.90 2.74 2.87 2.94 3.06 3.28 3.56 3.96 4.26 4.46 4.51 4.62 5.09 5.78 5.87 5.94 6.30 6.41 6.23 1.70 0.57 0.49 1.70 2.12 2.42 2.41 4.42 4.42 3.59 1.49 1.16 1.15 0.96 0.46 1.09 2.07 2.93 3.57 2.97 2.83 3.57 4.16 2.93 2.20 2.23 2.02 1.91 0.00 0.00 0.00 0.00 0.00 0.00 0.00 0.00 0.00 0.00 0.00 0.00 0.00 0.00 0.00 0.00 0.00
1.50 1.51 1.51 1.47 1.40 1.32 1.24 1.17 1.02 0.99 1.29 1.34 1.32 1.30 1.33 1.43 1.51 1.60 1.69 1.80 1.98 2.30 2.92 2.96 3.02 3.11 3.35 3.99 4.40 4.58 4.62 5.21 5.53 5.83 5.94 6.15 6.32 6.44 3.26 1.35 0.07 0.85 2.46 2.33 2.36 2.32 4.43 4.43 2.42 1.43 1.16 1.15 1.11 0.53 1.47 2.10 2.14 2.25 2.20 2.36 2.65 4.18 2.99 2.14 1.48 0.97 0.64 0.00 0.00 0.00 0.00 0.00 0.00 0.00 0.00 0.00 0.00 0.00 0.00 0.00 0.00 0.00 0.00 0.00
1.47 1.47 1.48 1.45 1.38 1.30 1.22 1.13 0.93 1.08 1.31 1.30 1.27 1.28 1.33 1.43 1.52 1.63 1.77 1.93 2.15 2.82 2.98 3.04 3.07 3.13 3.32 3.88 4.29 4.44 5.16 6.04 6.21 5.95 6.05 6.29 6.33 6.42 2.38 1.14 0.14 1.88 2.55 2.28 2.32 2.32 4.44 1.84 1.50 1.37 1.21 1.19 0.95 0.65 1.73 2.07 2.09 2.10 2.06 2.32 2.98 4.20 2.60 1.89 0.00 0.00 0.00 0.00 0.00 0.00 0.00 0.00 0.00 0.00 0.00 0.00 0.00 0.00 0.00 0.00 0.00 0.00 0.00 0.00
1.43 1.45 1.44 1.40 1.33 1.25 1.18 1.09 0.95 1.19 1.29 1.27 1.26 1.30 1.37 1.49 1.62 1.77 1.91 2.06 2.32 2.72 2.92 3.05 3.11 3.16 3.33 3.84 4.14 5.03 5.79 6.03 6.15 6.20 6.29 6.53 6.49 5.72 2.06 1.02 1.21 2.06 2.37 2.46 2.32 2.29 4.45 1.67 1.46 1.30 1.18 1.23 0.81 0.98 1.89 2.18 2.15 2.01 1.95 2.91 4.21 3.50 2.17 0.70 0.00 0.00 0.00 0.00 0.00 0.00 0.00 0.00 0.00 0.00 0.00 0.00 0.00 0.00 0.00 0.00 0.00 0.00 0.00 0.00
1.42 1.42 1.40 1.35 1.27 1.19 1.12 1.05 1.01 1.26 1.28 1.27 1.29 1.36 1.46 1.67 1.78 1.83 1.94 2.15 2.45 2.74 2.87 2.97 3.04 3.09 3.26 3.80 4.42 5.49 5.84 6.03 6.17 6.22 6.31 6.55 6.73 4.78 1.77 0.92 1.23 2.23 2.25 2.38 3.06 3.04 4.46 3.55 1.33 1.28 1.18 1.14 0.73 1.15 1.90 2.24 2.13 1.95 2.08 4.25 2.96 2.22 0.58 0.00 0.00 0.00 0.00 0.00 0.00 0.00 0.00 0.00 0.00 0.00 0.00 0.00 0.00 0.00 0.00 0.00 0.00 0.00 0.00 0.00
1.38 1.38 1.36 1.30 1.21 1.13 1.07 1.01 1.11 1.30 1.29 1.31 1.45 1.64 1.77 1.79 1.81 1.87 2.00 2.26 2.54 2.68 2.80 2.86 2.92 2.99 3.20 4.14 5.45 5.64 5.78 5.98 6.16 6.24 6.33 6.54 6.74 4.45 1.61 0.77 1.34 2.25 2.08 2.32 2.65 2.48 4.49 1.44 1.32 1.27 1.16 0.82 0.66 1.13 1.86 2.10 2.07 2.17 2.64 4.30 2.65 1.96 0.00 0.00 0.00 0.00 0.00 0.00 0.00 0.00 0.00 0.00 0.00 0.00 0.00 0.00 0.00 0.00 0.00 0.00 0.00 0.00 0.00 0.00
1.33 1.33 1.32 1.24 1.15 1.08 1.02 0.97 1.24 1.31 1.32 1.46 1.73 1.85 1.83 1.82 1.86 1.95 2.11 2.42 2.62 2.70 2.74 2.77 2.83 2.94 3.43 5.38 5.66 5.66 5.74 5.89 6.07 6.21 6.31 6.49 6.63 2.94 1.51 0.95 2.13 2.45 2.32 2.40 2.35 2.43 4.50 3.67 1.32 1.31 1.12 0.45 0.62 1.14 1.92 2.09 2.09 2.34 2.53 3.93 2.69 1.83 0.00 0.00 0.00 0.00 0.00 0.00 0.00 0.00 0.00 0.00 0.00 0.00 0.00 0.00 0.00 0.00 0.00 0.00 0.00 0.00 0.00 0.00
1.23 1.26 1.26 1.22 1.14 1.06 1.00 0.96 1.28 1.32 1.44 1.80 1.96 1.92 1.90 1.90 1.94 2.03 2.25 2.54 2.65 2.66 2.70 2.72 2.78 3.02 4.75 5.63 5.68 5.73 5.80 5.91 6.05 6.19 6.39 6.49 5.44 2.13 1.68 1.86 2.52 2.42 2.40 2.46 2.43 2.54 4.52 1.50 1.38 1.43 1.01 1.11 1.32 1.38 1.97 2.20 2.17 2.43 2.51 4.05 4.36 1.42 0.00 0.00 0.00 0.00 0.00 0.00 0.00 0.00 0.00 0.00 0.00 0.00 0.00 0.00 0.00 0.00 0.00 0.00 0.00 0.00 0.00 0.00
1.19 1.21 1.23 1.20 1.12 1.05 0.98 0.99 1.31 1.42 1.83 2.06 2.04 2.00 1.99 1.97 1.98 2.08 2.34 2.56 2.61 2.63 2.66 2.71 2.87 4.11 5.23 5.34 5.58 5.76 5.90 6.00 6.10 6.31 6.39 6.46 4.24 2.02 1.90 2.08 2.20 2.13 2.03 1.91 2.20 3.10 4.53 1.57 1.51 1.49 1.06 1.51 1.30 1.50 2.09 2.30 2.13 2.25 2.40 3.53 4.43 0.00 0.00 0.00 0.00 0.00 0.00 0.00 0.00 0.00 0.00 0.00 0.00 0.00 0.00 0.00 0.00 0.00 0.00 0.00 0.00 0.00 0.00 0.00
1.16 1.17 1.18 1.15 1.09 1.02 0.97 1.01 1.41 1.84 2.14 2.14 2.10 2.07 2.02 1.98 1.97 2.09 2.38 2.55 2.57 2.62 2.64 2.90 4.38 5.03 5.09 5.19 5.42 5.62 5.77 5.99 6.09 6.31 6.40 6.20 3.11 1.93 2.64 2.14 1.70 1.42 1.36 1.57 2.37 3.91 4.01 1.61 1.57 1.42 1.11 1.38 1.34 1.64 2.12 2.46 2.25 2.28 2.56 4.47 2.35 0.00 0.00 0.00 0.00 0.00 0.00 0.00 0.00 0.00 0.00 0.00 0.00 0.00 0.00 0.00 0.00 0.00 0.00 0.00 0.00 0.00 0.00 0.00
1.12 1.13 1.13 1.10 1.04 0.99 0.95 1.06 1.52 2.23 2.19 2.13 2.10 2.06 1.96 1.89 1.89 2.07 2.39 2.52 2.53 2.61 2.67 3.89 4.86 5.02 5.10 5.17 5.35 5.54 5.71 5.93 6.05 6.18 6.39 5.19 2.87 1.82 2.75 2.00 1.13 0.61 1.16 2.04 2.77 4.55 4.55 1.50 1.59 1.39 1.22 1.39 1.50 1.94 2.18 2.25 2.42 2.64 2.85 3.51 1.14 0.00 0.00 0.00 0.00 0.00 0.00 0.00 0.00 0.00 0.00 0.00 0.00 0.00 0.00 0.00 0.00 0.00 0.00 0.00 0.00 0.00 0.00 0.00
1.08 1.08 1.08 1.04 0.99 0.96 0.96 1.47 2.42 2.26 2.07 2.01 1.97 1.92 1.86 1.82 1.83 2.09 2.42 2.54 2.58 2.64 2.92 4.68 4.89 5.04 5.14 5.22 5.37 5.54 5.70 5.91 6.04 6.16 6.41 4.93 2.66 1.77 2.84 1.87 1.20 0.70 1.47 2.26 3.06 4.57 3.73 1.38 1.56 1.36 1.40 1.43 1.50 2.04 2.27 2.40 2.87 3.40 3.82 4.52 0.00 0.00 0.00 0.00 0.00 0.00 0.00 0.00 0.00 0.00 0.00 0.00 0.00 0.00 0.00 0.00 0.00 0.00 0.00 0.00 0.00 0.00 0.00 0.00
1.03 1.01 1.02 1.00 0.96 0.95 0.95 2.23 2.49 2.12 1.95 1.90 1.84 1.81 1.78 1.77 1.81 2.13 2.46 2.57 2.62 2.82 3.95 4.76 4.92 5.08 5.17 5.28 5.43 5.60 5.74 5.94 6.06 6.28 6.36 3.62 2.37 1.71 2.69 1.68 1.36 1.54 2.11 2.39 4.10 4.58 3.48 1.45 1.64 1.35 1.20 1.38 1.67 2.19 2.43 2.54 3.04 4.33 4.52 3.32 0.00 0.00 0.00 0.00 0.00 0.00 0.00 0.00 0.00 0.00 0.00 0.00 0.00 0.00 0.00 0.00 0.00 0.00 0.00 0.00 0.00 0.00 0.00 0.00
1.00 1.01 1.03 1.00 0.97 0.96 1.64 2.48 2.37 1.94 1.85 1.79 1.74 1.72 1.72 1.74 1.81 2.16 2.50 2.60 2.76 3.59 4.51 4.70 4.99 5.12 5.23 5.36 5.52 5.67 5.81 6.04 6.15 6.34 5.00 2.66 1.96 2.24 2.57 1.63 1.38 1.75 2.25 2.50 4.59 4.59 2.59 1.53 1.70 1.11 0.96 1.32 1.82 2.26 2.56 3.24 4.31 4.47 4.51 4.31 0.00 0.00 0.00 0.00 0.00 0.00 0.00 0.00 0.00 0.00 0.00 0.00 0.00 0.00 0.00 0.00 0.00 0.00 0.00 0.00 0.00 0.00 0.00 0.00
1.03 1.03 1.02 0.99 0.98 1.09 2.18 2.33 2.16 1.83 1.77 1.72 1.68 1.67 1.68 1.71 1.80 2.19 2.54 2.66 3.28 4.37 4.61 4.79 5.12 5.24 5.38 5.51 5.66 5.81 5.93 6.06 6.31 6.36 4.92 2.38 1.74 2.41 2.33 1.58 1.42 2.15 2.47 3.11 4.60 4.59 1.58 1.56 1.59 0.81 1.16 1.30 1.65 2.48 3.57 4.35 4.59 4.59 4.58 3.12 1.19 0.00 0.00 0.00 0.00 0.00 0.00 0.00 0.00 0.00 0.00 0.00 0.00 0.00 0.00 0.00 0.00 0.00 0.00 0.00 0.00 0.00 0.00 0.00
1.04 1.03 1.00 0.96 1.01 1.41 1.86 2.12 1.89 1.74 1.65 1.67 1.64 1.63 1.64 1.69 1.80 2.22 2.62 3.33 4.44 4.70 4.86 5.00 5.18 5.31 5.43 5.57 5.72 5.85 5.98 6.10 6.35 6.32 3.88 2.21 1.76 2.50 2.10 1.51 1.97 2.67 2.81 3.84 4.61 4.60 1.53 1.55 1.48 0.70 1.16 1.45 2.02 3.10 4.35 4.54 4.58 4.59 3.56 2.63 2.25 0.00 0.00 0.00 0.00 0.00 0.00 0.00 0.00 0.00 0.00 0.00 0.00 0.00 0.00 0.00 0.00 0.00 0.00 0.00 0.00 0.00 0.00 0.00
1.03 0.98 0.95 0.96 1.20 1.64 1.84 1.88 1.79 1.67 1.60 1.59 1.59 1.61 1.63 1.69 1.81 2.06 2.68 4.20 4.76 4.84 4.95 5.03 5.17 5.29 5.42 5.56 5.71 5.85 5.98 6.09 6.26 6.34 3.42 2.28 2.01 2.47 2.19 1.52 2.72 3.08 3.19 3.81 4.62 4.61 1.46 1.49 1.26 0.58 1.22 1.94 2.62 4.39 4.57 4.59 4.59 4.24 3.00 2.38 2.38 1.17 0.00 0.00 0.00 0.00 0.00 0.00 0.00 0.00 0.00 0.00 0.00 0.00 0.00 0.00 0.00 0.00 0.00 0.00 0.00 0.00 0.00 0.00
0.94 0.94 0.95 1.02 1.49 1.55 1.77 1.82 1.74 1.63 1.57 1.57 1.58 1.60 1.63 1.72 1.83 2.20 3.02 4.76 4.84 4.90 4.98 5.03 5.16 5.27 5.40 5.55 5.69 5.83 5.96 6.08 6.25 5.77 2.74 2.25 2.16 2.68 2.07 2.38 3.17 3.27 3.41 4.38 4.64 2.39 1.73 1.71 1.28 0.88 1.47 2.33 3.38 4.49 4.45 4.49 4.50 4.24 4.10 2.40 2.33 2.42 2.22 0.15 0.00 0.00 0.00 0.00 0.00 0.00 0.00 0.00 0.00 0.00 0.00 0.00 0.00 0.00 0.00 0.00 0.00 0.00 0.00 0.00
0.93 0.97 1.00 1.13 1.50 1.47 1.70 1.76 1.69 1.60 1.56 1.56 1.57 1.60 1.64 1.76 1.96 2.30 4.81 4.82 4.80 4.92 4.97 5.02 5.10 5.25 5.37 5.52 5.67 5.79 5.92 6.05 6.23 4.75 2.48 2.13 2.55 2.54 2.05 2.91 3.03 2.99 3.42 4.40 4.65 2.77 1.78 1.61 1.13 1.37 1.82 2.67 4.00 4.30 4.28 4.58 4.54 4.36 2.79 2.54 2.40 2.34 1.83 0.00 0.00 0.00 0.00 0.00 0.00 0.00 0.00 0.00 0.00 0.00 0.00 0.00 0.00 0.00 0.00 0.00 0.00 0.00 0.00 0.00
0.95 1.01 1.05 1.24 1.45 1.40 1.64 1.70 1.65 1.57 1.55 1.55 1.57 1.60 1.67 1.81 2.07 2.45 4.53 4.71 4.73 4.85 4.88 4.95 5.04 5.22 5.28 5.42 5.57 5.75 5.89 6.12 5.66 2.93 2.39 2.09 2.67 2.32 2.36 3.09 3.01 3.06 2.94 3.36 4.66 3.77 1.65 1.56 1.45 1.65 2.17 2.77 4.25 4.33 4.60 4.60 4.14 3.85 2.99 2.06 1.96 0.26 0.00 0.00 0.00 0.00 0.00 0.00 0.00 0.00 0.00 0.00 0.00 0.00 0.00 0.00 0.00 0.00 0.00 0.00 0.00 0.00 0.00 0.00
0.98 1.02 1.09 1.35 1.41 1.35 1.56 1.64 1.60 1.54 1.54 1.54 1.57 1.61 1.71 1.88 2.27 2.94 4.69 4.58 4.67 4.77 4.83 4.92 5.00 5.14 5.24 5.37 5.52 5.71 5.79 6.10 4.20 2.58 2.42 2.09 2.50 2.27 2.70 3.33 3.15 3.62 3.02 4.29 4.66 4.18 1.69 1.58 1.54 2.06 2.34 2.74 4.14 4.39 4.61 4.14 2.40 1.08 0.00 0.00 0.00 0.00 0.00 0.00 0.00 0.00 0.00 0.00 0.00 0.00 0.00 0.00 0.00 0.00 0.00 0.00 0.00 0.00 0.00 0.00 0.00 0.00 0.00 0.00
0.98 1.03 1.16 1.42 1.37 1.30 1.48 1.58 1.55 1.49 1.50 1.53 1.56 1.63 1.77 2.05 2.43 3.56 4.70 4.54 4.63 4.71 4.78 4.88 4.96 5.11 5.20 5.33 5.48 5.61 5.75 6.02 3.72 2.31 2.33 2.21 1.86 2.20 2.93 3.48 3.71 4.19 3.99 4.37 4.67 4.27 1.58 1.54 1.98 2.33 2.69 3.82 4.35 4.51 3.89 1.72 0.00 0.00 0.00 0.00 0.00 0.00 0.00 0.00 0.00 0.00 0.00 0.00 0.00 0.00 0.00 0.00 0.00 0.00 0.00 0.00 0.00 0.00 0.00 0.00 0.00 0.00 0.00 0.00
0.99 1.05 1.23 1.43 1.36 1.25 1.35 1.46 1.47 1.46 1.47 1.52 1.56 1.66 1.84 2.19 2.67 4.14 4.50 4.51 4.59 4.66 4.75 4.84 4.93 5.02 5.14 5.29 5.43 5.57 5.71 5.98 2.71 2.29 2.10 2.04 1.58 2.82 3.35 3.54 3.26 4.19 3.78 3.49 4.67 3.44 1.69 2.29 2.74 3.00 4.02 4.37 4.47 4.59 3.02 0.51 0.00 0.00 0.00 0.00 0.00 0.00 0.00 0.00 0.00 0.00 0.00 0.00 0.00 0.00 0.00 0.00 0.00 0.00 0.00 0.00 0.00 0.00 0.00 0.00 0.00 0.00 0.00 0.00
1.04 1.11 1.31 1.41 1.21 1.21 1.26 1.38 1.42 1.42 1.43 1.50 1.57 1.68 1.94 2.36 3.12 4.25 4.49 4.49 4.55 4.63 4.70 4.79 4.87 4.95 5.11 5.24 5.38 5.52 5.66 5.95 3.19 2.22 2.22 2.01 1.85 3.18 3.43 3.33 3.29 3.22 2.83 2.93 2.17 1.71 2.11 2.56 3.13 3.45 4.17 4.34 4.42 4.42 2.44 0.00 0.00 0.00 0.00 0.00 0.00 0.00 0.00 0.00 0.00 0.00 0.00 0.00 0.00 0.00 0.00 0.00 0.00 0.00 0.00 0.00 0.00 0.00 0.00 0.00 0.00 0.00 0.00 0.00
1.08 1.15 1.34 1.38 1.28 1.17 1.18 1.29 1.37 1.40 1.40 1.45 1.57 1.72 2.06 2.67 3.49 4.12 4.47 4.48 4.54 4.60 4.67 4.74 4.82 4.90 5.08 5.19 5.31 5.44 5.59 5.93 2.94 2.11 2.19 1.95 2.24 3.24 3.39 3.33 3.15 3.14 2.71 3.29 1.67 2.35 2.39 2.45 2.69 3.13 3.98 4.37 4.42 4.31 2.98 0.00 0.00 0.00 0.00 0.00 0.00 0.00 0.00 0.00 0.00 0.00 0.00 0.00 0.00 0.00 0.00 0.00 0.00 0.00 0.00 0.00 0.00 0.00 0.00 0.00 0.00 0.00 0.00 0.00
1.12 1.18 1.34 1.35 1.15 1.13 1.12 1.20 1.32 1.37 1.37 1.42 1.58 1.76 2.25 3.10 3.57 4.29 4.42 4.48 4.53 4.58 4.63 4.69 4.76 4.85 5.03 5.15 5.28 5.40 5.73 5.91 2.81 1.86 2.03 1.94 2.62 3.19 3.33 3.25 3.14 3.02 2.74 3.48 1.88 2.37 2.42 2.39 2.63 2.84 2.91 3.64 4.37 4.25 3.29 0.00 0.00 0.00 0.00 0.00 0.00 0.00 0.00 0.00 0.00 0.00 0.00 0.00 0.00 0.00 0.00 0.00 0.00 0.00 0.00 0.00 0.00 0.00 0.00 0.00 0.00 0.00 0.00 0.00
1.14 1.21 1.33 1.32 1.22 1.09 1.07 1.12 1.25 1.34 1.36 1.40 1.59 1.82 2.73 3.39 3.51 4.12 4.33 4.48 4.52 4.57 4.62 4.67 4.73 4.83 5.01 5.12 5.25 5.39 5.72 5.89 2.63 1.58 1.71 2.09 2.62 2.95 3.17 3.14 3.02 2.99 2.98 2.99 2.09 2.36 2.40 2.40 2.55 2.80 2.75 2.93 4.30 4.13 3.20 0.00 0.00 0.00 0.00 0.00 0.00 0.00 0.00 0.00 0.00 0.00 0.00 0.00 0.00 0.00 0.00 0.00 0.00 0.00 0.00 0.00 0.00 0.00 0.00 0.00 0.00 0.00 0.00 0.00
1.15 1.22 1.32 1.31 1.13 1.06 1.02 1.02 1.12 1.26 1.37 1.41 1.62 1.97 3.01 3.40 3.49 3.66 4.23 4.45 4.52 4.57 4.61 4.66 4.72 4.83 4.94 5.11 5.24 5.38 5.71 5.85 2.55 1.43 1.66 2.03 2.59 2.53 2.91 2.98 2.95 2.93 3.24 1.56 2.10 2.32 2.43 2.45 2.44 2.58 2.72 2.92 4.33 4.50 3.54 1.77 0.00 0.08 0.00 0.00 0.00 0.00 0.00 0.00 0.00 0.00 0.00 0.00 0.00 0.00 0.00 0.00 0.00 0.00 0.00 0.00 0.00 0.00 0.00 0.00 0.00 0.00 0.00 0.00
1.15 1.21 1.30 1.29 1.09 1.02 0.98 0.98 1.06 1.20 1.34 1.45 1.65 2.12 3.14 3.39 3.46 3.61 4.10 4.38 4.50 4.56 4.61 4.66 4.73 4.84 4.95 5.11 5.24 5.38 5.54 5.61 2.29 1.56 1.88 2.08 2.59 2.38 2.50 2.73 2.79 2.97 3.54 1.40 1.93 2.21 2.33 2.43 3.31 3.49 3.47 3.81 4.57 4.41 3.79 3.51 2.63 2.51 1.97 0.18 0.00 0.00 0.00 0.00 0.00 0.00 0.00 0.00 0.00 0.00 0.00 0.00 0.00 0.00 0.00 0.00 0.00 0.00 0.00 0.00 0.00 0.00 0.00 0.00
1.14 1.19 1.28 1.17 1.08 1.01 0.97 0.96 1.02 1.13 1.30 1.47 1.62 2.23 3.17 3.36 3.42 3.79 3.99 4.26 4.40 4.51 4.59 4.65 4.74 4.85 4.96 5.12 5.25 5.39 5.54 3.67 1.66 1.57 1.91 1.81 2.14 2.22 2.48 2.68 2.79 3.05 3.73 1.93 2.12 2.13 2.17 2.50 3.79 4.70 4.70 4.70 4.60 3.86 3.69 3.57 3.23 2.54 2.32 1.54 0.30 0.00 0.00 0.00 0.00 0.00 0.00 0.00 0.00 0.00 0.00 0.00 0.00 0.00 0.00 0.00 0.00 0.00 0.00 0.00 0.00 0.00 0.00 0.00
1.13 1.17 1.25 1.17 1.07 1.00 0.97 0.97 1.00 1.08 1.24 1.46 1.68 2.32 3.16 3.33 3.53 3.71 3.91 4.07 4.29 4.41 4.51 4.60 4.71 4.81 4.95 5.12 5.25 5.38 5.51 2.72 1.39 1.51 1.87 1.67 1.73 2.18 2.57 2.94 3.00 3.05 3.60 1.61 3.87 2.99 2.28 2.51 3.53 4.69 4.70 4.70 4.59 3.76 3.58 3.58 3.43 2.54 1.27 0.47 0.30 0.03 0.00 0.00 0.00 0.00 0.00 0.00 0.00 0.00 0.00 0.00 0.00 0.00 0.00 0.00 0.00 0.00 0.00 0.00 0.00 0.00 0.00 0.00
