tsunami_inundation/3240.asc
ncols        89
nrows        96
xllcorner    425855.973699999973
yllcorner    5091051.504999999888
cellsize     55.000000000000
NODATA_value  -9999.00
[rows 0 to 36 of 96, columns 0 to 83 of 89]
-9999.00 -0.49 -0.44 -0.33 -0.25 -0.19 -0.01 0.20 0.44 0.50 0.36 0.23 0.14 0.07 -0.02 -0.07 -0.08 -0.03 0.14 1.40 2.24 2.36 2.44 2.47 2.47 2.49 2.51 2.54 2.60 2.66 2.76 2.82 2.89 2.98 3.09 3.26 3.36 3.45 3.54 3.64 3.71 0.00 0.03 0.38 0.32 0.01 0.00 0.03 0.04 1.68 3.48 3.76 3.76 3.75 3.75 3.75 3.75 3.75 3.75 1.85 2.55 2.67 2.27 1.72 0.15 0.00 0.09 1.31 2.21 2.42 1.83 1.79 1.33 1.70 1.38 0.00 0.00 0.00 0.00 0.00 0.00 0.00 0.00 0.00
-9999.00 -0.46 -0.41 -0.30 -0.25 -0.16 0.14 0.35 0.57 0.50 0.37 0.25 0.16 0.10 0.00 -0.05 -0.08 -0.04 0.06 0.87 2.19 2.37 2.43 2.45 2.45 2.48 2.50 2.53 2.65 2.70 2.75 2.80 2.87 2.97 3.08 3.25 3.36 3.45 3.54 3.63 3.75 0.04 0.02 0.09 0.35 0.22 0.07 0.03 1.99 3.43 3.77 3.77 3.76 3.75 3.75 3.75 3.75 3.75 3.75 1.91 2.56 2.73 2.56 1.73 0.04 0.01 0.10 1.61 2.34 2.48 1.96 1.36 1.38 1.58 1.45 0.00 0.00 0.00 0.00 0.00 0.00 0.00 0.00 0.00
-9999.00 -0.44 -0.34 -0.30 -0.24 -0.14 0.08 0.54 0.58 0.49 0.39 0.27 0.21 0.13 0.02 -0.08 -0.08 -0.05 0.02 0.45 2.03 2.38 2.41 2.43 2.43 2.46 2.49 2.52 2.57 2.69 2.73 2.78 2.83 2.93 3.06 3.18 3.34 3.44 3.53 3.62 3.75 0.00 0.00 0.00 0.13 0.33 0.22 1.69 3.26 3.78 3.77 3.76 3.76 3.76 3.75 3.75 3.75 3.74 3.53 2.24 2.46 2.85 2.71 1.65 0.66 0.01 0.24 1.66 2.09 2.56 2.16 0.91 0.99 1.34 0.00 0.00 0.00 0.00 0.00 0.00 0.00 0.00 0.00 0.00
-9999.00 -0.42 -0.33 -0.30 -0.24 -0.10 0.16 0.59 0.58 0.49 0.40 0.30 0.22 0.15 0.03 -0.04 -0.08 -0.05 0.00 0.21 1.59 2.37 2.39 2.40 2.41 2.44 2.47 2.50 2.61 2.66 2.69 2.73 2.80 2.91 3.04 3.17 3.34 3.43 3.53 3.61 3.73 1.20 0.00 0.02 0.02 0.10 0.28 2.62 3.68 3.78 3.77 3.76 3.76 3.76 3.75 3.75 3.75 3.74 3.63 2.69 2.54 2.85 2.64 1.53 0.65 0.41 1.15 2.01 2.41 2.66 2.30 1.10 1.11 1.01 0.00 0.00 0.00 0.00 0.00 0.00 0.00 0.00 0.00 0.00
-9999.00 -0.39 -0.33 -0.29 -0.22 -0.06 0.26 0.61 0.57 0.49 0.40 0.30 0.22 0.16 0.08 -0.09 -0.09 -0.06 -0.01 0.08 0.32 2.34 2.39 2.38 2.40 2.42 2.45 2.48 2.52 2.63 2.67 2.71 2.78 2.90 3.03 3.15 3.33 3.43 3.52 3.61 3.69 2.67 0.04 0.02 0.01 0.01 1.48 3.17 3.77 3.77 3.76 3.75 3.75 3.75 3.75 3.75 3.74 3.74 3.74 3.22 2.75 3.21 2.52 1.45 0.40 0.40 1.14 1.73 2.35 2.72 2.38 1.12 1.20 0.18 0.00 0.00 0.00 0.00 0.00 0.00 0.00 0.00 0.00 0.00
-9999.00 -0.30 -0.32 -0.29 -0.20 -0.00 0.37 0.62 0.55 0.49 0.40 0.31 0.23 0.17 0.09 -0.09 -0.09 -0.07 -0.01 0.06 0.19 1.12 2.40 2.38 2.36 2.37 2.38 2.46 2.57 2.62 2.65 2.69 2.76 2.88 3.01 3.14 3.33 3.43 3.52 3.61 3.69 2.70 0.07 0.03 0.02 0.01 1.91 3.55 3.79 3.76 3.75 3.74 3.74 3.74 3.74 3.74 3.74 3.74 3.74 3.74 3.73 3.64 3.26 2.32 0.31 0.38 1.24 1.83 2.45 2.82 2.46 1.15 1.15 0.00 0.00 0.00 0.00 0.00 0.00 0.00 0.00 0.00 0.00 0.00
-9999.00 0.32 -0.14 -0.22 -0.14 0.11 0.51 0.62 0.53 0.48 0.40 0.31 0.24 0.17 0.09 -0.09 -0.09 -0.07 -0.01 0.07 0.16 0.54 2.31 2.36 2.33 2.35 2.36 2.42 2.51 2.59 2.62 2.66 2.73 2.85 2.99 3.12 3.32 3.43 3.53 3.62 3.70 0.02 0.14 0.09 0.04 0.00 1.57 3.37 4.00 3.87 3.75 3.72 3.73 3.73 3.74 3.74 3.74 3.74 3.74 3.73 3.72 3.72 3.54 3.20 1.88 0.55 1.34 1.89 2.42 2.87 2.58 1.34 1.15 0.00 0.00 0.00 0.00 0.00 0.00 0.00 0.00 0.00 0.00 0.00
-9999.00 1.79 1.03 0.19 0.00 0.23 0.58 0.61 0.52 0.47 0.40 0.32 0.25 0.18 0.09 -0.09 -0.09 -0.06 -0.00 0.07 0.15 0.30 2.09 2.37 2.34 2.35 2.39 2.41 2.51 2.59 2.65 2.66 2.70 2.80 2.96 3.11 3.25 3.43 3.54 3.63 3.72 3.77 0.25 0.18 0.05 0.59 1.98 3.48 4.17 4.13 3.89 3.72 3.72 3.72 3.73 3.73 3.74 3.74 2.46 2.76 3.72 3.71 3.69 3.69 3.68 2.55 1.38 1.96 2.48 2.92 2.77 1.92 1.80 0.00 0.00 0.00 0.00 0.00 0.00 0.00 0.00 0.00 0.00 0.00
-9999.00 1.86 1.94 1.82 0.92 0.57 0.66 0.61 0.51 0.47 0.40 0.32 0.26 0.18 0.09 -0.09 -0.09 -0.06 0.00 0.08 0.16 0.25 1.38 2.36 2.46 2.42 2.46 2.56 2.62 2.70 2.75 2.76 2.78 2.85 2.98 3.11 3.28 3.46 3.57 3.67 3.74 1.73 0.39 0.27 0.34 1.26 2.55 3.74 4.21 4.20 4.16 3.74 3.70 3.71 3.72 3.73 3.73 3.74 1.49 1.31 2.30 3.71 3.71 3.70 3.69 3.69 1.66 2.05 2.36 2.97 3.04 2.60 2.35 0.00 0.00 0.00 0.00 0.00 0.00 0.00 0.00 0.00 0.00 0.00
-9999.00 1.66 1.89 2.10 2.34 2.16 1.25 0.71 0.51 0.47 0.41 0.33 0.27 0.19 0.09 -0.09 -0.09 -0.03 0.04 0.13 0.23 0.33 0.46 1.82 2.48 2.47 2.47 2.53 2.65 2.75 2.82 2.87 2.91 2.96 3.06 3.19 3.32 3.49 3.59 3.69 3.79 2.76 0.87 0.58 1.00 2.02 3.48 4.24 4.25 4.23 4.22 3.87 3.71 3.69 3.72 3.72 3.73 2.37 0.98 1.37 1.76 2.25 1.98 2.09 3.61 3.69 2.03 1.95 2.55 3.05 2.93 2.55 2.30 0.00 0.00 0.00 0.00 0.00 0.00 0.00 0.00 0.00 0.00 0.00
-9999.00 1.63 1.77 1.99 2.38 2.90 2.95 1.76 0.63 0.50 0.42 0.35 0.28 0.19 0.09 -0.07 -0.05 0.01 0.10 0.20 0.30 0.38 0.47 0.93 2.26 2.47 2.45 2.50 2.62 2.71 2.82 2.89 2.96 3.06 3.16 3.26 3.38 3.54 3.63 3.72 3.80 3.92 3.88 2.92 1.85 3.29 4.23 4.26 4.26 4.24 4.22 4.19 3.78 3.69 3.70 3.71 2.80 1.17 1.22 1.72 1.78 1.82 1.71 1.68 3.20 3.67 2.51 2.10 2.65 3.12 3.10 2.56 2.60 1.04 0.00 0.00 0.00 0.00 0.00 0.00 0.00 0.00 0.00 0.00
-9999.00 1.61 1.78 1.93 2.28 2.70 2.99 3.04 2.99 1.29 0.58 0.40 0.30 0.20 0.00 -0.03 0.01 0.09 0.18 0.26 0.33 0.39 0.45 0.61 1.35 2.36 2.43 2.53 2.58 2.65 2.79 2.88 2.97 3.07 3.19 3.31 3.42 3.52 3.67 3.75 3.81 3.91 3.94 3.98 4.07 4.16 4.25 4.29 4.31 4.30 4.24 4.21 3.97 3.68 3.69 3.70 2.27 0.81 0.84 1.74 1.82 1.99 1.86 1.85 2.91 3.65 2.90 2.46 2.89 3.19 3.03 2.48 2.70 2.36 1.04 0.00 0.00 0.00 0.00 0.00 0.00 0.00 0.00 0.00
1.54 1.63 1.75 1.95 2.33 2.69 2.78 2.84 3.00 2.99 1.80 0.64 0.35 0.11 0.03 0.03 0.10 0.17 0.23 0.27 0.31 0.37 0.43 0.54 0.72 1.74 2.39 2.46 2.56 2.61 2.75 2.84 2.94 3.06 3.20 3.32 3.43 3.53 3.66 3.74 3.84 3.88 3.93 3.97 4.04 4.19 4.24 4.30 4.32 4.32 4.27 4.25 3.95 3.68 3.69 3.64 1.37 0.70 0.94 1.65 1.74 1.76 1.71 1.73 2.57 3.64 2.08 2.30 2.79 3.26 3.12 2.38 2.49 2.33 2.58 1.47 0.00 0.00 0.00 0.00 0.00 0.00 0.00 0.00
1.53 1.62 1.72 1.92 2.32 2.67 2.73 2.71 2.79 3.03 3.04 2.28 0.78 0.30 0.09 0.10 0.16 0.20 0.23 0.26 0.30 0.36 0.42 0.53 0.63 0.87 1.97 2.43 2.48 2.58 2.69 2.78 2.90 3.04 3.18 3.30 3.41 3.50 3.62 3.75 3.79 3.85 3.89 3.94 4.01 4.17 4.23 4.28 4.34 4.35 4.33 4.30 3.86 3.68 3.69 2.61 1.05 0.64 1.48 1.66 1.72 1.64 1.61 1.78 2.43 3.62 2.00 1.82 2.51 3.53 3.04 2.41 2.34 2.37 2.65 2.54 2.25 1.59 0.00 0.00 0.00 0.00 0.00 0.00
1.51 1.61 1.72 1.93 2.30 2.60 2.66 2.69 2.76 2.86 2.96 2.98 2.54 0.34 0.19 0.18 0.19 0.20 0.22 0.25 0.30 0.36 0.43 0.50 0.62 0.71 0.85 2.34 2.50 2.55 2.67 2.76 2.88 3.03 3.17 3.29 3.39 3.47 3.56 3.69 3.75 3.79 3.86 3.90 4.03 4.17 4.25 4.30 4.37 4.39 4.42 4.35 3.67 3.68 3.69 1.94 0.70 0.78 1.51 1.58 1.59 1.63 1.97 1.70 2.39 3.60 1.69 2.25 2.64 3.56 2.87 2.34 2.31 2.23 2.44 2.29 1.95 1.63 1.40 0.00 0.00 0.00 0.00 0.00
1.48 1.56 1.71 1.95 2.31 2.55 2.59 2.63 2.75 2.84 2.87 2.88 2.84 1.63 0.59 0.48 0.21 0.21 0.23 0.28 0.33 0.39 0.46 0.52 0.63 0.71 0.80 1.45 2.34 2.56 2.61 2.75 2.88 3.03 3.17 3.28 3.37 3.43 3.50 3.54 3.69 3.79 3.86 3.96 4.07 4.20 4.28 4.35 4.41 4.43 4.47 4.28 3.75 3.70 3.59 1.95 0.00 0.91 1.50 1.55 1.49 1.64 1.65 1.53 2.52 1.85 2.06 2.85 3.58 3.57 3.18 2.26 2.15 2.15 2.32 2.28 1.82 1.42 1.53 0.02 0.00 0.00 0.00 0.00
1.47 1.54 1.70 1.94 2.31 2.51 2.56 2.62 2.72 2.78 2.89 2.90 2.83 2.66 2.44 1.83 0.49 0.29 0.27 0.30 0.36 0.42 0.48 0.54 0.64 0.72 0.80 1.02 1.38 2.20 2.59 2.73 2.87 3.04 3.17 3.28 3.35 3.40 3.43 3.47 3.66 3.82 3.95 4.08 4.20 4.34 4.48 4.50 4.50 4.51 4.37 3.74 3.65 3.70 3.06 1.89 0.13 1.33 1.73 1.70 1.94 1.77 1.81 1.69 2.86 1.85 2.02 2.67 3.60 3.60 3.60 2.33 2.22 2.02 2.35 2.26 1.81 1.44 1.24 0.36 0.00 0.00 0.00 0.00
1.47 1.54 1.70 1.93 2.27 2.44 2.53 2.63 2.73 2.79 2.91 2.96 2.92 2.81 2.46 2.29 1.81 0.94 0.44 0.36 0.38 0.43 0.49 0.55 0.65 0.72 0.88 0.97 1.13 1.36 1.86 2.61 2.85 3.04 3.19 3.28 3.32 3.36 3.38 3.41 3.69 4.01 4.32 4.50 4.55 4.60 4.65 4.61 4.55 4.48 3.78 3.63 3.69 3.69 2.71 1.49 0.41 1.50 1.67 1.88 2.00 1.68 1.75 1.89 3.52 2.45 2.19 2.82 3.61 3.62 3.52 2.22 2.83 2.20 2.76 2.54 2.16 1.52 1.28 0.20 0.00 0.00 0.00 0.00
1.43 1.53 1.70 1.93 2.25 2.40 2.51 2.62 2.74 2.82 2.96 3.00 2.98 2.74 2.47 2.25 2.13 2.02 1.53 0.72 0.46 0.45 0.49 0.55 0.65 0.72 0.80 0.96 1.08 1.25 1.45 1.87 2.26 2.32 2.82 3.24 3.36 3.35 3.34 3.64 4.07 4.40 4.61 4.72 4.74 4.73 4.38 4.43 4.60 3.83 3.58 3.62 3.67 3.70 3.11 1.08 0.41 1.33 1.29 1.91 1.78 1.78 2.12 3.02 3.63 1.80 2.51 3.18 3.62 3.63 3.60 2.59 3.00 2.15 2.67 2.21 1.94 1.67 1.22 0.00 0.00 0.00 0.00 0.00
1.41 1.48 1.57 1.90 2.21 2.34 2.48 2.62 2.75 2.85 3.02 3.06 3.02 2.80 2.53 2.25 2.08 2.04 2.05 1.89 1.10 0.58 0.52 0.55 0.62 0.80 0.87 0.96 1.06 1.20 1.37 1.69 1.91 2.10 2.31 2.58 3.00 3.25 3.33 3.79 4.42 4.59 4.71 4.80 4.84 4.55 1.41 2.80 3.76 3.58 3.58 3.62 3.68 3.70 3.71 0.64 0.54 1.26 1.22 1.65 1.76 3.45 3.64 3.64 2.10 1.47 2.26 2.90 3.64 3.65 3.65 3.57 2.97 2.28 2.71 2.26 2.19 1.93 0.00 0.00 0.00 0.00 0.00 0.00
1.38 1.44 1.53 1.87 2.17 2.32 2.46 2.62 2.77 2.88 3.06 3.10 3.07 2.82 2.55 2.27 2.08 1.98 2.00 2.04 2.05 1.97 1.20 0.68 0.64 0.73 0.88 0.96 1.07 1.20 1.36 1.56 1.89 2.11 2.30 2.47 2.71 3.01 3.39 4.42 4.55 4.72 4.83 4.89 3.98 1.23 0.08 2.04 2.97 3.52 3.59 3.61 3.68 3.71 3.71 0.19 0.53 1.19 1.24 1.60 1.89 3.66 3.66 3.66 1.79 2.24 2.24 3.10 3.65 3.66 3.66 3.67 3.03 1.88 2.65 2.49 2.34 1.66 0.00 0.00 0.00 0.00 0.00 0.00
1.34 1.40 1.49 1.83 2.14 2.29 2.42 2.61 2.83 2.99 3.10 3.13 3.01 2.84 2.59 2.31 2.13 2.00 1.97 1.97 2.02 2.08 2.07 1.55 0.82 0.81 0.89 0.98 1.08 1.21 1.36 1.56 1.88 2.12 2.33 2.49 2.69 2.97 4.31 4.54 4.67 4.78 4.87 4.92 2.31 0.39 0.00 1.55 2.15 2.47 2.97 3.66 3.69 3.73 2.98 0.00 0.02 0.57 1.12 1.75 1.88 3.38 3.67 3.67 2.43 2.19 2.22 2.98 3.66 3.66 3.67 3.64 3.01 1.87 2.65 2.59 1.89 0.00 0.00 0.00 0.00 0.00 0.00 0.00
1.29 1.34 1.44 1.76 2.08 2.25 2.39 2.60 2.84 3.00 3.10 3.17 3.13 2.84 2.61 2.35 2.19 2.06 1.99 1.99 2.01 2.05 2.12 2.15 1.86 0.84 0.91 1.01 1.11 1.24 1.39 1.58 1.89 2.12 2.33 2.51 2.77 3.39 4.40 4.57 4.70 4.82 4.87 4.88 0.23 0.04 0.02 1.66 1.64 1.53 2.00 3.69 3.71 3.73 2.12 0.00 0.05 0.00 1.09 1.78 1.87 3.51 3.68 3.68 2.17 2.38 2.39 2.45 3.66 3.67 3.68 3.56 3.26 2.10 2.70 1.62 0.00 0.00 0.00 0.00 0.00 0.00 0.00 0.00
1.26 1.31 1.41 1.72 2.04 2.23 2.38 2.59 2.84 3.00 3.08 3.16 3.02 2.85 2.64 2.41 2.22 2.09 2.01 2.00 2.04 2.06 2.11 2.18 2.24 1.00 0.96 1.04 1.16 1.29 1.45 1.62 1.92 2.13 2.34 2.63 3.15 3.87 4.14 4.54 4.69 4.77 4.82 2.35 0.16 0.02 0.60 1.74 1.74 1.63 2.21 3.46 3.74 3.76 1.34 0.00 0.00 0.31 1.37 1.78 2.24 3.71 3.70 2.58 1.80 2.60 2.51 2.58 3.67 3.67 3.68 3.55 3.30 2.25 1.35 0.00 0.00 0.00 0.00 0.00 0.00 0.00 0.00 0.00
1.23 1.28 1.38 1.55 2.00 2.22 2.37 2.59 2.83 2.97 3.05 3.14 3.02 2.86 2.65 2.43 2.24 2.11 2.03 2.03 2.06 2.11 2.16 2.22 2.28 2.35 2.50 1.11 1.23 1.39 1.56 1.79 2.01 2.26 2.68 3.14 3.55 3.89 4.29 4.52 4.68 4.75 4.83 2.02 0.32 0.38 1.53 1.73 1.72 1.68 2.37 3.76 3.76 3.78 0.53 0.00 0.00 0.82 1.71 1.90 3.00 3.73 3.01 1.80 1.76 2.49 2.29 2.71 3.68 3.68 3.45 3.70 2.59 2.29 0.00 0.00 0.00 0.00 0.00 0.00 0.00 0.00 0.00 0.00
1.20 1.26 1.36 1.51 1.95 2.21 2.37 2.58 2.82 2.94 3.01 3.07 3.00 2.86 2.66 2.44 2.25 2.13 2.06 2.06 2.09 2.14 2.19 2.24 2.36 2.47 2.60 1.93 2.35 1.74 1.75 1.85 2.01 2.61 2.96 3.26 3.59 3.91 4.11 4.53 4.67 4.75 4.72 1.34 0.49 1.12 1.62 1.82 1.82 1.67 2.38 3.78 3.78 3.78 0.05 0.09 0.25 1.38 1.76 1.99 3.17 3.75 3.06 1.89 2.06 2.47 2.08 2.77 3.69 3.69 3.45 3.70 2.79 2.55 0.00 0.00 0.00 0.00 0.00 0.00 0.00 0.00 0.00 0.00
1.18 1.24 1.33 1.48 1.90 2.19 2.38 2.59 2.80 2.91 2.96 3.03 2.97 2.83 2.65 2.45 2.27 2.16 2.09 2.10 2.13 2.17 2.21 2.26 2.32 2.49 2.63 2.84 2.95 2.53 1.96 2.15 2.25 2.78 2.97 3.30 3.62 3.91 4.22 4.46 4.62 4.74 4.45 0.96 0.60 1.56 1.57 1.82 1.83 1.74 2.57 3.80 3.79 2.56 0.00 0.01 0.35 1.40 1.60 1.79 3.70 3.78 3.19 1.84 2.03 2.20 2.21 3.00 3.69 3.70 3.70 3.71 3.05 2.58 1.91 0.00 0.00 0.00 0.00 0.00 0.00 0.00 0.00 0.00
1.15 1.22 1.31 1.44 1.84 2.15 2.40 2.59 2.78 2.86 2.89 3.00 2.94 2.81 2.64 2.44 2.28 2.18 2.14 2.15 2.18 2.21 2.25 2.31 2.43 2.57 2.74 2.89 3.03 3.16 2.93 2.46 2.53 2.75 3.01 3.29 3.55 3.78 4.21 4.28 4.51 4.65 3.57 0.56 0.63 1.68 1.61 1.82 1.86 2.41 3.87 3.86 3.30 0.08 0.11 0.10 0.31 1.14 1.58 2.26 3.80 3.79 2.94 1.83 1.99 1.75 1.95 2.76 3.54 3.58 3.31 3.71 3.71 1.60 0.23 0.00 0.00 0.00 0.00 0.00 0.00 0.00 0.00 0.00
1.14 1.20 1.28 1.40 1.74 2.10 2.40 2.60 2.76 2.83 2.84 2.94 2.89 2.79 2.63 2.45 2.30 2.22 2.21 2.23 2.25 2.27 2.31 2.37 2.43 2.61 2.88 3.05 3.22 3.53 3.82 3.34 2.62 2.79 3.04 3.32 3.54 3.72 4.02 4.14 4.43 4.06 0.13 0.06 1.46 1.71 1.60 1.80 1.91 2.82 3.93 3.90 1.31 0.00 0.11 0.04 0.43 1.21 1.69 2.85 3.81 3.81 2.66 1.70 2.23 1.93 2.27 3.00 2.83 2.52 2.64 3.71 3.21 0.00 0.00 0.00 0.00 0.00 0.00 0.00 0.00 0.00 0.00 0.00
1.14 1.20 1.28 1.39 1.55 2.03 2.39 2.62 2.74 2.79 2.79 2.87 2.84 2.76 2.64 2.48 2.36 2.30 2.28 2.30 2.31 2.33 2.37 2.43 2.49 2.76 3.15 3.43 3.77 3.94 4.05 4.16 4.08 3.08 3.13 3.41 3.60 3.89 4.02 4.11 2.79 0.35 0.00 0.39 1.46 1.71 1.55 1.70 1.95 3.25 3.96 3.40 0.45 0.06 0.08 0.00 0.68 1.39 1.87 3.32 3.83 3.82 2.74 1.82 2.42 1.96 2.52 3.28 3.03 2.19 2.03 2.44 2.09 0.00 0.00 0.00 0.00 0.00 0.00 0.00 0.00 0.00 0.00 0.00
1.16 1.22 1.29 1.38 1.52 1.95 2.35 2.62 2.72 2.75 2.77 2.80 2.79 2.76 2.67 2.54 2.42 2.35 2.32 2.32 2.33 2.35 2.42 2.50 2.77 3.06 3.51 3.66 3.81 3.96 4.09 4.27 4.58 4.66 3.44 3.50 3.67 3.91 4.03 4.11 0.28 0.42 0.02 0.67 1.41 1.72 1.58 1.73 2.63 4.04 3.99 0.87 0.33 0.02 0.09 0.03 0.93 1.45 1.94 3.49 3.84 3.84 3.02 2.29 1.76 2.02 2.74 3.52 2.03 0.00 0.00 0.00 0.00 0.00 0.00 0.00 0.00 0.00 0.00 0.00 0.00 0.00 0.00 0.00
1.18 1.24 1.30 1.38 1.50 1.87 2.27 2.61 2.70 2.71 2.72 2.75 2.77 2.77 2.70 2.55 2.42 2.34 2.30 2.31 2.35 2.40 2.48 2.57 2.90 3.22 3.53 3.67 3.81 3.93 4.10 4.39 4.72 5.00 4.95 3.93 3.73 3.93 4.07 4.16 1.65 0.56 0.09 0.49 1.48 1.79 1.67 1.76 2.87 4.08 1.83 0.79 0.46 0.14 0.08 0.71 1.16 1.62 1.84 3.80 3.86 3.76 2.99 2.23 1.95 2.19 2.60 3.41 0.00 0.00 0.00 0.00 0.00 0.00 0.00 0.00 0.00 0.00 0.00 0.00 0.00 0.00 0.00 0.00
1.20 1.26 1.32 1.40 1.50 1.79 2.16 2.57 2.68 2.68 2.69 2.74 2.81 2.78 2.65 2.49 2.36 2.30 2.28 2.30 2.39 2.46 2.53 2.76 3.02 3.28 3.51 3.64 3.76 3.91 4.17 4.54 4.80 4.94 5.15 5.11 4.35 3.97 4.11 4.18 1.94 0.77 0.05 0.48 1.60 1.83 1.80 1.86 2.26 4.14 1.13 0.84 0.44 0.15 0.11 0.68 1.39 1.67 2.03 2.76 3.90 3.73 3.01 2.15 1.88 2.08 2.34 2.10 0.00 0.00 0.00 0.00 0.00 0.00 0.00 0.00 0.00 0.00 0.00 0.00 0.00 0.00 0.00 0.00
1.22 1.28 1.35 1.43 1.52 1.72 1.99 2.43 2.64 2.65 2.65 2.80 2.81 2.72 2.57 2.41 2.30 2.26 2.27 2.32 2.43 2.48 2.54 2.82 3.09 3.27 3.41 3.61 3.75 3.96 4.37 4.64 4.75 4.87 5.03 5.13 4.65 4.07 4.12 1.72 1.13 0.68 0.34 0.92 1.79 1.94 1.90 1.93 2.30 4.17 1.04 0.83 0.23 0.15 0.13 0.09 1.24 1.70 1.22 2.66 3.92 3.18 2.76 1.91 2.07 2.00 1.88 0.00 0.00 0.00 0.00 0.00 0.00 0.00 0.00 0.00 0.00 0.00 0.00 0.00 0.00 0.00 0.00 0.00
1.22 1.31 1.38 1.46 1.55 1.64 1.91 2.28 2.59 2.65 2.69 2.84 2.75 2.65 2.50 2.35 2.26 2.25 2.28 2.36 2.43 2.46 2.53 2.88 3.12 3.26 3.41 3.60 3.76 4.11 4.49 4.64 4.71 4.81 4.92 5.06 5.14 5.14 2.86 0.48 0.96 0.53 0.36 1.12 1.92 2.03 1.98 2.03 2.45 4.21 1.04 0.82 0.21 0.19 0.11 0.03 1.33 1.44 1.06 3.25 3.95 3.06 1.89 1.90 1.81 1.16 0.00 0.00 0.00 0.00 0.00 0.00 0.00 0.00 0.00 0.00 0.00 0.00 0.00 0.00 0.00 0.00 0.00 0.00
1.22 1.31 1.40 1.49 1.58 1.66 1.85 2.13 2.51 2.68 2.85 2.83 2.72 2.58 2.45 2.32 2.25 2.26 2.32 2.39 2.40 2.43 2.52 2.67 3.12 3.27 3.40 3.58 3.85 4.35 4.59 4.63 4.71 4.83 4.93 5.08 5.15 5.34 5.11 1.96 0.63 0.53 0.40 1.59 2.08 2.18 2.11 2.19 2.87 4.24 1.06 0.88 0.19 0.20 0.12 0.30 1.01 0.96 1.42 3.55 3.98 2.72 1.78 2.21 2.79 0.00 0.00 0.00 0.00 0.00 0.00 0.00 0.00 0.00 0.00 0.00 0.00 0.00 0.00 0.00 0.00 0.00 0.00 0.00
1.20 1.30 1.40 1.50 1.60 1.68 1.82 2.02 2.39 2.76 2.87 2.76 2.65 2.53 2.41 2.30 2.26 2.31 2.36 2.38 2.36 2.40 2.52 2.72 3.15 3.29 3.38 3.58 3.99 4.45 4.61 4.66 4.78 4.89 4.98 5.12 5.20 5.34 5.45 5.22 1.13 0.51 0.50 1.88 2.22 2.64 2.39 2.20 3.37 4.27 1.09 1.00 0.25 0.22 0.14 0.59 0.94 1.58 2.01 3.74 4.04 2.85 1.83 2.50 2.17 0.00 0.00 0.00 0.00 0.00 0.00 0.00 0.00 0.00 0.00 0.00 0.00 0.00 0.00 0.00 0.00 0.00 0.00 0.00
