tsunami_inundation/3240.asc
ncols        89
nrows        96
xllcorner    425855.973699999973
yllcorner    5091051.504999999888
cellsize     55.000000000000
NODATA_value  -9999.00
[rows 37 to 73 of 96, columns 0 to 83 of 89]
1.18 1.27 1.39 1.50 1.60 1.69 1.80 1.96 2.31 2.93 2.85 2.69 2.60 2.45 2.34 2.27 2.32 2.39 2.39 2.35 2.34 2.41 2.79 3.05 3.20 3.31 3.38 3.60 4.15 4.55 4.67 4.75 4.86 4.95 5.03 5.17 5.25 5.42 5.49 5.55 1.61 0.42 0.63 1.89 2.25 2.84 2.73 2.35 4.17 4.29 1.13 1.02 0.20 0.16 0.24 0.45 1.00 1.86 1.99 4.00 4.07 3.43 2.99 2.70 1.39 0.00 0.00 0.00 0.00 0.00 0.00 0.00 0.00 0.00 0.00 0.00 0.00 0.00 0.00 0.00 0.00 0.00 0.00 0.00
1.17 1.25 1.36 1.45 1.55 1.68 1.75 1.99 2.34 2.84 2.78 2.65 2.55 2.39 2.28 2.25 2.40 2.44 2.40 2.35 2.35 2.45 2.89 3.12 3.26 3.34 3.41 3.53 4.33 4.69 4.76 4.84 4.95 5.02 5.09 5.34 5.46 5.58 5.66 4.69 1.13 0.42 0.71 1.92 2.31 2.65 2.33 2.73 4.32 1.40 1.14 0.92 0.18 0.17 0.28 0.27 1.43 2.03 2.19 4.10 4.10 3.68 3.28 2.35 1.91 0.00 0.00 0.00 0.00 0.00 0.00 0.00 0.00 0.00 0.00 0.00 0.00 0.00 0.00 0.00 0.00 0.00 0.00 0.00
1.17 1.25 1.34 1.43 1.53 1.63 1.76 2.08 2.40 2.53 2.62 2.64 2.52 2.33 2.22 2.25 2.49 2.52 2.46 2.41 2.42 2.54 3.04 3.24 3.36 3.44 3.50 3.62 4.59 4.88 4.88 4.95 5.05 5.12 5.21 5.32 5.61 5.78 5.87 3.99 1.12 0.49 1.10 1.97 2.20 2.51 2.36 3.73 4.30 1.39 1.16 0.91 0.20 0.22 0.33 0.43 1.58 2.01 2.54 4.12 4.12 3.72 2.01 2.36 3.04 0.00 0.00 0.00 0.00 0.00 0.00 0.00 0.00 0.00 0.00 0.00 0.00 0.00 0.00 0.00 0.00 0.00 0.00 0.00
1.16 1.25 1.33 1.42 1.51 1.62 1.82 2.23 2.32 2.35 2.48 2.52 2.48 2.37 2.22 2.27 2.60 2.64 2.58 2.55 2.57 2.69 3.19 3.37 3.48 3.55 3.60 3.74 5.00 5.21 5.19 5.44 5.56 5.68 5.77 5.92 5.92 5.96 6.02 2.99 1.06 0.36 1.49 2.05 2.26 2.51 2.56 4.35 4.35 1.36 1.20 0.97 0.22 0.25 0.27 0.78 2.04 2.44 3.57 4.14 4.14 3.62 2.53 2.10 2.54 1.80 0.00 0.00 0.00 0.00 0.00 0.00 0.00 0.00 0.00 0.00 0.00 0.00 0.00 0.00 0.00 0.00 0.00 0.00
1.14 1.24 1.32 1.41 1.50 1.65 1.92 2.20 2.24 2.27 2.36 2.40 2.45 2.44 2.33 2.35 2.87 2.92 2.75 2.81 2.69 2.78 2.96 3.45 3.57 3.59 3.69 4.38 5.54 5.52 5.51 5.55 5.63 5.73 5.84 5.93 6.10 6.15 6.16 2.93 1.04 0.17 1.22 2.11 2.35 2.36 3.14 4.36 4.36 1.22 1.13 0.89 0.23 0.25 0.20 1.40 2.62 3.74 4.16 4.13 4.14 3.94 3.10 2.30 2.17 1.98 2.14 2.25 0.11 0.00 0.00 0.00 0.00 0.00 0.00 0.00 0.00 0.00 0.00 0.00 0.00 0.00 0.00 0.00
1.12 1.21 1.30 1.39 1.50 1.71 2.01 2.15 2.22 2.29 2.33 2.41 2.47 2.48 2.46 2.59 2.83 2.90 2.90 2.88 2.78 2.83 3.37 3.53 3.58 3.66 4.20 5.16 5.48 5.54 5.58 5.62 5.70 5.79 5.88 6.10 6.17 6.25 6.08 1.89 1.28 0.68 1.42 2.09 2.43 2.39 3.96 4.37 4.37 1.45 1.14 0.77 0.20 0.26 0.42 2.06 3.73 4.19 3.06 2.32 3.56 4.16 2.94 2.32 2.20 1.91 2.03 1.22 0.00 0.00 0.00 0.00 0.00 0.00 0.00 0.00 0.00 0.00 0.00 0.00 0.00 0.00 0.00 0.00
1.10 1.19 1.27 1.37 1.52 1.84 2.04 2.08 2.12 2.40 2.52 2.51 2.43 2.38 2.45 2.68 2.84 2.87 2.91 2.91 2.88 3.11 3.47 3.78 4.61 5.13 5.09 5.25 5.31 5.52 5.64 5.71 5.78 5.85 5.92 6.00 6.20 6.30 6.08 1.69 1.41 0.96 1.77 2.10 2.39 2.38 4.39 4.38 3.56 1.45 1.12 1.12 0.94 0.45 1.13 2.09 2.95 3.59 2.99 2.85 3.59 4.17 2.93 2.20 2.22 2.01 1.91 0.00 0.00 0.00 0.00 0.00 0.00 0.00 0.00 0.00 0.00 0.00 0.00 0.00 0.00 0.00 0.00 0.00
1.07 1.14 1.22 1.34 1.58 1.88 2.02 2.06 2.21 2.62 2.60 2.50 2.41 2.37 2.40 2.70 2.82 2.83 2.82 2.87 2.90 2.91 3.91 4.90 5.15 5.20 5.23 5.27 5.29 5.48 5.66 5.79 5.87 5.93 6.03 6.17 6.26 6.32 3.17 1.51 1.04 1.12 2.55 2.32 2.34 2.29 4.40 4.40 2.39 1.39 1.13 1.13 1.09 0.53 1.50 2.12 2.16 2.26 2.22 2.37 2.66 4.19 2.99 2.14 1.46 0.95 0.63 0.00 0.00 0.00 0.00 0.00 0.00 0.00 0.00 0.00 0.00 0.00 0.00 0.00 0.00 0.00 0.00 0.00
1.05 1.12 1.20 1.34 1.62 1.88 1.99 2.10 2.70 2.67 2.58 2.48 2.41 2.39 2.44 2.61 2.68 2.71 2.73 2.75 2.82 3.71 5.10 5.17 5.14 5.19 5.26 5.30 5.35 5.50 5.59 5.69 5.80 5.97 6.02 6.17 6.26 6.31 2.34 1.33 0.78 2.13 2.68 2.27 2.30 2.29 4.41 1.81 1.47 1.34 1.18 1.17 0.93 0.68 1.76 2.09 2.11 2.12 2.07 2.34 2.99 4.20 2.61 1.89 0.00 0.00 0.00 0.00 0.00 0.00 0.00 0.00 0.00 0.00 0.00 0.00 0.00 0.00 0.00 0.00 0.00 0.00 0.00 0.00
0.99 1.09 1.18 1.37 1.67 1.89 2.04 2.38 2.72 2.64 2.55 2.45 2.38 2.39 2.49 2.49 2.49 2.53 2.60 2.62 2.65 4.18 5.26 5.12 5.15 5.24 5.31 5.34 5.36 5.49 5.59 5.70 5.79 5.89 5.97 6.07 6.19 5.27 1.93 1.13 1.54 2.34 2.55 2.51 2.30 2.27 4.43 1.64 1.43 1.27 1.16 1.21 0.80 1.01 1.91 2.20 2.17 2.02 1.96 2.92 4.22 3.51 2.18 0.70 0.00 0.00 0.00 0.00 0.00 0.00 0.00 0.00 0.00 0.00 0.00 0.00 0.00 0.00 0.00 0.00 0.00 0.00 0.00 0.00
0.96 1.07 1.18 1.42 1.73 1.97 2.37 2.74 2.68 2.60 2.50 2.39 2.36 2.41 2.50 2.40 2.29 2.31 2.37 2.43 2.68 4.78 4.98 5.08 5.17 5.27 5.36 5.39 5.41 5.47 5.61 5.71 5.80 5.86 5.93 6.00 6.08 4.11 1.29 1.01 1.60 2.67 2.47 2.47 3.04 3.02 4.44 3.53 1.30 1.25 1.15 1.13 0.74 1.17 1.92 2.26 2.15 1.96 2.09 4.26 2.97 2.23 0.60 0.00 0.00 0.00 0.00 0.00 0.00 0.00 0.00 0.00 0.00 0.00 0.00 0.00 0.00 0.00 0.00 0.00 0.00 0.00 0.00 0.00
0.94 1.06 1.21 1.49 1.85 2.35 2.74 2.75 2.62 2.50 2.40 2.31 2.33 2.44 2.43 2.27 2.21 2.22 2.29 2.53 3.78 4.41 4.70 4.85 4.99 5.15 5.31 5.38 5.42 5.48 5.60 5.67 5.73 5.79 5.81 5.91 6.02 3.70 1.06 0.89 1.78 2.75 2.51 2.50 2.64 2.46 4.47 1.42 1.30 1.25 1.14 0.81 0.67 1.14 1.88 2.12 2.08 2.18 2.65 4.31 2.65 1.97 0.00 0.00 0.00 0.00 0.00 0.00 0.00 0.00 0.00 0.00 0.00 0.00 0.00 0.00 0.00 0.00 0.00 0.00 0.00 0.00 0.00 0.00
0.93 1.07 1.25 1.78 2.57 2.75 2.72 2.63 2.51 2.42 2.32 2.27 2.32 2.43 2.37 2.25 2.16 2.17 2.35 3.49 4.29 4.47 4.57 4.62 4.71 4.85 5.04 5.20 5.29 5.37 5.41 5.41 5.48 5.56 5.62 5.80 5.92 2.24 0.98 1.03 2.51 2.96 2.75 2.76 2.37 2.42 4.49 3.65 1.30 1.30 1.10 0.45 0.62 1.15 1.94 2.11 2.10 2.34 2.54 3.94 2.69 1.82 0.00 0.00 0.00 0.00 0.00 0.00 0.00 0.00 0.00 0.00 0.00 0.00 0.00 0.00 0.00 0.00 0.00 0.00 0.00 0.00 0.00 0.00
0.95 1.10 1.46 2.39 2.76 2.71 2.62 2.55 2.45 2.35 2.26 2.23 2.32 2.41 2.32 2.21 2.14 2.24 3.12 4.11 4.28 4.50 4.57 4.61 4.68 4.78 4.91 5.02 5.10 5.15 5.17 5.21 5.32 5.45 5.65 5.76 4.73 1.53 1.33 1.77 2.70 2.92 2.85 2.83 2.54 2.53 4.50 1.48 1.36 1.42 0.99 1.11 1.32 1.38 1.98 2.21 2.18 2.43 2.51 4.06 4.37 1.42 0.00 0.00 0.00 0.00 0.00 0.00 0.00 0.00 0.00 0.00 0.00 0.00 0.00 0.00 0.00 0.00 0.00 0.00 0.00 0.00 0.00 0.00
0.97 1.07 1.99 2.74 2.73 2.61 2.53 2.48 2.39 2.29 2.20 2.20 2.33 2.37 2.27 2.18 2.19 2.88 3.93 4.10 4.41 4.53 4.60 4.65 4.70 4.79 4.89 4.91 4.97 5.05 5.13 5.17 5.28 5.54 5.64 5.70 3.51 1.51 1.74 2.08 2.32 2.60 2.48 2.28 2.29 3.08 4.51 1.55 1.48 1.47 1.05 1.51 1.30 1.49 2.10 2.31 2.14 2.26 2.40 3.54 4.44 0.00 0.00 0.00 0.00 0.00 0.00 0.00 0.00 0.00 0.00 0.00 0.00 0.00 0.00 0.00 0.00 0.00 0.00 0.00 0.00 0.00 0.00 0.00
1.00 1.18 2.61 2.76 2.63 2.49 2.49 2.44 2.33 2.23 2.15 2.18 2.34 2.35 2.25 2.19 2.70 3.83 3.98 4.10 4.32 4.45 4.57 4.64 4.67 4.71 4.74 4.77 4.84 4.94 5.02 5.15 5.26 5.51 5.63 5.43 2.41 1.67 2.56 2.16 1.90 1.94 1.82 1.84 2.42 3.90 3.99 1.59 1.54 1.39 1.09 1.37 1.33 1.64 2.12 2.46 2.26 2.28 2.56 4.47 2.35 0.00 0.00 0.00 0.00 0.00 0.00 0.00 0.00 0.00 0.00 0.00 0.00 0.00 0.00 0.00 0.00 0.00 0.00 0.00 0.00 0.00 0.00 0.00
1.05 1.56 2.73 2.68 2.49 2.45 2.47 2.37 2.31 2.18 2.13 2.19 2.37 2.35 2.29 2.52 3.85 3.90 3.98 4.07 4.12 4.35 4.48 4.60 4.60 4.62 4.63 4.64 4.75 4.87 4.97 5.13 5.24 5.37 5.62 4.43 2.25 1.74 2.71 2.00 1.39 1.19 1.57 2.27 2.81 4.54 4.53 1.47 1.56 1.36 1.20 1.37 1.49 1.93 2.18 2.25 2.41 2.63 2.85 3.51 1.14 0.00 0.00 0.00 0.00 0.00 0.00 0.00 0.00 0.00 0.00 0.00 0.00 0.00 0.00 0.00 0.00 0.00 0.00 0.00 0.00 0.00 0.00 0.00
1.23 2.21 2.68 2.55 2.42 2.42 2.38 2.29 2.23 2.13 2.13 2.25 2.43 2.39 2.49 3.47 3.86 3.88 3.96 4.01 4.14 4.22 4.31 4.43 4.49 4.54 4.55 4.58 4.70 4.82 4.93 5.10 5.23 5.36 5.63 4.17 2.06 1.57 2.80 1.90 1.42 1.17 1.86 2.51 3.13 4.57 3.71 1.35 1.53 1.34 1.38 1.42 1.50 2.04 2.26 2.40 2.87 3.39 3.81 4.52 0.00 0.00 0.00 0.00 0.00 0.00 0.00 0.00 0.00 0.00 0.00 0.00 0.00 0.00 0.00 0.00 0.00 0.00 0.00 0.00 0.00 0.00 0.00 0.00
1.65 2.49 2.49 2.41 2.35 2.33 2.33 2.25 2.21 2.12 2.13 2.29 2.48 2.51 3.22 3.89 3.85 3.88 3.93 4.03 4.06 4.09 4.13 4.21 4.31 4.41 4.44 4.51 4.64 4.77 4.88 5.05 5.19 5.45 5.57 2.86 1.76 1.55 2.58 1.68 1.52 1.91 2.54 2.78 4.37 4.70 3.46 1.42 1.61 1.33 1.18 1.36 1.66 2.18 2.42 2.53 3.04 4.33 4.51 3.32 0.00 0.00 0.00 0.00 0.00 0.00 0.00 0.00 0.00 0.00 0.00 0.00 0.00 0.00 0.00 0.00 0.00 0.00 0.00 0.00 0.00 0.00 0.00 0.00
2.19 2.29 2.33 2.35 2.29 2.29 2.27 2.23 2.19 2.11 2.13 2.31 2.55 3.01 3.94 3.90 3.83 3.87 3.90 3.94 3.97 3.97 3.99 4.03 4.16 4.24 4.27 4.38 4.53 4.67 4.77 4.92 5.07 5.38 4.09 1.87 1.40 2.03 2.42 1.60 1.49 2.08 2.66 2.87 4.92 4.84 2.59 1.50 1.67 1.08 0.94 1.31 1.81 2.25 2.55 3.22 4.30 4.47 4.50 4.30 0.00 0.00 0.00 0.00 0.00 0.00 0.00 0.00 0.00 0.00 0.00 0.00 0.00 0.00 0.00 0.00 0.00 0.00 0.00 0.00 0.00 0.00 0.00 0.00
2.13 2.26 2.32 2.27 2.25 2.25 2.23 2.21 2.16 2.09 2.12 2.34 2.84 3.90 4.01 3.87 3.82 3.83 3.84 3.87 3.88 3.89 3.91 3.96 4.04 4.09 4.15 4.27 4.40 4.53 4.64 4.79 5.19 5.33 3.95 1.58 1.24 2.15 2.15 1.53 1.45 2.36 2.82 3.44 4.93 4.92 1.56 1.53 1.56 0.79 1.14 1.29 1.63 2.46 3.55 4.34 4.58 4.58 4.58 3.12 1.19 0.00 0.00 0.00 0.00 0.00 0.00 0.00 0.00 0.00 0.00 0.00 0.00 0.00 0.00 0.00 0.00 0.00 0.00 0.00 0.00 0.00 0.00 0.00
2.08 2.29 2.33 2.25 2.21 2.22 2.22 2.19 2.10 2.07 2.17 2.46 3.65 4.14 3.99 3.82 3.78 3.75 3.70 3.75 3.78 3.81 3.85 3.91 4.02 4.08 4.15 4.26 4.39 4.51 4.61 4.77 5.17 5.23 2.87 1.46 1.30 2.22 1.94 1.47 1.97 2.72 3.04 4.15 4.95 4.94 1.52 1.52 1.45 0.68 1.15 1.44 2.00 3.09 4.34 4.53 4.57 4.58 3.56 2.63 2.25 0.00 0.00 0.00 0.00 0.00 0.00 0.00 0.00 0.00 0.00 0.00 0.00 0.00 0.00 0.00 0.00 0.00 0.00 0.00 0.00 0.00 0.00 0.00
2.07 2.30 2.33 2.23 2.18 2.18 2.15 2.12 2.10 2.10 2.49 4.07 4.23 4.11 3.84 3.62 3.66 3.60 3.61 3.70 3.75 3.79 3.84 3.90 4.01 4.07 4.16 4.28 4.40 4.50 4.61 4.77 5.00 5.21 2.37 1.58 1.58 2.16 1.98 1.52 2.76 3.11 3.29 4.11 4.97 4.97 1.45 1.47 1.24 0.56 1.21 1.92 2.61 4.38 4.56 4.58 4.58 4.23 3.00 2.38 2.39 1.18 0.00 0.00 0.00 0.00 0.00 0.00 0.00 0.00 0.00 0.00 0.00 0.00 0.00 0.00 0.00 0.00 0.00 0.00 0.00 0.00 0.00 0.00
2.02 2.26 2.30 2.24 2.16 2.15 2.14 2.12 2.11 2.13 3.03 4.23 4.07 3.77 3.61 3.53 3.56 3.44 3.51 3.66 3.72 3.77 3.83 3.90 4.00 4.08 4.17 4.28 4.40 4.50 4.61 4.77 4.99 4.60 1.72 1.58 1.74 2.34 1.87 2.40 3.23 3.34 3.46 4.67 5.02 2.76 1.74 1.69 1.26 0.86 1.45 2.31 3.36 4.47 4.43 4.48 4.49 4.23 4.09 2.41 2.34 2.43 2.22 0.16 0.00 0.00 0.00 0.00 0.00 0.00 0.00 0.00 0.00 0.00 0.00 0.00 0.00 0.00 0.00 0.00 0.00 0.00 0.00 0.00
1.96 2.19 2.25 2.22 2.18 2.17 2.16 2.13 2.12 2.16 3.69 4.08 3.86 3.62 3.53 3.47 3.41 3.41 3.52 3.59 3.66 3.76 3.82 3.89 3.96 4.08 4.16 4.28 4.39 4.48 4.60 4.76 4.96 3.54 1.54 1.46 2.11 2.18 1.88 2.90 3.09 3.06 3.47 4.70 5.05 3.18 1.80 1.59 1.11 1.36 1.80 2.65 3.98 4.29 4.27 4.57 4.53 4.35 2.79 2.55 2.41 2.34 1.83 0.00 0.00 0.00 0.00 0.00 0.00 0.00 0.00 0.00 0.00 0.00 0.00 0.00 0.00 0.00 0.00 0.00 0.00 0.00 0.00 0.00
1.89 2.13 2.21 2.22 2.21 2.21 2.16 2.12 2.11 2.23 3.42 3.90 3.67 3.51 3.46 3.41 3.37 3.39 3.45 3.56 3.64 3.72 3.80 3.87 3.93 4.07 4.10 4.21 4.33 4.46 4.57 4.83 4.39 1.67 1.48 1.40 2.18 1.97 2.19 3.05 3.04 3.12 2.97 3.68 5.07 4.21 1.67 1.54 1.43 1.64 2.15 2.75 4.23 4.31 4.59 4.59 4.13 3.84 2.99 2.07 1.98 0.27 0.00 0.00 0.00 0.00 0.00 0.00 0.00 0.00 0.00 0.00 0.00 0.00 0.00 0.00 0.00 0.00 0.00 0.00 0.00 0.00 0.00 0.00
1.85 2.09 2.20 2.22 2.24 2.24 2.13 2.08 2.08 2.47 3.77 3.72 3.53 3.43 3.39 3.36 3.33 3.35 3.47 3.53 3.60 3.69 3.78 3.86 3.92 4.02 4.08 4.19 4.31 4.44 4.51 4.77 2.82 1.37 1.50 1.40 1.98 1.97 2.51 3.26 3.15 3.65 3.05 4.62 5.09 4.61 1.72 1.57 1.53 2.04 2.32 2.72 4.11 4.37 4.59 4.12 2.39 1.08 0.00 0.00 0.00 0.00 0.00 0.00 0.00 0.00 0.00 0.00 0.00 0.00 0.00 0.00 0.00 0.00 0.00 0.00 0.00 0.00 0.00 0.00 0.00 0.00 0.00 0.00
1.84 2.07 2.20 2.23 2.24 2.23 2.06 2.02 2.10 3.09 3.71 3.53 3.41 3.32 3.29 3.29 3.29 3.33 3.37 3.52 3.59 3.67 3.77 3.84 3.91 4.01 4.05 4.17 4.28 4.38 4.48 4.68 2.28 1.27 1.43 1.54 1.40 1.92 2.74 3.37 3.69 4.18 4.05 4.71 5.11 4.74 1.60 1.53 1.96 2.31 2.67 3.80 4.33 4.49 3.87 1.70 0.00 0.00 0.00 0.00 0.00 0.00 0.00 0.00 0.00 0.00 0.00 0.00 0.00 0.00 0.00 0.00 0.00 0.00 0.00 0.00 0.00 0.00 0.00 0.00 0.00 0.00 0.00 0.00
1.84 2.06 2.19 2.19 2.16 2.04 1.99 2.02 2.40 3.37 3.60 3.46 3.35 3.25 3.23 3.23 3.25 3.29 3.43 3.50 3.57 3.66 3.75 3.82 3.89 3.96 4.03 4.15 4.26 4.36 4.46 4.61 1.34 1.31 1.26 1.39 1.22 2.61 3.19 3.45 3.26 4.17 3.83 3.86 5.15 3.92 1.69 2.27 2.72 2.98 4.00 4.35 4.45 4.57 3.00 0.49 0.00 0.00 0.00 0.00 0.00 0.00 0.00 0.00 0.00 0.00 0.00 0.00 0.00 0.00 0.00 0.00 0.00 0.00 0.00 0.00 0.00 0.00 0.00 0.00 0.00 0.00 0.00 0.00
1.80 1.96 2.08 2.09 2.02 1.99 1.99 2.12 2.74 3.39 3.48 3.41 3.29 3.19 3.17 3.18 3.20 3.25 3.40 3.48 3.55 3.64 3.72 3.79 3.85 3.91 4.02 4.14 4.24 4.34 4.44 4.57 1.71 1.27 1.46 1.40 1.58 2.96 3.26 3.22 3.25 3.16 3.11 3.42 2.74 2.06 2.13 2.54 3.11 3.43 4.15 4.32 4.39 4.40 2.41 0.00 0.00 0.00 0.00 0.00 0.00 0.00 0.00 0.00 0.00 0.00 0.00 0.00 0.00 0.00 0.00 0.00 0.00 0.00 0.00 0.00 0.00 0.00 0.00 0.00 0.00 0.00 0.00 0.00
1.71 1.82 1.95 1.99 1.98 1.98 2.01 2.29 3.04 3.26 3.40 3.42 3.25 3.14 3.12 3.13 3.15 3.21 3.37 3.45 3.53 3.61 3.69 3.75 3.81 3.86 4.02 4.13 4.21 4.31 4.40 4.55 1.46 1.18 1.47 1.42 1.97 3.01 3.22 3.20 3.10 3.11 3.08 3.83 2.14 2.42 2.39 2.43 2.67 3.11 3.95 4.35 4.39 4.28 2.95 0.00 0.00 0.00 0.00 0.00 0.00 0.00 0.00 0.00 0.00 0.00 0.00 0.00 0.00 0.00 0.00 0.00 0.00 0.00 0.00 0.00 0.00 0.00 0.00 0.00 0.00 0.00 0.00 0.00
1.60 1.68 1.82 1.92 1.93 1.97 2.06 2.53 3.16 3.16 3.32 3.38 3.21 3.10 3.07 3.08 3.11 3.23 3.30 3.41 3.48 3.56 3.64 3.70 3.77 3.85 4.03 4.12 4.20 4.29 4.44 4.54 1.33 0.98 1.37 1.48 2.34 2.96 3.15 3.11 3.07 3.01 3.16 4.06 2.46 2.39 2.40 2.37 2.61 2.82 2.89 3.62 4.35 4.23 3.26 0.00 0.00 0.00 0.00 0.00 0.00 0.00 0.00 0.00 0.00 0.00 0.00 0.00 0.00 0.00 0.00 0.00 0.00 0.00 0.00 0.00 0.00 0.00 0.00 0.00 0.00 0.00 0.00 0.00
1.50 1.58 1.71 1.85 1.91 1.96 2.13 2.77 3.15 3.10 3.22 3.33 3.18 3.07 3.02 3.02 3.05 3.17 3.25 3.36 3.45 3.53 3.61 3.67 3.74 3.85 4.02 4.11 4.19 4.27 4.43 4.52 1.16 0.74 1.15 1.69 2.32 2.72 3.02 3.02 2.96 3.05 3.44 3.56 2.29 2.36 2.38 2.38 2.53 2.78 2.73 2.91 4.27 4.11 3.17 0.00 0.00 0.00 0.00 0.00 0.00 0.00 0.00 0.00 0.00 0.00 0.00 0.00 0.00 0.00 0.00 0.00 0.00 0.00 0.00 0.00 0.00 0.00 0.00 0.00 0.00 0.00 0.00 0.00
1.43 1.51 1.63 1.79 1.92 1.97 2.21 2.99 3.13 3.03 3.08 3.25 3.13 3.04 2.99 3.00 3.03 3.07 3.21 3.33 3.42 3.50 3.58 3.65 3.72 3.85 3.96 4.10 4.18 4.25 4.42 4.49 1.10 0.66 1.14 1.66 2.30 2.33 2.78 2.90 2.91 3.08 3.73 2.02 2.18 2.32 2.41 2.43 2.41 2.55 2.69 2.90 4.31 4.47 3.51 1.74 0.00 0.07 0.00 0.00 0.00 0.00 0.00 0.00 0.00 0.00 0.00 0.00 0.00 0.00 0.00 0.00 0.00 0.00 0.00 0.00 0.00 0.00 0.00 0.00 0.00 0.00 0.00 0.00
1.40 1.47 1.56 1.71 1.92 2.01 2.31 3.04 3.12 3.00 3.01 3.15 3.10 3.03 2.98 2.98 3.01 3.05 3.18 3.31 3.39 3.48 3.56 3.63 3.71 3.85 3.95 4.08 4.15 4.23 4.31 4.25 0.94 0.90 1.39 1.74 2.32 2.21 2.43 2.72 2.80 3.29 4.03 1.72 1.96 2.20 2.31 2.41 3.29 3.47 3.45 3.78 4.54 4.38 3.76 3.48 2.59 2.47 1.93 0.15 0.00 0.00 0.00 0.00 0.00 0.00 0.00 0.00 0.00 0.00 0.00 0.00 0.00 0.00 0.00 0.00 0.00 0.00 0.00 0.00 0.00 0.00 0.00 0.00
1.39 1.46 1.54 1.80 1.93 2.05 2.33 3.04 3.10 2.98 2.95 3.01 3.07 3.00 2.97 2.97 3.00 3.09 3.16 3.29 3.37 3.45 3.54 3.60 3.70 3.84 3.95 4.07 4.14 4.22 4.29 2.28 0.78 0.95 1.47 1.51 1.93 2.11 2.46 2.73 2.86 3.47 4.22 2.42 2.12 2.12 2.16 2.48 3.77 4.67 4.68 4.68 4.58 3.83 3.66 3.54 3.19 2.50 2.27 1.50 0.25 0.00 0.00 0.00 0.00 0.00 0.00 0.00 0.00 0.00 0.00 0.00 0.00 0.00 0.00 0.00 0.00 0.00 0.00 0.00 0.00 0.00 0.00 0.00
1.40 1.48 1.53 1.76 1.93 2.09 2.33 2.98 3.06 2.93 2.88 2.89 2.95 2.97 2.96 2.97 3.03 3.09 3.15 3.24 3.36 3.44 3.53 3.58 3.70 3.85 3.97 4.07 4.14 4.22 4.30 1.39 0.69 0.97 1.47 1.39 1.56 2.09 2.59 2.99 3.17 3.48 4.11 2.07 3.87 2.98 2.27 2.50 3.51 4.67 4.68 4.68 4.57 3.74 3.55 3.55 3.40 2.49 1.22 0.43 0.26 0.03 0.00 0.00 0.00 0.00 0.00 0.00 0.00 0.00 0.00 0.00 0.00 0.00 0.00 0.00 0.00 0.00 0.00 0.00 0.00 0.00 0.00 0.00
