tsunami_inundation/3270.asc
ncols        89
nrows        96
xllcorner    425855.973699999973
yllcorner    5091051.504999999888
cellsize     55.000000000000
NODATA_value  -9999.00
[rows 0 to 36 of 96, columns 0 to 83 of 89]
-9999.00 1.67 1.98 1.09 2.28 0.38 0.40 0.45 0.50 0.56 0.64 0.78 1.74 2.86 2.88 2.85 2.68 2.07 1.87 1.69 1.55 1.45 1.43 1.41 1.40 1.41 1.41 1.43 1.48 1.52 1.60 1.63 1.67 1.76 1.91 2.15 2.27 2.36 2.42 2.53 2.59 0.00 0.04 0.37 0.31 0.01 0.02 0.03 0.05 1.60 3.40 3.69 3.68 3.68 3.67 3.67 3.67 3.67 3.67 1.78 2.47 2.60 2.20 1.64 0.11 0.00 0.09 1.31 2.20 2.42 1.82 1.78 1.32 1.69 1.37 0.00 0.00 0.00 0.00 0.00 0.00 0.00 0.00 0.00
-9999.00 1.77 1.93 2.09 2.28 2.41 2.20 0.51 0.67 0.60 0.63 0.72 1.34 2.76 2.89 2.85 2.34 2.09 1.89 1.71 1.57 1.46 1.43 1.41 1.40 1.41 1.42 1.43 1.53 1.57 1.61 1.64 1.67 1.77 1.93 2.15 2.29 2.39 2.45 2.54 2.60 0.00 0.02 0.08 0.34 0.22 0.07 0.03 1.93 3.36 3.70 3.69 3.69 3.68 3.67 3.67 3.67 3.67 3.67 1.84 2.49 2.66 2.49 1.65 0.03 0.01 0.09 1.60 2.34 2.47 1.95 1.35 1.36 1.56 1.44 0.00 0.00 0.00 0.00 0.00 0.00 0.00 0.00 0.00
-9999.00 1.84 1.97 2.06 2.16 2.31 2.47 2.55 1.88 0.97 0.70 0.69 0.85 2.06 2.90 2.65 2.34 2.10 1.91 1.73 1.58 1.46 1.44 1.42 1.41 1.41 1.42 1.44 1.47 1.57 1.60 1.63 1.67 1.78 1.93 2.08 2.28 2.39 2.48 2.54 2.61 0.00 0.00 0.01 0.12 0.32 0.19 1.66 3.23 3.73 3.70 3.69 3.69 3.68 3.68 3.67 3.67 3.67 3.46 2.17 2.39 2.77 2.63 1.57 0.57 0.01 0.23 1.66 2.08 2.55 2.15 0.90 0.98 1.33 0.00 0.00 0.00 0.00 0.00 0.00 0.00 0.00 0.00 0.00
-9999.00 1.85 1.97 2.08 2.15 2.20 2.29 2.58 2.69 2.54 1.44 0.83 0.80 1.57 2.91 2.83 2.34 2.12 1.94 1.76 1.60 1.49 1.47 1.46 1.45 1.45 1.48 1.50 1.57 1.59 1.60 1.61 1.65 1.78 1.94 2.08 2.26 2.37 2.47 2.55 2.66 0.44 0.00 0.02 0.01 0.09 0.32 2.74 3.78 3.86 3.74 3.70 3.68 3.68 3.68 3.67 3.67 3.67 3.55 2.62 2.47 2.77 2.57 1.45 0.56 0.40 1.14 2.01 2.40 2.65 2.29 1.09 1.10 1.00 0.00 0.00 0.00 0.00 0.00 0.00 0.00 0.00 0.00 0.00
-9999.00 1.84 1.95 2.07 2.14 2.20 2.25 2.40 2.62 2.77 2.79 2.04 1.07 1.30 2.50 2.61 2.41 2.26 2.11 1.86 1.76 1.57 1.55 1.54 1.53 1.53 1.54 1.56 1.58 1.63 1.63 1.62 1.65 1.78 1.93 2.07 2.25 2.35 2.44 2.52 2.64 1.67 0.03 0.02 0.01 0.00 1.77 3.42 4.00 3.99 3.92 3.78 3.70 3.68 3.67 3.67 3.67 3.67 3.67 3.14 2.68 3.14 2.45 1.38 0.32 0.39 1.13 1.72 2.35 2.72 2.38 1.12 1.20 0.18 0.00 0.00 0.00 0.00 0.00 0.00 0.00 0.00 0.00 0.00
-9999.00 1.81 1.92 2.03 2.10 2.17 2.24 2.37 2.45 2.52 2.69 2.87 2.95 2.41 2.36 2.65 2.46 2.30 2.13 1.93 1.76 1.64 1.58 1.56 1.56 1.56 1.57 1.59 1.68 1.71 1.71 1.68 1.68 1.79 1.94 2.06 2.24 2.34 2.42 2.51 2.62 1.64 0.06 0.03 0.02 0.00 2.24 3.83 4.05 4.04 4.05 4.05 3.98 3.76 3.67 3.67 3.67 3.67 3.67 3.66 3.66 3.57 3.19 2.26 0.25 0.36 1.23 1.82 2.45 2.82 2.47 1.16 1.16 0.00 0.00 0.00 0.00 0.00 0.00 0.00 0.00 0.00 0.00 0.00
-9999.00 1.79 1.90 1.99 2.04 2.09 2.18 2.29 2.44 2.51 2.57 2.73 3.00 3.25 3.53 2.71 2.47 2.30 2.12 1.91 1.74 1.62 1.55 1.55 1.54 1.54 1.54 1.59 1.67 1.73 1.76 1.76 1.77 1.83 1.95 2.07 2.24 2.34 2.42 2.50 2.61 0.02 0.09 0.07 0.04 0.07 1.66 3.44 4.09 4.08 4.07 4.06 4.07 4.01 3.78 3.66 3.67 3.67 3.67 3.66 3.66 3.65 3.48 3.15 1.83 0.53 1.33 1.89 2.43 2.89 2.60 1.37 1.19 0.00 0.00 0.00 0.00 0.00 0.00 0.00 0.00 0.00 0.00 0.00
-9999.00 1.75 1.87 1.96 2.02 2.09 2.17 2.26 2.40 2.51 2.60 2.73 2.95 3.25 3.66 2.99 2.47 2.26 2.09 1.88 1.72 1.61 1.54 1.53 1.53 1.53 1.53 1.55 1.64 1.70 1.72 1.73 1.78 1.90 2.01 2.10 2.20 2.36 2.45 2.53 2.63 2.69 0.18 0.11 0.04 0.53 1.87 3.37 4.09 4.08 4.07 4.06 4.05 4.06 3.77 3.66 3.66 3.67 2.39 2.69 3.66 3.65 3.64 3.64 3.63 2.51 1.37 1.97 2.49 2.94 2.79 1.96 1.85 0.00 0.00 0.00 0.00 0.00 0.00 0.00 0.00 0.00 0.00 0.00
-9999.00 1.73 1.84 1.92 1.99 2.09 2.18 2.27 2.39 2.50 2.64 2.82 2.99 3.15 3.39 4.68 2.81 2.28 2.08 1.87 1.71 1.60 1.53 1.52 1.52 1.51 1.51 1.57 1.60 1.66 1.69 1.71 1.75 1.86 2.02 2.16 2.27 2.43 2.52 2.62 2.67 0.72 0.19 0.12 0.21 1.07 2.37 3.57 4.07 4.07 4.06 4.06 4.04 4.04 4.04 3.71 3.66 3.66 1.42 1.25 2.23 3.65 3.65 3.65 3.64 3.65 1.65 2.06 2.38 2.99 3.07 2.64 2.39 0.00 0.00 0.00 0.00 0.00 0.00 0.00 0.00 0.00 0.00 0.00
-9999.00 1.64 1.82 1.90 1.97 2.07 2.18 2.28 2.43 2.54 2.69 2.87 3.03 3.14 3.18 5.34 4.66 3.60 2.25 1.90 1.70 1.60 1.54 1.52 1.52 1.51 1.51 1.53 1.59 1.65 1.68 1.70 1.73 1.84 1.99 2.14 2.27 2.44 2.55 2.65 2.76 1.76 0.25 0.24 0.76 1.77 3.23 4.00 4.03 4.04 4.04 4.05 4.05 4.04 3.99 3.80 3.66 2.29 0.92 1.30 1.70 2.19 1.93 2.05 3.57 3.65 2.03 1.96 2.57 3.08 2.96 2.58 2.34 0.00 0.00 0.00 0.00 0.00 0.00 0.00 0.00 0.00 0.00 0.00
-9999.00 1.60 1.80 1.89 1.97 2.07 2.18 2.29 2.48 2.61 2.76 2.89 2.98 3.07 3.12 4.19 5.21 5.02 3.61 2.09 1.73 1.60 1.54 1.51 1.52 1.52 1.52 1.53 1.58 1.62 1.67 1.69 1.72 1.82 1.97 2.12 2.26 2.44 2.56 2.68 2.79 3.10 3.16 2.35 1.56 3.00 3.89 3.95 3.99 4.02 4.03 4.04 4.06 4.05 4.03 3.92 2.77 1.09 1.16 1.66 1.73 1.77 1.66 1.64 3.17 3.63 2.49 2.11 2.67 3.15 3.14 2.60 2.64 1.11 0.00 0.00 0.00 0.00 0.00 0.00 0.00 0.00 0.00 0.00
-9999.00 1.56 1.78 1.87 1.96 2.09 2.21 2.33 2.47 2.67 2.79 2.89 2.96 3.02 3.08 3.50 4.67 5.03 4.74 3.47 1.95 1.62 1.53 1.51 1.51 1.51 1.52 1.55 1.58 1.61 1.66 1.68 1.73 1.83 1.97 2.11 2.25 2.38 2.57 2.69 2.81 3.15 3.31 3.47 3.65 3.77 3.86 3.90 3.97 4.02 4.04 4.05 4.08 4.07 4.06 3.97 2.25 0.74 0.78 1.69 1.77 1.95 1.83 1.82 2.88 3.62 2.90 2.48 2.92 3.22 3.07 2.53 2.76 2.42 1.13 0.00 0.00 0.00 0.00 0.00 0.00 0.00 0.00 0.00
1.52 1.65 1.75 1.84 1.95 2.09 2.23 2.37 2.51 2.69 2.78 2.86 2.93 2.99 3.00 3.14 3.88 4.82 4.73 4.34 3.32 1.91 1.56 1.50 1.50 1.51 1.52 1.55 1.58 1.62 1.66 1.69 1.75 1.86 1.99 2.14 2.27 2.40 2.59 2.71 3.00 3.19 3.35 3.49 3.68 3.83 3.89 3.95 3.98 4.03 4.05 4.07 4.10 4.09 4.11 3.95 1.34 0.64 0.89 1.60 1.69 1.72 1.68 1.70 2.55 3.61 2.09 2.32 2.82 3.29 3.17 2.44 2.56 2.41 2.66 1.58 0.00 0.00 0.00 0.00 0.00 0.00 0.00 0.00
1.49 1.64 1.74 1.84 1.96 2.09 2.24 2.39 2.53 2.68 2.76 2.82 2.88 2.92 2.95 2.98 3.24 4.27 4.69 4.29 3.90 3.23 1.96 1.51 1.49 1.50 1.52 1.56 1.60 1.65 1.69 1.73 1.80 1.92 2.05 2.17 2.30 2.42 2.62 2.87 3.01 3.23 3.43 3.63 3.82 3.98 4.02 4.04 4.06 4.09 4.11 4.11 4.13 4.13 4.14 2.88 1.00 0.57 1.43 1.62 1.69 1.61 1.59 1.75 2.41 3.61 2.02 1.85 2.55 3.57 3.09 2.48 2.42 2.45 2.73 2.64 2.36 1.71 0.00 0.00 0.00 0.00 0.00 0.00
1.46 1.63 1.73 1.84 1.97 2.11 2.25 2.39 2.53 2.67 2.73 2.78 2.82 2.88 2.91 2.94 3.03 3.42 4.41 4.35 3.83 3.53 3.33 2.77 1.59 1.52 1.52 1.59 1.63 1.68 1.72 1.77 1.86 1.98 2.11 2.22 2.34 2.47 2.66 2.93 3.14 3.44 3.73 3.90 4.05 4.12 4.15 4.16 4.18 4.19 4.17 4.16 4.15 4.16 4.16 2.08 0.63 0.73 1.48 1.57 1.57 1.62 1.97 1.70 2.40 3.61 1.70 2.29 2.68 3.60 2.92 2.40 2.37 2.31 2.52 2.38 2.05 1.75 1.56 0.00 0.00 0.00 0.00 0.00
1.45 1.56 1.72 1.84 1.98 2.12 2.25 2.38 2.51 2.64 2.69 2.73 2.77 2.83 2.87 2.90 2.97 3.01 3.21 3.97 3.98 3.48 3.26 3.23 2.34 1.64 1.55 1.61 1.67 1.73 1.76 1.81 1.91 2.04 2.18 2.29 2.40 2.53 2.75 2.94 3.66 3.86 3.99 4.05 4.13 4.21 4.24 4.24 4.23 4.23 4.23 4.20 4.18 4.19 4.00 1.93 0.00 0.90 1.49 1.55 1.49 1.65 1.66 1.55 2.55 1.88 2.09 2.89 3.62 3.62 3.22 2.31 2.21 2.21 2.39 2.36 1.92 1.54 1.68 0.21 0.00 0.00 0.00 0.00
1.44 1.56 1.73 1.86 1.99 2.12 2.24 2.36 2.48 2.53 2.62 2.67 2.70 2.77 2.82 2.88 2.96 2.98 2.95 3.12 3.75 3.61 3.26 3.18 3.16 2.53 1.71 1.64 1.72 1.78 1.81 1.85 1.95 2.09 2.22 2.36 2.54 2.78 3.06 3.52 3.94 4.00 4.08 4.14 4.19 4.25 4.29 4.29 4.26 4.24 4.24 4.25 4.24 4.21 3.26 1.81 0.08 1.33 1.73 1.71 1.95 1.78 1.83 1.72 2.89 1.88 2.05 2.71 3.63 3.64 3.63 2.37 2.26 2.06 2.42 2.34 1.90 1.55 1.38 0.61 0.00 0.00 0.00 0.00
1.44 1.57 1.76 1.88 2.00 2.11 2.22 2.33 2.42 2.48 2.57 2.62 2.65 2.68 2.79 2.86 2.95 2.97 2.92 2.82 2.91 3.45 3.36 3.19 3.19 3.21 1.80 1.69 1.76 1.83 1.85 1.88 1.97 2.10 2.29 2.66 3.06 3.28 3.44 3.69 4.02 4.13 4.20 4.24 4.28 4.31 4.32 4.29 4.24 4.24 4.25 4.27 4.25 4.13 2.67 1.39 0.41 1.51 1.68 1.90 2.02 1.70 1.77 1.91 3.55 2.47 2.22 2.85 3.64 3.65 3.55 2.25 2.86 2.23 2.80 2.58 2.21 1.61 1.33 0.40 0.00 0.00 0.00 0.00
1.45 1.58 1.77 1.90 2.00 2.09 2.20 2.31 2.39 2.44 2.52 2.57 2.60 2.69 2.76 2.84 2.92 2.97 2.91 2.79 2.60 2.60 3.18 3.26 3.18 3.25 3.31 1.93 1.81 1.87 1.90 1.89 1.96 2.47 2.95 3.11 3.24 3.38 3.51 3.90 4.05 4.17 4.24 4.30 4.32 4.31 3.98 4.09 4.25 4.22 4.22 4.26 4.32 3.80 3.02 1.00 0.47 1.36 1.32 1.93 1.80 1.81 2.15 3.05 3.65 1.83 2.54 3.21 3.65 3.66 3.63 2.61 3.02 2.18 2.69 2.24 1.96 1.70 1.26 0.00 0.00 0.00 0.00 0.00
1.45 1.62 1.74 1.89 1.98 2.06 2.19 2.29 2.36 2.41 2.48 2.52 2.56 2.66 2.74 2.82 2.90 2.97 2.93 2.79 2.59 2.32 2.30 2.94 3.24 3.37 3.47 3.46 2.57 2.01 1.96 2.02 2.48 2.92 3.04 3.11 3.26 3.41 3.53 3.78 4.10 4.21 4.29 4.33 4.33 4.05 0.90 2.71 4.07 4.22 4.22 4.28 4.10 3.63 3.62 0.56 0.64 1.32 1.25 1.68 1.79 3.48 3.67 3.67 2.13 1.51 2.29 2.94 3.67 3.68 3.68 3.59 2.99 2.30 2.73 2.28 2.21 1.95 0.00 0.00 0.00 0.00 0.00 0.00
1.46 1.63 1.75 1.88 1.96 2.05 2.17 2.27 2.34 2.38 2.38 2.48 2.52 2.63 2.71 2.79 2.88 2.96 2.94 2.81 2.63 2.34 2.09 2.00 2.24 3.25 3.46 3.55 3.52 2.66 2.12 2.27 2.83 2.98 3.05 3.12 3.29 3.46 3.60 4.04 4.14 4.24 4.32 4.35 3.37 0.66 0.35 2.58 3.60 4.17 4.25 4.29 3.67 3.61 3.63 0.13 0.64 1.22 1.26 1.62 1.92 3.69 3.69 3.69 1.83 2.27 2.28 3.13 3.68 3.69 3.69 3.69 3.04 1.89 2.66 2.50 2.36 1.68 0.00 0.00 0.00 0.00 0.00 0.00
1.48 1.66 1.77 1.88 1.95 2.04 2.15 2.23 2.26 2.29 2.32 2.44 2.51 2.60 2.68 2.77 2.86 2.96 2.96 2.84 2.66 2.40 2.14 2.00 2.05 3.01 3.34 3.43 3.59 3.66 2.91 2.80 2.97 2.98 3.07 3.11 3.33 3.49 3.79 4.09 4.20 4.28 4.32 4.34 1.70 0.37 0.03 2.20 2.77 3.10 3.60 3.58 3.60 3.65 2.89 0.00 0.02 0.61 1.13 1.76 1.90 3.41 3.70 3.71 2.47 2.23 2.26 3.01 3.69 3.69 3.70 3.66 3.03 1.89 2.66 2.60 1.90 0.00 0.00 0.00 0.00 0.00 0.00 0.00
1.51 1.70 1.80 1.88 1.95 2.05 2.14 2.21 2.23 2.25 2.28 2.35 2.42 2.60 2.69 2.78 2.91 2.98 2.99 2.88 2.71 2.47 2.23 2.10 2.12 2.42 2.69 3.06 3.44 3.86 4.09 3.30 2.95 2.98 3.07 3.10 3.35 3.54 3.81 4.07 4.17 4.27 4.30 4.32 0.11 0.02 0.00 1.71 1.73 1.58 1.96 3.60 3.64 3.66 2.03 0.00 0.05 0.02 1.10 1.80 1.89 3.54 3.72 3.72 2.21 2.42 2.44 2.49 3.70 3.70 3.70 3.58 3.27 2.11 2.71 1.63 0.00 0.00 0.00 0.00 0.00 0.00 0.00 0.00
1.52 1.73 1.83 1.89 1.96 2.05 2.14 2.18 2.20 2.21 2.25 2.34 2.53 2.64 2.76 2.85 2.92 2.98 3.02 2.91 2.79 2.54 2.33 2.23 2.23 2.44 2.67 2.98 3.24 3.38 3.54 3.56 2.52 2.82 2.91 3.02 3.32 3.54 3.65 3.98 4.13 4.21 4.26 1.75 0.00 0.02 0.57 1.70 1.69 1.57 2.13 3.38 3.67 3.68 1.25 0.00 0.00 0.33 1.39 1.81 2.27 3.74 3.74 2.63 1.85 2.64 2.55 2.62 3.71 3.70 3.71 3.57 3.30 2.26 1.35 0.00 0.00 0.00 0.00 0.00 0.00 0.00 0.00 0.00
1.54 1.74 1.85 1.89 1.97 2.06 2.13 2.16 2.17 2.19 2.24 2.36 2.58 2.68 2.77 2.85 2.91 2.96 2.99 2.92 2.80 2.66 2.54 2.51 2.56 2.77 2.96 3.09 3.19 3.26 3.34 3.55 2.92 2.40 2.54 2.92 3.21 3.44 3.71 3.93 4.09 4.17 4.22 1.31 0.00 0.33 1.51 1.70 1.67 1.62 2.30 3.69 3.69 3.70 0.45 0.00 0.00 0.84 1.74 1.92 3.03 3.76 3.04 1.84 1.80 2.54 2.33 2.75 3.71 3.71 3.47 3.71 2.60 2.29 0.00 0.00 0.00 0.00 0.00 0.00 0.00 0.00 0.00 0.00
1.53 1.74 1.86 1.90 1.98 2.06 2.11 2.14 2.15 2.18 2.25 2.35 2.60 2.68 2.76 2.82 2.87 2.93 2.97 2.93 2.87 2.80 2.76 2.74 2.79 2.85 2.90 3.04 3.16 3.33 3.46 3.65 3.84 2.99 2.46 2.89 3.17 3.38 3.51 3.91 4.06 4.15 4.07 0.63 0.20 1.05 1.63 1.81 1.78 1.61 2.31 3.71 3.71 3.71 0.03 0.09 0.27 1.40 1.78 2.01 3.20 3.78 3.09 1.92 2.11 2.51 2.11 2.80 3.71 3.71 3.47 3.71 2.80 2.55 0.00 0.00 0.00 0.00 0.00 0.00 0.00 0.00 0.00 0.00
1.52 1.72 1.85 1.90 1.98 2.05 2.09 2.13 2.16 2.21 2.30 2.40 2.59 2.65 2.71 2.77 2.84 2.91 2.97 2.95 2.93 2.91 2.87 2.77 2.74 2.81 2.89 3.03 3.22 3.39 3.55 3.72 3.90 4.22 4.40 3.42 3.16 3.34 3.59 3.89 4.02 4.10 3.77 0.28 0.42 1.51 1.57 1.81 1.79 1.68 2.50 3.73 3.73 2.49 0.00 0.00 0.37 1.42 1.63 1.82 3.73 3.80 3.22 1.88 2.07 2.24 2.24 3.02 3.72 3.72 3.72 3.72 3.05 2.58 1.90 0.00 0.00 0.00 0.00 0.00 0.00 0.00 0.00 0.00
1.51 1.70 1.82 1.87 1.97 2.03 2.10 2.17 2.24 2.31 2.37 2.51 2.56 2.62 2.69 2.77 2.85 2.92 2.97 2.97 2.99 2.99 2.87 2.75 2.74 2.81 2.93 3.12 3.29 3.41 3.54 3.70 3.86 4.09 4.40 4.54 3.93 3.39 3.59 3.81 3.98 4.04 2.90 0.13 0.55 1.66 1.61 1.81 1.81 2.35 3.81 3.80 3.23 0.06 0.11 0.09 0.35 1.16 1.61 2.28 3.82 3.82 2.96 1.85 2.02 1.78 1.98 2.79 3.56 3.60 3.32 3.72 3.72 1.60 0.22 0.00 0.00 0.00 0.00 0.00 0.00 0.00 0.00 0.00
1.51 1.65 1.76 1.81 1.92 2.02 2.12 2.23 2.32 2.37 2.38 2.48 2.54 2.61 2.69 2.78 2.87 2.93 2.97 3.00 3.05 3.01 2.83 2.72 2.71 2.79 3.05 3.21 3.30 3.39 3.51 3.65 3.77 3.98 4.20 4.40 4.55 4.58 3.73 3.83 3.96 3.56 0.03 0.08 1.44 1.71 1.60 1.78 1.86 2.76 3.86 3.84 1.27 0.00 0.11 0.02 0.47 1.23 1.71 2.87 3.84 3.83 2.69 1.73 2.26 1.96 2.29 3.02 2.85 2.53 2.65 3.72 3.22 0.00 0.00 0.00 0.00 0.00 0.00 0.00 0.00 0.00 0.00 0.00
1.51 1.63 1.71 1.75 1.83 2.02 2.17 2.30 2.37 2.38 2.39 2.48 2.55 2.62 2.72 2.81 2.88 2.93 2.96 3.04 3.09 2.98 2.79 2.71 2.70 2.87 3.15 3.24 3.30 3.38 3.47 3.56 3.65 3.80 4.11 4.31 4.45 4.63 4.34 3.92 2.53 0.09 0.00 0.33 1.42 1.69 1.51 1.65 1.90 3.19 3.90 3.34 0.39 0.06 0.07 0.00 0.72 1.41 1.90 3.34 3.85 3.84 2.76 1.84 2.45 1.99 2.55 3.30 3.04 2.20 2.04 2.44 2.09 0.00 0.00 0.00 0.00 0.00 0.00 0.00 0.00 0.00 0.00 0.00
1.51 1.61 1.66 1.70 1.79 2.03 2.22 2.33 2.37 2.38 2.42 2.47 2.57 2.65 2.75 2.83 2.88 2.91 2.96 3.08 3.10 2.94 2.77 2.70 2.85 3.07 3.22 3.26 3.33 3.42 3.49 3.57 3.67 3.81 4.07 4.25 4.38 4.57 4.58 4.42 0.01 0.27 0.00 0.59 1.36 1.67 1.54 1.68 2.58 3.98 3.93 0.81 0.26 0.00 0.08 0.05 0.96 1.47 1.96 3.50 3.86 3.86 3.04 2.31 1.78 2.04 2.76 3.55 2.06 0.00 0.00 0.00 0.00 0.00 0.00 0.00 0.00 0.00 0.00 0.00 0.00 0.00 0.00 0.00
1.50 1.60 1.62 1.67 1.77 2.05 2.21 2.30 2.34 2.36 2.44 2.50 2.61 2.70 2.78 2.81 2.84 2.89 2.98 3.14 3.11 2.93 2.78 2.71 3.01 3.17 3.24 3.31 3.41 3.49 3.56 3.64 3.74 3.85 4.08 4.23 4.35 4.51 4.52 4.51 1.49 0.35 0.00 0.42 1.43 1.75 1.63 1.72 2.82 4.02 1.77 0.74 0.40 0.11 0.07 0.75 1.20 1.64 1.87 3.82 3.88 3.78 3.00 2.24 1.97 2.21 2.62 3.43 0.00 0.00 0.00 0.00 0.00 0.00 0.00 0.00 0.00 0.00 0.00 0.00 0.00 0.00 0.00 0.00
1.47 1.59 1.60 1.66 1.80 2.05 2.16 2.22 2.29 2.36 2.49 2.57 2.71 2.77 2.79 2.81 2.84 2.93 3.04 3.16 3.14 2.96 2.80 2.90 3.17 3.27 3.32 3.42 3.51 3.58 3.65 3.73 3.81 3.91 4.11 4.25 4.38 4.55 4.55 4.51 2.05 0.44 0.00 0.41 1.56 1.79 1.77 1.81 2.21 4.09 1.08 0.79 0.39 0.12 0.08 0.72 1.42 1.69 2.05 2.77 3.91 3.74 3.02 2.16 1.89 2.09 2.36 2.12 0.00 0.00 0.00 0.00 0.00 0.00 0.00 0.00 0.00 0.00 0.00 0.00 0.00 0.00 0.00 0.00
1.40 1.57 1.60 1.72 1.87 1.99 2.04 2.12 2.23 2.33 2.43 2.65 2.78 2.82 2.83 2.84 2.89 3.00 3.14 3.27 3.21 3.03 2.87 3.13 3.33 3.40 3.43 3.58 3.66 3.70 3.76 3.83 3.91 3.99 4.16 4.31 4.58 4.62 4.61 2.10 1.15 0.35 0.28 0.89 1.77 1.92 1.87 1.89 2.25 4.12 0.98 0.78 0.19 0.13 0.10 0.11 1.27 1.73 1.24 2.67 3.93 3.19 2.77 1.92 2.09 2.01 1.90 0.00 0.00 0.00 0.00 0.00 0.00 0.00 0.00 0.00 0.00 0.00 0.00 0.00 0.00 0.00 0.00 0.00
1.18 1.51 1.66 1.78 1.89 1.92 1.98 2.07 2.19 2.30 2.43 2.73 2.87 2.89 2.90 2.94 3.01 3.15 3.32 3.40 3.28 3.10 2.97 3.39 3.53 3.63 3.72 3.91 3.98 4.03 4.09 4.15 4.20 4.46 4.52 4.64 4.72 4.80 3.17 0.86 1.14 0.29 0.39 1.11 1.91 2.01 1.96 1.99 2.41 4.16 0.99 0.77 0.17 0.16 0.09 0.05 1.36 1.47 1.08 3.26 3.96 3.07 1.90 1.91 1.82 1.17 0.00 0.00 0.00 0.00 0.00 0.00 0.00 0.00 0.00 0.00 0.00 0.00 0.00 0.00 0.00 0.00 0.00 0.00
1.01 1.43 1.71 1.85 1.88 1.89 1.95 2.06 2.17 2.29 2.63 2.84 2.96 3.01 3.04 3.09 3.18 3.31 3.45 3.46 3.30 3.11 3.02 3.23 3.83 3.96 4.16 4.25 4.31 4.37 4.44 4.51 4.58 4.65 4.73 4.85 4.92 5.02 4.95 2.56 1.27 0.49 0.41 1.57 2.07 2.17 2.09 2.16 2.83 4.20 1.01 0.84 0.15 0.17 0.09 0.32 1.04 0.99 1.44 3.57 4.00 2.73 1.79 2.23 2.81 0.00 0.00 0.00 0.00 0.00 0.00 0.00 0.00 0.00 0.00 0.00 0.00 0.00 0.00 0.00 0.00 0.00 0.00 0.00
0.86 1.33 1.77 1.88 1.85 1.86 1.95 2.05 2.16 2.30 2.75 2.99 3.11 3.16 3.17 3.20 3.28 3.40 3.51 3.49 3.29 3.11 3.14 3.88 4.30 4.24 4.26 4.32 4.37 4.43 4.49 4.57 4.64 4.72 4.79 4.91 5.00 5.24 5.34 5.21 1.82 0.87 0.48 1.86 2.21 2.62 2.37 2.17 3.33 4.23 1.04 0.96 0.21 0.19 0.12 0.61 0.96 1.60 2.02 3.76 4.06 2.87 1.84 2.52 2.19 0.00 0.00 0.00 0.00 0.00 0.00 0.00 0.00 0.00 0.00 0.00 0.00 0.00 0.00 0.00 0.00 0.00 0.00 0.00
