tsunami_inundation/3270.asc
ncols        89
nrows        96
xllcorner    425855.973699999973
yllcorner    5091051.504999999888
cellsize     55.000000000000
NODATA_value  -9999.00
[rows 37 to 73 of 96, columns 0 to 83 of 89]
0.73 1.17 1.78 1.89 1.82 1.83 1.95 2.06 2.19 2.60 2.94 3.17 3.23 3.25 3.27 3.31 3.41 3.54 3.59 3.53 3.40 3.18 4.58 4.52 4.34 4.32 4.35 4.38 4.42 4.48 4.55 4.63 4.70 4.76 4.81 4.93 5.02 5.28 5.42 5.48 1.82 0.78 0.59 1.86 2.23 2.82 2.71 2.32 4.13 4.25 1.08 0.98 0.17 0.13 0.23 0.47 1.02 1.88 2.00 4.02 4.09 3.45 3.01 2.73 1.41 0.00 0.00 0.00 0.00 0.00 0.00 0.00 0.00 0.00 0.00 0.00 0.00 0.00 0.00 0.00 0.00 0.00 0.00 0.00
0.80 1.14 1.72 1.71 1.83 1.82 2.07 2.18 2.38 2.90 3.20 3.29 3.28 3.31 3.34 3.39 3.50 3.64 3.67 3.58 3.44 3.75 4.71 4.52 4.40 4.41 4.43 4.44 4.49 4.55 4.62 4.68 4.74 4.80 4.85 5.02 5.14 5.28 5.39 4.45 0.98 0.73 0.68 1.89 2.29 2.63 2.30 2.70 4.29 1.36 1.10 0.88 0.14 0.14 0.27 0.27 1.44 2.04 2.20 4.12 4.12 3.70 3.30 2.37 1.93 0.00 0.00 0.00 0.00 0.00 0.00 0.00 0.00 0.00 0.00 0.00 0.00 0.00 0.00 0.00 0.00 0.00 0.00 0.00
0.89 1.12 1.32 1.60 1.90 2.14 2.34 2.37 2.54 3.10 3.41 3.37 3.35 3.35 3.37 3.42 3.55 3.70 3.73 3.68 3.86 4.68 4.67 4.50 4.45 4.45 4.48 4.50 4.57 4.63 4.69 4.74 4.79 4.84 4.88 4.96 5.19 5.32 5.40 3.50 0.80 0.80 1.12 1.96 2.19 2.50 2.35 3.71 4.27 1.35 1.12 0.87 0.16 0.19 0.31 0.43 1.59 2.03 2.55 4.14 4.14 3.73 2.03 2.38 3.06 0.00 0.00 0.00 0.00 0.00 0.00 0.00 0.00 0.00 0.00 0.00 0.00 0.00 0.00 0.00 0.00 0.00 0.00 0.00
0.96 1.10 1.26 1.59 2.08 2.42 2.50 2.50 2.56 2.73 3.47 3.46 3.39 3.36 3.34 3.40 3.56 3.74 3.88 4.32 4.74 4.69 4.56 4.49 4.46 4.47 4.51 4.54 4.62 4.68 4.73 4.79 4.84 4.89 4.96 5.15 5.25 5.35 5.44 2.47 0.81 0.73 1.58 2.09 2.27 2.51 2.55 4.33 4.32 1.32 1.17 0.93 0.18 0.22 0.26 0.78 2.04 2.45 3.58 4.16 4.15 3.64 2.55 2.12 2.56 1.82 0.00 0.00 0.00 0.00 0.00 0.00 0.00 0.00 0.00 0.00 0.00 0.00 0.00 0.00 0.00 0.00 0.00 0.00
1.01 1.14 1.37 1.83 2.24 2.45 2.49 2.49 2.56 2.76 3.47 3.45 3.36 3.33 3.33 3.38 3.72 4.90 4.71 5.01 4.83 4.59 4.53 4.46 4.43 4.45 4.50 4.56 4.67 4.73 4.77 4.83 4.88 4.94 5.00 5.07 5.30 5.40 5.49 2.38 0.84 0.52 1.38 2.22 2.41 2.36 3.13 4.34 4.33 1.18 1.09 0.85 0.20 0.22 0.20 1.39 2.62 3.75 4.17 4.14 4.16 3.96 3.12 2.32 2.19 2.00 2.16 2.27 0.11 0.00 0.00 0.00 0.00 0.00 0.00 0.00 0.00 0.00 0.00 0.00 0.00 0.00 0.00 0.00
1.09 1.35 1.77 1.99 2.14 2.29 2.42 2.49 2.77 3.20 3.43 3.39 3.35 3.34 3.39 3.79 5.34 5.44 5.20 4.97 4.81 4.60 4.46 4.45 4.44 4.45 4.50 4.56 4.68 4.74 4.80 4.86 4.91 4.96 5.03 5.25 5.34 5.43 5.32 1.36 1.14 0.84 1.60 2.25 2.53 2.41 3.94 4.35 4.35 1.42 1.10 0.74 0.17 0.25 0.42 2.06 3.74 4.19 3.07 2.34 3.57 4.18 2.95 2.33 2.22 1.93 2.05 1.24 0.00 0.00 0.00 0.00 0.00 0.00 0.00 0.00 0.00 0.00 0.00 0.00 0.00 0.00 0.00 0.00
1.39 1.78 1.89 1.95 2.01 2.07 2.23 2.38 2.61 3.14 3.32 3.36 3.36 3.35 3.66 5.18 5.59 5.40 5.14 4.99 4.81 4.44 4.46 4.52 4.53 4.53 4.50 4.55 4.63 4.74 4.80 4.86 4.91 4.96 5.03 5.13 5.38 5.47 5.27 1.16 1.33 1.01 1.97 2.32 2.54 2.42 4.38 4.36 3.53 1.43 1.09 1.09 0.92 0.44 1.13 2.09 2.95 3.60 3.00 2.86 3.60 4.18 2.95 2.21 2.24 2.03 1.93 0.00 0.00 0.00 0.00 0.00 0.00 0.00 0.00 0.00 0.00 0.00 0.00 0.00 0.00 0.00 0.00 0.00
1.82 1.83 1.83 1.84 1.90 1.98 2.10 2.27 2.64 3.11 3.24 3.34 3.39 3.47 4.09 5.61 5.56 5.35 5.15 5.00 4.81 4.61 4.45 4.52 4.58 4.60 4.59 4.60 4.62 4.71 4.78 4.81 4.89 4.95 5.12 5.31 5.42 5.49 2.36 0.93 0.93 1.19 2.80 2.61 2.55 2.36 4.40 4.39 2.37 1.37 1.11 1.10 1.07 0.53 1.50 2.12 2.17 2.27 2.23 2.39 2.68 4.20 3.00 2.15 1.48 0.97 0.65 0.00 0.00 0.00 0.00 0.00 0.00 0.00 0.00 0.00 0.00 0.00 0.00 0.00 0.00 0.00 0.00 0.00
1.80 1.77 1.77 1.81 1.87 1.93 2.03 2.19 2.94 3.08 3.17 3.29 3.45 4.04 5.34 5.56 5.48 5.34 5.15 4.99 4.79 4.42 4.42 4.47 4.56 4.61 4.63 4.65 4.68 4.73 4.76 4.80 4.85 4.93 5.00 5.24 5.43 5.51 1.57 0.77 0.72 2.25 2.93 2.60 2.54 2.38 4.43 1.79 1.45 1.32 1.16 1.15 0.91 0.68 1.76 2.10 2.12 2.13 2.09 2.35 3.00 4.21 2.61 1.90 0.00 0.00 0.00 0.00 0.00 0.00 0.00 0.00 0.00 0.00 0.00 0.00 0.00 0.00 0.00 0.00 0.00 0.00 0.00 0.00
1.77 1.70 1.73 1.79 1.85 1.91 2.00 2.16 2.87 3.01 3.13 3.31 3.91 5.24 5.47 5.50 5.45 5.28 5.10 4.95 4.76 4.42 4.34 4.37 4.42 4.47 4.56 4.64 4.69 4.76 4.79 4.83 4.88 4.97 5.06 5.23 5.41 4.54 1.22 0.77 1.53 2.45 2.77 2.84 2.60 2.42 4.47 1.63 1.41 1.25 1.14 1.19 0.79 1.01 1.91 2.20 2.17 2.03 1.97 2.93 4.23 3.51 2.18 0.70 0.00 0.00 0.00 0.00 0.00 0.00 0.00 0.00 0.00 0.00 0.00 0.00 0.00 0.00 0.00 0.00 0.00 0.00 0.00 0.00
1.69 1.67 1.72 1.77 1.82 1.89 2.00 2.17 2.73 2.89 3.12 3.69 5.00 5.31 5.40 5.47 5.34 5.17 5.00 4.86 4.70 4.37 4.29 4.31 4.35 4.39 4.45 4.54 4.62 4.71 4.81 4.87 4.93 5.01 5.07 5.24 5.42 3.50 0.77 0.66 1.55 2.62 2.63 2.70 3.35 3.26 4.54 3.55 1.29 1.24 1.14 1.11 0.73 1.17 1.92 2.26 2.15 1.97 2.10 4.27 2.97 2.23 0.60 0.00 0.00 0.00 0.00 0.00 0.00 0.00 0.00 0.00 0.00 0.00 0.00 0.00 0.00 0.00 0.00 0.00 0.00 0.00 0.00 0.00
1.65 1.67 1.71 1.74 1.78 1.87 2.00 2.21 2.63 2.78 3.61 4.90 5.07 5.11 5.24 5.36 5.29 5.12 4.94 4.79 4.64 4.48 4.24 4.25 4.29 4.33 4.37 4.42 4.51 4.61 4.78 4.86 4.93 5.01 5.07 5.25 5.42 3.16 0.57 0.56 1.66 2.64 2.46 2.66 2.94 2.73 4.65 1.42 1.29 1.24 1.12 0.79 0.67 1.15 1.88 2.12 2.08 2.18 2.66 4.31 2.65 1.97 0.00 0.00 0.00 0.00 0.00 0.00 0.00 0.00 0.00 0.00 0.00 0.00 0.00 0.00 0.00 0.00 0.00 0.00 0.00 0.00 0.00 0.00
1.66 1.68 1.69 1.69 1.74 1.84 2.00 2.27 2.61 3.13 4.43 4.76 4.86 4.99 5.08 5.20 5.22 5.07 4.89 4.73 4.58 4.30 4.18 4.19 4.22 4.26 4.30 4.36 4.42 4.52 4.66 4.76 4.87 4.97 5.06 5.24 5.34 1.68 0.47 0.77 2.40 2.88 2.74 2.77 2.65 2.65 4.69 3.76 1.28 1.28 1.08 0.44 0.62 1.15 1.94 2.11 2.10 2.34 2.54 3.94 2.69 1.83 0.00 0.00 0.00 0.00 0.00 0.00 0.00 0.00 0.00 0.00 0.00 0.00 0.00 0.00 0.00 0.00 0.00 0.00 0.00 0.00 0.00 0.00
1.71 1.70 1.69 1.70 1.73 1.82 2.00 2.29 2.89 4.09 4.43 4.53 4.70 4.83 4.92 5.02 5.08 5.00 4.86 4.69 4.53 4.26 4.14 4.13 4.15 4.18 4.25 4.31 4.38 4.46 4.57 4.69 4.79 4.91 5.07 5.14 4.13 0.93 0.94 1.58 2.58 2.84 2.83 2.85 2.78 2.77 4.72 1.48 1.34 1.39 0.97 1.09 1.31 1.38 1.97 2.20 2.18 2.43 2.51 4.06 4.37 1.42 0.00 0.00 0.00 0.00 0.00 0.00 0.00 0.00 0.00 0.00 0.00 0.00 0.00 0.00 0.00 0.00 0.00 0.00 0.00 0.00 0.00 0.00
1.71 1.72 1.70 1.70 1.73 1.82 2.02 2.52 3.79 4.27 4.30 4.38 4.55 4.66 4.74 4.82 4.86 4.84 4.75 4.63 4.34 4.23 4.15 4.11 4.12 4.15 4.23 4.28 4.36 4.43 4.54 4.65 4.77 4.89 4.94 4.96 2.79 0.98 1.40 1.83 2.18 2.50 2.46 2.31 2.55 3.41 4.81 1.55 1.46 1.44 1.02 1.49 1.29 1.49 2.09 2.30 2.14 2.25 2.40 3.53 4.43 0.00 0.00 0.00 0.00 0.00 0.00 0.00 0.00 0.00 0.00 0.00 0.00 0.00 0.00 0.00 0.00 0.00 0.00 0.00 0.00 0.00 0.00 0.00
1.70 1.71 1.71 1.71 1.73 1.82 2.05 2.83 4.15 4.20 4.22 4.30 4.42 4.51 4.59 4.65 4.63 4.56 4.50 4.44 4.16 4.12 4.12 4.11 4.11 4.15 4.20 4.24 4.30 4.38 4.47 4.55 4.59 4.67 4.79 4.62 1.65 1.22 2.18 1.86 1.71 1.83 1.81 1.99 2.77 4.29 4.27 1.60 1.52 1.36 1.07 1.35 1.32 1.63 2.11 2.45 2.25 2.28 2.55 4.47 2.34 0.00 0.00 0.00 0.00 0.00 0.00 0.00 0.00 0.00 0.00 0.00 0.00 0.00 0.00 0.00 0.00 0.00 0.00 0.00 0.00 0.00 0.00 0.00
1.66 1.68 1.69 1.71 1.75 1.85 2.11 3.66 4.09 4.11 4.17 4.25 4.32 4.39 4.40 4.45 4.39 4.25 4.11 3.99 3.89 3.88 3.93 4.01 4.02 4.06 4.07 4.07 4.14 4.23 4.25 4.26 4.34 4.44 4.71 3.55 1.54 1.31 2.32 1.66 1.18 1.10 1.60 2.46 3.14 4.93 4.93 1.50 1.54 1.33 1.18 1.36 1.47 1.92 2.16 2.24 2.40 2.63 2.84 3.50 1.14 0.00 0.00 0.00 0.00 0.00 0.00 0.00 0.00 0.00 0.00 0.00 0.00 0.00 0.00 0.00 0.00 0.00 0.00 0.00 0.00 0.00 0.00 0.00
1.62 1.64 1.67 1.70 1.76 1.89 3.29 4.02 3.97 4.00 4.10 4.16 4.21 4.26 4.30 4.33 4.32 4.12 3.97 3.84 3.64 3.63 3.67 3.75 3.79 3.83 3.83 3.86 3.96 4.03 4.04 4.12 4.24 4.36 4.65 3.26 1.34 1.09 2.39 1.56 1.23 1.15 1.89 2.65 3.44 4.96 4.10 1.42 1.51 1.31 1.36 1.40 1.48 2.02 2.25 2.38 2.86 3.38 3.80 4.51 0.00 0.00 0.00 0.00 0.00 0.00 0.00 0.00 0.00 0.00 0.00 0.00 0.00 0.00 0.00 0.00 0.00 0.00 0.00 0.00 0.00 0.00 0.00 0.00
1.58 1.58 1.63 1.68 1.79 2.03 3.18 3.99 3.90 3.96 4.04 4.10 4.16 4.19 4.19 4.19 4.16 4.02 3.89 3.63 3.54 3.51 3.52 3.58 3.64 3.70 3.70 3.76 3.84 3.89 3.90 4.03 4.16 4.41 4.53 1.91 1.10 1.13 2.20 1.39 1.37 1.82 2.51 2.80 4.52 4.99 3.85 1.54 1.60 1.30 1.16 1.34 1.65 2.17 2.41 2.52 3.03 4.32 4.50 3.32 0.00 0.00 0.00 0.00 0.00 0.00 0.00 0.00 0.00 0.00 0.00 0.00 0.00 0.00 0.00 0.00 0.00 0.00 0.00 0.00 0.00 0.00 0.00 0.00
1.53 1.57 1.61 1.68 1.81 2.36 4.05 3.92 3.87 3.94 3.97 4.04 4.11 4.11 4.09 4.05 4.00 3.92 3.82 3.70 3.47 3.43 3.43 3.46 3.54 3.60 3.59 3.64 3.70 3.76 3.78 3.91 4.03 4.28 2.97 0.98 0.86 1.66 2.07 1.34 1.34 1.98 2.65 2.92 5.03 5.02 2.95 1.69 1.67 1.06 0.92 1.29 1.80 2.24 2.54 3.21 4.29 4.46 4.49 4.29 0.00 0.00 0.00 0.00 0.00 0.00 0.00 0.00 0.00 0.00 0.00 0.00 0.00 0.00 0.00 0.00 0.00 0.00 0.00 0.00 0.00 0.00 0.00 0.00
1.53 1.57 1.61 1.74 1.89 3.71 3.91 3.87 3.88 3.91 3.93 3.98 4.03 4.03 4.00 3.95 3.88 3.80 3.73 3.63 3.40 3.36 3.36 3.39 3.45 3.45 3.42 3.44 3.53 3.62 3.66 3.81 4.07 4.19 2.72 0.74 0.73 1.75 1.81 1.29 1.31 2.27 2.84 3.53 5.04 5.05 1.91 1.75 1.58 0.77 1.12 1.27 1.62 2.45 3.54 4.33 4.57 4.57 4.57 3.11 1.18 0.00 0.00 0.00 0.00 0.00 0.00 0.00 0.00 0.00 0.00 0.00 0.00 0.00 0.00 0.00 0.00 0.00 0.00 0.00 0.00 0.00 0.00 0.00
1.52 1.56 1.61 1.81 2.67 3.97 3.98 3.85 3.87 3.86 3.85 3.92 3.95 3.94 3.93 3.87 3.79 3.67 3.53 3.34 3.31 3.30 3.32 3.35 3.39 3.36 3.34 3.37 3.47 3.55 3.60 3.75 3.99 4.01 1.56 0.71 0.77 1.78 1.59 1.24 1.82 2.64 3.06 4.25 5.06 5.08 1.88 1.77 1.50 0.66 1.13 1.42 1.98 3.08 4.33 4.52 4.57 4.57 3.55 2.62 2.24 0.00 0.00 0.00 0.00 0.00 0.00 0.00 0.00 0.00 0.00 0.00 0.00 0.00 0.00 0.00 0.00 0.00 0.00 0.00 0.00 0.00 0.00 0.00
1.51 1.56 1.63 1.97 3.38 3.99 3.78 3.79 3.80 3.80 3.82 3.83 3.83 3.87 3.86 3.73 3.67 3.55 3.38 3.21 3.21 3.23 3.25 3.27 3.27 3.23 3.21 3.27 3.37 3.45 3.50 3.64 3.79 3.89 1.07 0.87 1.02 1.68 1.58 1.30 2.59 3.02 3.31 4.19 5.09 5.10 1.82 1.76 1.31 0.54 1.19 1.90 2.59 4.37 4.55 4.57 4.57 4.22 2.99 2.38 2.38 1.17 0.00 0.00 0.00 0.00 0.00 0.00 0.00 0.00 0.00 0.00 0.00 0.00 0.00 0.00 0.00 0.00 0.00 0.00 0.00 0.00 0.00 0.00
1.52 1.58 1.69 2.00 3.85 3.90 3.74 3.75 3.76 3.77 3.81 3.82 3.82 3.81 3.78 3.67 3.60 3.39 3.23 3.11 3.10 3.10 3.10 3.09 3.07 3.06 3.08 3.17 3.28 3.35 3.39 3.55 3.70 3.22 0.73 0.91 1.18 1.84 1.48 2.17 3.04 3.23 3.46 4.72 5.12 2.91 2.12 2.04 1.41 0.86 1.43 2.29 3.34 4.46 4.42 4.48 4.49 4.22 4.09 2.40 2.33 2.42 2.22 0.16 0.00 0.00 0.00 0.00 0.00 0.00 0.00 0.00 0.00 0.00 0.00 0.00 0.00 0.00 0.00 0.00 0.00 0.00 0.00 0.00
1.54 1.61 1.74 2.34 3.81 3.78 3.71 3.72 3.73 3.75 3.80 3.81 3.80 3.78 3.73 3.63 3.49 3.36 3.08 2.98 2.91 2.97 2.94 2.93 2.94 2.96 2.99 3.10 3.21 3.27 3.33 3.49 3.63 2.08 0.82 0.86 1.58 1.70 1.54 2.64 2.87 2.93 3.45 4.76 5.16 3.32 2.20 1.96 1.28 1.36 1.78 2.63 3.96 4.27 4.25 4.56 4.52 4.34 2.78 2.54 2.40 2.34 1.83 0.00 0.00 0.00 0.00 0.00 0.00 0.00 0.00 0.00 0.00 0.00 0.00 0.00 0.00 0.00 0.00 0.00 0.00 0.00 0.00 0.00
1.55 1.64 1.81 2.77 3.71 3.67 3.69 3.71 3.72 3.74 3.77 3.79 3.78 3.75 3.70 3.60 3.47 3.34 3.14 2.88 2.82 2.79 2.78 2.81 2.85 2.93 2.95 3.04 3.15 3.23 3.32 3.50 2.98 0.58 0.87 0.82 1.67 1.54 1.88 2.79 2.82 2.98 2.94 3.75 5.19 4.35 2.08 1.92 1.62 1.65 2.14 2.74 4.21 4.30 4.58 4.58 4.13 3.84 2.98 2.06 1.97 0.26 0.00 0.00 0.00 0.00 0.00 0.00 0.00 0.00 0.00 0.00 0.00 0.00 0.00 0.00 0.00 0.00 0.00 0.00 0.00 0.00 0.00 0.00
1.55 1.64 1.94 3.15 3.61 3.62 3.68 3.71 3.72 3.73 3.75 3.77 3.77 3.74 3.69 3.58 3.42 3.25 2.84 2.75 2.72 2.72 2.76 2.80 2.84 2.92 2.94 3.04 3.14 3.22 3.27 3.44 1.35 0.60 0.89 0.83 1.48 1.61 2.22 3.00 2.91 3.49 3.02 4.69 5.21 4.75 2.14 1.95 1.72 2.05 2.30 2.70 4.10 4.35 4.58 4.11 2.39 1.07 0.00 0.00 0.00 0.00 0.00 0.00 0.00 0.00 0.00 0.00 0.00 0.00 0.00 0.00 0.00 0.00 0.00 0.00 0.00 0.00 0.00 0.00 0.00 0.00 0.00 0.00
1.54 1.66 2.17 3.33 3.55 3.60 3.66 3.70 3.71 3.70 3.72 3.77 3.78 3.76 3.68 3.52 3.33 3.14 2.96 2.70 2.68 2.70 2.76 2.80 2.83 2.91 2.92 3.02 3.12 3.18 3.24 3.36 0.93 0.77 0.86 0.99 0.95 1.61 2.48 3.10 3.46 4.02 4.00 4.78 5.21 4.85 2.02 1.88 2.17 2.33 2.65 3.78 4.31 4.47 3.85 1.69 0.00 0.00 0.00 0.00 0.00 0.00 0.00 0.00 0.00 0.00 0.00 0.00 0.00 0.00 0.00 0.00 0.00 0.00 0.00 0.00 0.00 0.00 0.00 0.00 0.00 0.00 0.00 0.00
1.56 1.72 2.45 3.36 3.46 3.58 3.61 3.65 3.67 3.68 3.72 3.78 3.79 3.76 3.63 3.43 3.21 3.03 2.69 2.66 2.65 2.69 2.75 2.78 2.82 2.87 2.89 3.01 3.09 3.15 3.21 3.31 0.47 0.81 0.72 0.85 0.85 2.34 2.92 3.18 3.02 4.00 3.79 3.92 5.22 4.01 2.05 2.60 2.93 3.00 3.99 4.32 4.43 4.55 2.98 0.47 0.00 0.00 0.00 0.00 0.00 0.00 0.00 0.00 0.00 0.00 0.00 0.00 0.00 0.00 0.00 0.00 0.00 0.00 0.00 0.00 0.00 0.00 0.00 0.00 0.00 0.00 0.00 0.00
1.62 1.91 2.82 3.32 3.53 3.52 3.55 3.60 3.64 3.68 3.73 3.77 3.77 3.69 3.53 3.32 3.12 2.95 2.65 2.63 2.63 2.67 2.73 2.77 2.79 2.82 2.90 3.01 3.07 3.14 3.19 3.29 0.48 0.82 0.94 0.91 1.30 2.69 3.00 2.96 3.03 3.03 3.08 3.42 2.69 2.19 2.49 2.86 3.31 3.45 4.13 4.29 4.37 4.37 2.39 0.00 0.00 0.00 0.00 0.00 0.00 0.00 0.00 0.00 0.00 0.00 0.00 0.00 0.00 0.00 0.00 0.00 0.00 0.00 0.00 0.00 0.00 0.00 0.00 0.00 0.00 0.00 0.00 0.00
1.69 2.10 2.95 3.24 3.38 3.47 3.50 3.56 3.62 3.68 3.73 3.74 3.68 3.58 3.42 3.22 3.04 2.90 2.62 2.60 2.60 2.65 2.71 2.73 2.75 2.77 2.92 3.00 3.06 3.11 3.15 3.26 0.37 0.76 0.97 0.97 1.71 2.75 2.97 2.97 2.92 3.02 3.05 3.80 2.12 2.76 2.77 2.76 2.75 3.10 3.93 4.32 4.37 4.25 2.93 0.00 0.00 0.00 0.00 0.00 0.00 0.00 0.00 0.00 0.00 0.00 0.00 0.00 0.00 0.00 0.00 0.00 0.00 0.00 0.00 0.00 0.00 0.00 0.00 0.00 0.00 0.00 0.00 0.00
1.77 2.30 2.98 3.14 3.44 3.44 3.47 3.54 3.61 3.66 3.67 3.66 3.55 3.47 3.33 3.16 2.99 2.74 2.64 2.59 2.58 2.62 2.67 2.69 2.70 2.75 2.93 3.00 3.05 3.10 3.15 3.26 0.26 0.57 0.92 1.12 2.06 2.70 2.92 2.91 2.92 2.97 3.15 4.01 2.38 2.75 2.78 2.66 2.64 2.80 2.87 3.60 4.32 4.20 3.23 0.00 0.00 0.00 0.00 0.00 0.00 0.00 0.00 0.00 0.00 0.00 0.00 0.00 0.00 0.00 0.00 0.00 0.00 0.00 0.00 0.00 0.00 0.00 0.00 0.00 0.00 0.00 0.00 0.00
1.86 2.47 2.94 3.06 3.31 3.44 3.47 3.52 3.57 3.58 3.57 3.53 3.44 3.38 3.23 3.09 2.95 2.70 2.61 2.58 2.58 2.62 2.66 2.68 2.68 2.76 2.92 3.00 3.05 3.08 3.14 3.26 0.14 0.36 0.74 1.36 2.03 2.48 2.80 2.86 2.86 3.06 3.45 3.54 2.49 2.73 2.76 2.56 2.53 2.75 2.70 2.88 4.24 4.08 3.14 0.00 0.00 0.00 0.00 0.00 0.00 0.00 0.00 0.00 0.00 0.00 0.00 0.00 0.00 0.00 0.00 0.00 0.00 0.00 0.00 0.00 0.00 0.00 0.00 0.00 0.00 0.00 0.00 0.00
1.97 2.61 2.91 3.02 3.45 3.46 3.47 3.44 3.41 3.39 3.37 3.36 3.33 3.27 3.18 3.05 2.92 2.80 2.60 2.57 2.58 2.62 2.66 2.66 2.66 2.76 2.88 3.00 3.05 3.08 3.15 3.23 0.09 0.31 0.77 1.34 2.00 2.09 2.58 2.75 2.85 3.14 3.77 2.03 2.49 2.68 2.74 2.60 2.40 2.53 2.67 2.87 4.28 4.44 3.48 1.71 0.00 0.06 0.00 0.00 0.00 0.00 0.00 0.00 0.00 0.00 0.00 0.00 0.00 0.00 0.00 0.00 0.00 0.00 0.00 0.00 0.00 0.00 0.00 0.00 0.00 0.00 0.00 0.00
2.07 2.74 2.96 3.03 3.46 3.45 3.38 3.33 3.30 3.28 3.28 3.29 3.28 3.23 3.14 3.02 2.90 2.78 2.59 2.57 2.58 2.61 2.65 2.64 2.65 2.77 2.88 3.01 3.05 3.08 3.10 2.99 0.15 0.56 1.02 1.41 2.02 1.97 2.24 2.59 2.78 3.37 4.11 1.86 2.31 2.56 2.62 2.49 3.27 3.45 3.42 3.76 4.52 4.35 3.73 3.45 2.55 2.43 1.89 0.12 0.00 0.00 0.00 0.00 0.00 0.00 0.00 0.00 0.00 0.00 0.00 0.00 0.00 0.00 0.00 0.00 0.00 0.00 0.00 0.00 0.00 0.00 0.00 0.00
2.16 2.80 3.01 3.16 3.39 3.37 3.30 3.24 3.21 3.22 3.24 3.25 3.25 3.19 3.11 3.00 2.88 2.63 2.57 2.57 2.59 2.61 2.65 2.62 2.65 2.78 2.91 3.02 3.06 3.10 3.11 1.05 0.51 0.65 1.08 1.18 1.66 1.88 2.27 2.59 2.83 3.53 4.28 2.49 2.51 2.51 2.43 2.51 3.75 4.65 4.65 4.65 4.55 3.80 3.63 3.51 3.16 2.46 2.23 1.46 0.22 0.00 0.00 0.00 0.00 0.00 0.00 0.00 0.00 0.00 0.00 0.00 0.00 0.00 0.00 0.00 0.00 0.00 0.00 0.00 0.00 0.00 0.00 0.00
2.20 2.83 3.02 3.07 3.24 3.29 3.24 3.19 3.18 3.20 3.22 3.23 3.24 3.17 3.08 2.99 2.73 2.61 2.56 2.56 2.59 2.61 2.64 2.60 2.67 2.85 2.97 3.04 3.08 3.10 3.14 0.33 0.44 0.65 1.09 1.06 1.32 1.87 2.40 2.86 3.12 3.48 4.13 2.11 4.27 3.38 2.53 2.53 3.49 4.65 4.65 4.65 4.54 3.71 3.52 3.52 3.36 2.45 1.18 0.38 0.22 0.02 0.00 0.00 0.00 0.00 0.00 0.00 0.00 0.00 0.00 0.00 0.00 0.00 0.00 0.00 0.00 0.00 0.00 0.00 0.00 0.00 0.00 0.00
