tsunami_inundation/3300.asc
ncols        89
nrows        96
xllcorner    425855.973699999973
yllcorner    5091051.504999999888
cellsize     55.000000000000
NODATA_value  -9999.00
[rows 0 to 36 of 96, columns 0 to 83 of 89]
-9999.00 1.16 1.26 1.66 2.15 3.76 3.75 3.77 3.84 3.89 3.93 3.96 3.98 4.03 4.25 4.28 3.81 2.06 1.94 1.91 1.90 1.57 1.21 0.94 0.73 0.61 0.54 0.53 0.53 0.53 0.51 0.47 0.45 0.52 0.71 0.96 1.09 1.23 1.35 1.49 1.60 0.00 0.04 0.35 0.31 0.01 0.02 0.03 0.03 1.76 3.50 3.75 3.69 3.63 3.60 3.60 3.61 3.60 3.60 1.70 2.40 2.52 2.13 1.57 0.07 0.00 0.09 1.31 2.20 2.41 1.82 1.77 1.31 1.68 1.36 0.00 0.00 0.00 0.00 0.00 0.00 0.00 0.00 0.00
-9999.00 1.10 1.21 1.46 1.86 3.35 3.93 3.86 3.98 3.99 3.96 4.01 4.03 4.02 4.04 4.19 4.07 2.64 2.02 1.92 1.90 1.54 1.20 0.95 0.75 0.62 0.56 0.55 0.59 0.60 0.58 0.53 0.49 0.56 0.76 1.00 1.14 1.26 1.37 1.48 1.62 0.05 0.02 0.08 0.34 0.21 0.06 0.06 2.22 3.59 3.89 3.87 3.84 3.74 3.63 3.61 3.60 3.60 3.60 1.77 2.41 2.59 2.42 1.58 0.03 0.01 0.10 1.60 2.34 2.47 1.95 1.34 1.36 1.55 1.43 0.00 0.00 0.00 0.00 0.00 0.00 0.00 0.00 0.00
-9999.00 1.07 1.29 1.43 1.69 2.93 3.95 3.97 3.98 3.99 3.98 3.99 3.98 3.99 4.00 4.15 4.32 4.19 2.73 2.03 1.91 1.52 1.21 0.97 0.77 0.64 0.57 0.57 0.58 0.65 0.65 0.63 0.64 0.69 0.84 0.98 1.19 1.31 1.39 1.50 1.63 0.00 0.00 0.00 0.12 0.31 0.46 2.01 3.49 3.97 3.92 3.91 3.91 3.91 3.82 3.60 3.60 3.60 3.39 2.10 2.32 2.70 2.57 1.50 0.51 0.01 0.23 1.66 2.08 2.56 2.15 0.90 0.98 1.32 0.00 0.00 0.00 0.00 0.00 0.00 0.00 0.00 0.00 0.00
-9999.00 1.04 1.26 1.40 1.62 2.50 3.94 4.00 3.95 3.96 3.96 3.97 3.98 3.98 4.02 4.03 4.16 4.33 4.26 2.87 2.02 1.51 1.23 1.01 0.81 0.67 0.60 0.59 0.65 0.67 0.69 0.70 0.74 0.82 0.93 1.04 1.23 1.34 1.43 1.52 1.72 0.16 0.00 0.02 0.01 0.08 0.54 2.88 3.91 3.98 3.94 3.92 3.92 3.93 3.93 3.68 3.60 3.60 3.48 2.55 2.40 2.71 2.51 1.39 0.50 0.39 1.14 2.02 2.41 2.66 2.30 1.10 1.10 1.00 0.00 0.00 0.00 0.00 0.00 0.00 0.00 0.00 0.00 0.00
-9999.00 1.02 1.24 1.40 1.59 2.17 3.75 4.00 3.91 3.93 3.95 3.96 3.97 3.97 3.98 4.08 4.10 4.10 4.09 4.43 4.48 1.59 1.28 1.08 0.87 0.72 0.63 0.62 0.63 0.68 0.69 0.70 0.77 0.93 1.05 1.12 1.28 1.38 1.46 1.54 1.70 0.96 0.02 0.02 0.01 0.00 1.76 3.41 4.00 3.97 3.94 3.93 3.92 3.93 3.94 3.92 3.71 3.61 3.59 3.08 2.62 3.08 2.40 1.32 0.26 0.40 1.14 1.74 2.37 2.74 2.40 1.14 1.22 0.20 0.00 0.00 0.00 0.00 0.00 0.00 0.00 0.00 0.00 0.00
-9999.00 1.01 1.25 1.41 1.60 1.95 3.27 3.98 3.87 3.88 3.92 3.93 3.92 3.93 3.95 4.04 4.06 4.08 4.09 4.14 4.36 4.38 1.36 1.13 0.97 0.80 0.69 0.64 0.68 0.69 0.69 0.69 0.77 0.95 1.10 1.20 1.35 1.43 1.50 1.56 1.68 0.92 0.04 0.02 0.02 0.00 2.13 3.74 3.97 3.96 3.93 3.93 3.93 3.93 3.94 3.94 3.93 3.72 3.61 3.60 3.60 3.51 3.14 2.21 0.20 0.36 1.25 1.85 2.48 2.85 2.50 1.19 1.19 0.00 0.00 0.00 0.00 0.00 0.00 0.00 0.00 0.00 0.00 0.00
-9999.00 1.13 1.29 1.46 1.62 1.79 2.40 3.74 3.87 3.83 3.88 3.90 3.89 3.90 3.92 4.02 4.02 4.03 4.08 4.14 4.18 4.27 3.73 1.51 1.01 0.84 0.72 0.67 0.70 0.71 0.70 0.69 0.74 0.93 1.10 1.23 1.40 1.48 1.54 1.60 1.71 0.04 0.06 0.05 0.05 0.00 1.45 3.24 3.91 3.91 3.91 3.92 3.93 3.93 3.94 3.94 3.93 3.90 3.68 3.60 3.59 3.60 3.43 3.10 1.79 0.53 1.35 1.91 2.46 2.92 2.63 1.40 1.22 0.00 0.00 0.00 0.00 0.00 0.00 0.00 0.00 0.00 0.00 0.00
-9999.00 1.16 1.32 1.47 1.60 1.72 2.01 3.27 3.88 3.78 3.80 3.85 3.86 3.87 3.91 4.00 4.00 4.00 4.04 4.13 4.17 4.12 4.08 3.16 1.16 0.85 0.74 0.71 0.74 0.76 0.77 0.74 0.74 0.86 1.07 1.23 1.36 1.51 1.58 1.65 1.76 1.83 0.14 0.07 0.07 0.24 1.61 3.13 3.86 3.87 3.88 3.90 3.91 3.92 3.95 3.96 3.95 3.93 2.44 2.64 3.60 3.59 3.59 3.59 3.60 2.48 1.38 1.98 2.52 2.98 2.83 1.99 1.88 0.00 0.00 0.00 0.00 0.00 0.00 0.00 0.00 0.00 0.00 0.00
-9999.00 1.19 1.34 1.47 1.57 1.66 1.82 2.59 3.86 3.78 3.74 3.78 3.83 3.86 3.91 3.96 3.97 3.99 4.03 4.09 4.14 4.11 3.98 3.90 3.27 1.09 0.77 0.74 0.76 0.80 0.80 0.77 0.77 0.85 1.01 1.20 1.34 1.51 1.61 1.70 1.78 0.11 0.15 0.06 0.11 0.73 2.07 3.30 3.81 3.83 3.85 3.88 3.89 3.91 3.94 3.99 3.99 3.98 1.48 1.20 2.18 3.60 3.60 3.60 3.60 3.61 1.64 2.09 2.42 3.03 3.11 2.68 2.43 0.00 0.00 0.00 0.00 0.00 0.00 0.00 0.00 0.00 0.00 0.00
-9999.00 1.07 1.35 1.46 1.54 1.60 1.72 2.08 3.76 3.79 3.69 3.71 3.78 3.83 3.89 3.94 3.94 3.96 4.03 4.08 4.09 4.06 4.00 3.84 3.73 2.41 0.88 0.75 0.77 0.81 0.83 0.81 0.80 0.86 1.01 1.18 1.34 1.52 1.63 1.74 1.89 0.99 0.09 0.11 0.48 1.46 2.95 3.73 3.77 3.80 3.82 3.85 3.88 3.91 3.99 4.02 4.03 2.67 0.95 1.25 1.64 2.14 1.89 2.01 3.54 3.61 2.04 1.99 2.61 3.12 3.01 2.63 2.39 0.00 0.00 0.00 0.00 0.00 0.00 0.00 0.00 0.00 0.00 0.00
-9999.00 1.02 1.34 1.43 1.50 1.56 1.65 1.85 3.43 3.79 3.67 3.62 3.69 3.78 3.84 3.90 3.92 3.96 4.03 4.07 4.08 4.04 4.00 3.88 3.71 3.44 1.71 0.84 0.78 0.81 0.85 0.85 0.85 0.89 1.02 1.20 1.35 1.55 1.67 1.80 1.96 2.58 2.76 2.03 1.33 2.77 3.75 3.73 3.76 3.78 3.80 3.83 3.87 3.92 4.03 4.06 3.19 1.54 1.15 1.61 1.68 1.73 1.63 1.61 3.14 3.60 2.49 2.15 2.72 3.20 3.18 2.65 2.70 1.15 0.00 0.00 0.00 0.00 0.00 0.00 0.00 0.00 0.00 0.00
-9999.00 1.05 1.33 1.40 1.44 1.52 1.60 1.73 1.98 3.57 3.70 3.60 3.63 3.73 3.84 3.88 3.91 3.96 4.03 4.07 4.08 4.04 3.99 3.94 3.83 3.47 2.90 0.85 0.80 0.82 0.86 0.87 0.89 0.95 1.08 1.24 1.39 1.52 1.73 1.87 2.06 2.94 3.18 3.38 3.58 3.71 3.77 3.82 3.87 3.89 3.90 3.90 3.96 4.00 4.05 4.10 2.71 1.22 0.85 1.65 1.74 1.91 1.79 1.79 2.86 3.60 2.92 2.52 2.97 3.27 3.12 2.57 2.81 2.47 1.19 0.00 0.00 0.00 0.00 0.00 0.00 0.00 0.00 0.00
1.08 1.23 1.29 1.35 1.41 1.49 1.59 1.68 1.81 3.01 3.67 3.62 3.60 3.75 3.79 3.85 3.89 3.95 4.02 4.06 4.07 4.04 4.01 3.98 3.94 3.65 3.00 1.43 0.87 0.83 0.87 0.88 0.92 1.01 1.15 1.39 1.58 1.80 2.23 2.53 2.87 3.10 3.27 3.40 3.58 3.69 3.76 3.84 3.88 3.91 3.92 3.94 4.00 4.04 4.12 4.06 1.87 1.11 0.94 1.57 1.66 1.69 1.65 1.68 2.54 3.60 2.12 2.36 2.87 3.34 3.21 2.48 2.60 2.46 2.71 1.62 0.00 0.00 0.00 0.00 0.00 0.00 0.00 0.00
1.09 1.22 1.27 1.32 1.39 1.48 1.57 1.65 1.74 2.31 3.46 3.66 3.59 3.62 3.75 3.78 3.88 3.94 4.00 4.04 4.04 4.03 4.03 4.03 4.00 3.83 3.15 2.52 2.06 0.98 0.86 0.90 1.03 1.27 1.57 1.84 2.09 2.32 2.62 2.88 3.01 3.20 3.35 3.46 3.58 3.70 3.76 3.82 3.88 3.93 3.94 3.97 4.02 4.13 4.17 3.11 1.55 0.98 1.47 1.59 1.67 1.59 1.57 1.74 2.41 3.61 2.05 1.89 2.60 3.62 3.14 2.52 2.45 2.49 2.78 2.69 2.41 1.77 0.00 0.00 0.00 0.00 0.00 0.00
1.11 1.21 1.25 1.30 1.38 1.46 1.55 1.62 1.69 1.93 2.82 3.61 3.62 3.64 3.72 3.76 3.86 3.93 3.98 4.01 4.02 4.04 4.08 4.10 4.08 3.94 3.40 2.61 2.58 2.02 1.01 1.20 1.42 1.60 1.80 2.01 2.22 2.41 2.66 2.95 3.10 3.24 3.40 3.51 3.61 3.71 3.78 3.83 3.90 3.94 3.96 3.99 4.09 4.15 4.22 2.51 1.26 0.94 1.50 1.57 1.57 1.63 1.97 1.71 2.41 3.63 1.72 2.33 2.73 3.64 2.96 2.44 2.41 2.35 2.56 2.43 2.10 1.80 1.61 0.00 0.00 0.00 0.00 0.00
1.13 1.19 1.25 1.30 1.37 1.45 1.53 1.59 1.65 1.81 2.17 3.30 3.66 3.61 3.69 3.77 3.85 3.92 3.97 4.00 4.04 4.08 4.13 4.17 4.14 3.99 3.50 2.77 2.92 3.19 2.76 1.44 1.50 1.65 1.85 2.05 2.24 2.43 2.72 2.89 3.16 3.29 3.44 3.55 3.65 3.75 3.81 3.86 3.91 3.95 3.98 4.01 4.03 4.17 4.17 2.59 0.49 0.98 1.53 1.57 1.51 1.66 1.67 1.57 2.57 1.91 2.13 2.93 3.66 3.66 3.26 2.35 2.24 2.25 2.43 2.41 1.96 1.59 1.73 0.39 0.00 0.00 0.00 0.00
1.14 1.20 1.25 1.31 1.38 1.45 1.51 1.57 1.63 1.71 1.88 2.23 3.35 3.65 3.66 3.76 3.87 3.92 3.98 4.02 4.07 4.12 4.17 4.22 4.21 4.11 3.76 3.31 3.30 3.27 3.24 1.78 1.54 1.71 1.90 2.09 2.27 2.47 2.66 2.94 3.24 3.35 3.47 3.58 3.67 3.77 3.85 3.90 3.94 3.98 4.01 4.04 4.05 4.16 3.64 2.58 0.53 1.45 1.78 1.73 1.97 1.81 1.85 1.74 2.91 1.91 2.08 2.74 3.67 3.68 3.67 2.41 2.30 2.10 2.46 2.38 1.95 1.59 1.43 0.79 0.08 0.00 0.00 0.00
1.15 1.20 1.27 1.33 1.39 1.45 1.50 1.55 1.62 1.71 1.87 2.02 2.56 3.59 3.69 3.73 3.87 3.92 3.99 4.05 4.08 4.14 4.21 4.32 4.46 4.49 3.94 3.56 3.38 3.24 3.21 2.85 1.72 1.74 1.93 2.11 2.29 2.49 2.70 2.98 3.29 3.41 3.50 3.60 3.69 3.79 3.86 3.92 3.95 4.00 4.03 4.05 4.09 4.15 3.28 2.19 0.76 1.62 1.73 1.93 2.04 1.73 1.80 1.94 3.58 2.50 2.25 2.89 3.68 3.68 3.58 2.29 2.90 2.27 2.84 2.62 2.25 1.65 1.37 0.52 0.00 0.00 0.00 0.00
1.09 1.19 1.27 1.33 1.39 1.45 1.50 1.56 1.64 1.74 1.89 2.00 2.16 3.68 3.74 3.73 3.78 3.93 3.99 4.06 4.11 4.19 4.34 4.53 4.70 4.74 4.60 3.61 3.39 3.31 3.27 3.27 2.24 1.84 1.97 2.14 2.31 2.52 2.74 3.20 3.32 3.43 3.52 3.60 3.66 3.72 3.50 3.76 4.01 4.02 4.04 4.05 4.06 4.14 3.70 1.85 0.61 1.45 1.37 1.97 1.83 1.84 2.18 3.08 3.68 1.86 2.57 3.25 3.69 3.69 3.66 2.64 3.06 2.21 2.72 2.27 1.99 1.72 1.29 0.00 0.00 0.00 0.00 0.00
1.06 1.13 1.20 1.30 1.38 1.46 1.52 1.59 1.69 1.79 1.92 1.99 2.07 3.06 3.72 3.75 3.77 3.93 4.03 4.10 4.20 4.35 4.50 4.63 4.72 4.57 4.09 3.66 3.48 3.44 3.46 3.43 3.34 2.07 1.97 2.14 2.32 2.55 2.79 3.09 3.34 3.45 3.53 3.58 3.63 3.42 0.48 2.48 3.87 4.04 4.04 4.04 4.06 4.13 4.31 1.49 0.72 1.37 1.29 1.71 1.82 3.51 3.70 3.70 2.16 1.55 2.33 2.97 3.70 3.70 3.70 3.62 3.01 2.32 2.75 2.30 2.23 1.96 0.00 0.00 0.00 0.00 0.00 0.00
1.03 1.10 1.16 1.29 1.38 1.49 1.55 1.65 1.75 1.84 1.89 1.96 2.01 2.32 3.20 3.76 3.84 3.95 4.09 4.21 4.34 4.43 4.50 4.56 4.63 4.72 4.17 3.75 3.56 3.53 3.54 3.57 3.65 2.85 2.06 2.12 2.37 2.62 2.85 3.29 3.38 3.46 3.54 3.59 2.63 0.08 0.16 2.43 3.45 4.01 4.05 4.02 4.05 4.10 4.25 0.81 0.67 1.26 1.29 1.65 1.94 3.71 3.72 3.72 1.86 2.31 2.31 3.16 3.71 3.71 3.71 3.71 3.06 1.91 2.67 2.51 2.36 1.69 0.00 0.00 0.00 0.00 0.00 0.00
1.00 1.06 1.14 1.28 1.40 1.53 1.63 1.72 1.78 1.82 1.85 1.93 2.05 2.15 2.31 2.86 3.81 4.13 4.18 4.25 4.33 4.38 4.42 4.49 4.60 4.66 4.26 3.85 3.64 3.59 3.60 3.63 3.73 3.72 2.34 2.13 2.47 2.69 3.07 3.33 3.41 3.49 3.52 3.61 1.06 0.29 0.03 2.09 2.69 2.97 3.43 4.02 4.04 4.12 3.40 0.00 0.01 0.64 1.16 1.79 1.93 3.43 3.73 3.73 2.50 2.27 2.30 3.04 3.71 3.71 3.71 3.67 3.04 1.90 2.67 2.60 1.90 0.00 0.00 0.00 0.00 0.00 0.00 0.00
0.97 1.04 1.13 1.32 1.44 1.54 1.62 1.68 1.74 1.79 1.83 1.92 1.99 2.18 2.27 2.48 2.71 3.18 4.26 4.25 4.26 4.31 4.38 4.48 4.62 4.72 4.32 3.90 3.69 3.63 3.63 3.66 3.77 3.93 3.49 2.19 2.56 2.80 3.08 3.32 3.41 3.47 3.53 3.54 0.06 0.02 0.21 2.02 2.04 1.94 2.37 4.04 4.08 4.11 2.28 0.00 0.05 0.03 1.12 1.82 1.92 3.57 3.75 3.75 2.24 2.46 2.47 2.52 3.72 3.71 3.71 3.59 3.27 2.11 2.71 1.63 0.00 0.00 0.00 0.00 0.00 0.00 0.00 0.00
0.97 1.05 1.16 1.35 1.44 1.52 1.58 1.64 1.69 1.75 1.82 1.94 2.12 2.22 2.33 2.49 2.67 2.83 3.45 4.28 4.29 4.28 4.36 4.51 4.70 4.73 4.34 3.94 3.73 3.65 3.65 3.68 3.81 3.99 4.10 2.88 2.58 2.85 3.00 3.29 3.40 3.48 3.52 0.99 0.00 0.01 0.59 2.03 2.06 1.97 2.53 3.78 4.08 3.92 1.18 0.00 0.00 0.33 1.40 1.82 2.29 3.77 3.76 2.65 1.88 2.68 2.59 2.65 3.72 3.72 3.72 3.58 3.31 2.26 1.35 0.00 0.00 0.00 0.00 0.00 0.00 0.00 0.00 0.00
0.98 1.09 1.21 1.31 1.42 1.48 1.54 1.59 1.66 1.73 1.82 1.97 2.16 2.25 2.38 2.55 2.68 2.75 2.97 3.33 3.94 4.36 4.56 4.67 4.75 4.80 4.41 3.96 3.76 3.67 3.67 3.70 3.85 3.98 4.03 4.14 3.86 3.12 3.11 3.28 3.41 3.48 3.51 0.63 0.00 0.21 1.44 1.79 1.87 1.86 2.57 3.94 3.79 3.70 0.37 0.00 0.00 0.84 1.75 1.94 3.05 3.78 3.06 1.87 1.83 2.57 2.36 2.78 3.73 3.73 3.49 3.72 2.60 2.29 0.00 0.00 0.00 0.00 0.00 0.00 0.00 0.00 0.00 0.00
1.00 1.13 1.23 1.30 1.38 1.45 1.51 1.57 1.64 1.72 1.82 1.93 2.18 2.29 2.45 2.62 2.69 2.75 2.91 3.04 3.26 3.65 4.10 4.49 4.77 4.71 4.43 4.07 3.99 3.92 3.76 3.80 3.87 3.97 3.92 3.96 4.08 4.09 3.71 3.30 3.41 3.47 3.41 0.25 0.09 0.90 1.49 1.75 1.77 1.61 2.30 3.70 3.65 3.62 0.00 0.09 0.27 1.40 1.79 2.03 3.22 3.80 3.11 1.95 2.14 2.54 2.14 2.83 3.73 3.73 3.48 3.72 2.80 2.55 0.00 0.00 0.00 0.00 0.00 0.00 0.00 0.00 0.00 0.00
1.03 1.14 1.21 1.26 1.36 1.43 1.49 1.56 1.63 1.72 1.83 1.94 2.21 2.39 2.60 2.72 2.78 2.84 2.99 3.11 3.34 3.58 3.75 3.92 4.16 4.44 4.26 4.07 3.96 3.91 3.87 3.81 3.89 3.63 3.61 3.71 3.90 4.02 3.92 3.38 3.40 3.46 3.13 0.04 0.25 1.37 1.43 1.73 1.75 1.64 2.45 3.67 3.65 2.41 0.00 0.00 0.37 1.43 1.64 1.83 3.74 3.83 3.24 1.90 2.10 2.27 2.27 3.05 3.74 3.73 3.73 3.72 3.05 2.58 1.89 0.00 0.00 0.00 0.00 0.00 0.00 0.00 0.00 0.00
1.05 1.12 1.17 1.22 1.34 1.41 1.49 1.56 1.66 1.77 1.86 2.12 2.27 2.50 2.72 2.83 2.90 2.97 3.06 3.30 3.54 3.68 3.75 3.86 4.07 3.98 3.71 3.52 3.45 3.43 3.40 3.39 3.41 3.43 3.49 3.63 3.73 3.80 4.00 4.00 3.55 3.45 2.20 0.00 0.40 1.52 1.50 1.75 1.78 2.32 3.76 3.74 3.17 0.04 0.10 0.08 0.35 1.17 1.62 2.30 3.84 3.84 2.99 1.88 2.05 1.81 2.01 2.82 3.58 3.62 3.33 3.72 3.72 1.60 0.22 0.00 0.00 0.00 0.00 0.00 0.00 0.00 0.00 0.00
1.03 1.07 1.11 1.18 1.31 1.40 1.49 1.59 1.71 1.82 1.90 2.18 2.39 2.65 2.87 2.97 3.04 3.10 3.19 3.52 3.69 3.78 3.88 4.03 4.17 4.17 3.73 3.51 3.43 3.41 3.40 3.40 3.39 3.38 3.46 3.62 3.71 3.80 4.00 4.07 4.00 3.16 0.03 0.07 1.39 1.62 1.53 1.74 1.83 2.73 3.82 3.79 1.21 0.00 0.10 0.01 0.47 1.24 1.73 2.89 3.86 3.85 2.71 1.76 2.29 1.99 2.32 3.05 2.87 2.55 2.66 3.72 3.22 0.00 0.00 0.00 0.00 0.00 0.00 0.00 0.00 0.00 0.00 0.00
1.00 1.04 1.09 1.16 1.25 1.39 1.51 1.65 1.78 1.89 1.98 2.31 2.54 2.81 2.96 3.03 3.10 3.18 3.33 3.69 3.83 3.98 4.15 4.32 4.41 4.28 3.79 3.57 3.53 3.54 3.59 3.63 3.67 3.76 3.80 3.82 3.85 3.98 4.07 4.14 2.79 0.13 0.00 0.29 1.38 1.64 1.48 1.62 1.87 3.15 3.85 3.29 0.36 0.06 0.07 0.00 0.72 1.43 1.91 3.36 3.87 3.87 2.78 1.87 2.48 2.01 2.58 3.33 3.07 2.22 2.05 2.45 2.09 0.00 0.00 0.00 0.00 0.00 0.00 0.00 0.00 0.00 0.00 0.00
0.97 1.02 1.09 1.16 1.24 1.42 1.57 1.74 1.89 2.00 2.23 2.36 2.67 2.86 2.98 3.06 3.15 3.27 3.52 4.01 4.24 4.38 4.52 4.52 4.44 4.28 3.76 3.57 3.53 3.54 3.57 3.61 3.71 3.80 3.94 4.02 4.06 4.14 4.18 4.25 0.46 0.21 0.00 0.54 1.32 1.64 1.50 1.65 2.54 3.93 3.88 0.75 0.20 0.00 0.08 0.06 0.97 1.49 1.98 3.52 3.88 3.88 3.06 2.33 1.81 2.07 2.78 3.57 2.08 0.00 0.00 0.00 0.00 0.00 0.00 0.00 0.00 0.00 0.00 0.00 0.00 0.00 0.00 0.00
0.95 1.02 1.10 1.17 1.26 1.49 1.69 1.89 2.04 2.13 2.32 2.45 2.75 2.90 3.00 3.13 3.26 3.63 4.45 4.72 4.63 4.60 4.60 4.58 4.47 4.29 3.75 3.56 3.52 3.53 3.55 3.62 3.72 3.79 3.93 4.01 4.08 4.26 4.32 4.38 1.92 0.38 0.00 0.37 1.39 1.70 1.59 1.68 2.77 3.97 1.72 0.68 0.35 0.08 0.06 0.77 1.21 1.66 1.88 3.84 3.90 3.80 3.02 2.27 1.99 2.23 2.64 3.46 0.00 0.00 0.00 0.00 0.00 0.00 0.00 0.00 0.00 0.00 0.00 0.00 0.00 0.00 0.00 0.00
0.95 1.03 1.11 1.20 1.34 1.66 1.89 2.06 2.13 2.18 2.40 2.57 2.85 2.98 3.06 3.20 3.53 4.59 4.91 4.82 4.69 4.69 4.67 4.58 4.48 4.28 3.74 3.56 3.52 3.52 3.55 3.63 3.73 3.83 3.96 4.03 4.09 4.25 4.39 4.40 2.11 0.62 0.00 0.36 1.51 1.75 1.73 1.78 2.17 4.05 1.03 0.74 0.34 0.10 0.05 0.74 1.43 1.71 2.07 2.79 3.92 3.75 3.04 2.18 1.91 2.12 2.39 2.14 0.00 0.00 0.00 0.00 0.00 0.00 0.00 0.00 0.00 0.00 0.00 0.00 0.00 0.00 0.00 0.00
0.97 1.05 1.16 1.39 1.63 1.98 2.09 2.12 2.15 2.21 2.30 2.62 2.88 2.99 3.12 3.44 4.55 4.97 4.90 4.75 4.74 4.74 4.71 4.59 4.48 4.26 3.91 3.56 3.52 3.52 3.56 3.66 3.76 3.85 3.97 4.03 4.14 4.24 4.30 1.88 1.07 0.44 0.16 0.82 1.71 1.87 1.83 1.86 2.22 4.09 0.94 0.73 0.15 0.11 0.09 0.11 1.28 1.74 1.26 2.68 3.95 3.21 2.79 1.94 2.11 2.03 1.92 0.00 0.00 0.00 0.00 0.00 0.00 0.00 0.00 0.00 0.00 0.00 0.00 0.00 0.00 0.00 0.00 0.00
1.03 1.21 1.42 1.63 1.83 2.00 2.11 2.13 2.17 2.23 2.31 2.63 2.87 3.03 3.36 4.44 4.94 4.93 4.76 4.70 4.76 4.77 4.74 4.59 4.47 4.23 3.88 3.57 3.53 3.54 3.61 3.69 3.79 3.90 3.96 4.09 4.13 4.28 2.62 0.57 0.98 0.42 0.30 1.03 1.85 1.97 1.92 1.96 2.38 4.13 0.95 0.73 0.14 0.14 0.08 0.06 1.37 1.48 1.10 3.27 3.97 3.08 1.91 1.92 1.83 1.18 0.00 0.00 0.00 0.00 0.00 0.00 0.00 0.00 0.00 0.00 0.00 0.00 0.00 0.00 0.00 0.00 0.00 0.00
1.22 1.46 1.61 1.74 1.91 2.07 2.13 2.14 2.17 2.21 2.43 2.63 2.82 3.31 4.28 4.82 4.90 4.81 4.72 4.74 4.79 4.79 4.78 4.72 4.47 4.21 3.86 3.57 3.55 3.58 3.64 3.74 3.85 3.95 4.03 4.14 4.20 4.42 4.40 2.06 0.88 0.61 0.41 1.53 2.03 2.13 2.06 2.14 2.80 4.17 0.97 0.79 0.12 0.14 0.07 0.34 1.05 1.00 1.44 3.58 4.01 2.74 1.80 2.24 2.82 0.00 0.00 0.00 0.00 0.00 0.00 0.00 0.00 0.00 0.00 0.00 0.00 0.00 0.00 0.00 0.00 0.00 0.00 0.00
1.46 1.55 1.64 1.77 1.98 2.13 2.14 2.13 2.14 2.18 2.42 2.66 2.97 4.15 4.58 4.79 4.82 4.79 4.76 4.79 4.82 4.83 4.82 4.78 4.51 4.20 3.84 3.57 3.55 3.58 3.64 3.75 3.87 3.99 4.07 4.20 4.30 4.58 4.74 4.64 1.29 0.68 0.53 1.85 2.18 2.60 2.34 2.15 3.31 4.20 1.00 0.92 0.17 0.17 0.11 0.62 0.97 1.61 2.03 3.76 4.06 2.87 1.86 2.53 2.21 0.00 0.00 0.00 0.00 0.00 0.00 0.00 0.00 0.00 0.00 0.00 0.00 0.00 0.00 0.00 0.00 0.00 0.00 0.00
