tsunami_inundation/3300.asc
ncols        89
nrows        96
xllcorner    425855.973699999973
yllcorner    5091051.504999999888
cellsize     55.000000000000
NODATA_value  -9999.00
[rows 37 to 73 of 96, columns 0 to 83 of 89]
1.42 1.46 1.63 1.79 2.05 2.18 2.13 2.11 2.11 2.25 2.44 2.85 3.74 4.36 4.56 4.77 4.81 4.81 4.81 4.84 4.86 4.86 4.82 4.72 4.54 4.21 3.84 3.57 3.56 3.58 3.65 3.77 3.88 4.01 4.08 4.26 4.36 4.63 4.76 4.86 1.26 0.59 0.66 1.89 2.23 2.81 2.69 2.30 4.11 4.23 1.05 0.94 0.13 0.10 0.22 0.47 1.03 1.89 2.01 4.02 4.10 3.45 3.02 2.74 1.42 0.00 0.00 0.00 0.00 0.00 0.00 0.00 0.00 0.00 0.00 0.00 0.00 0.00 0.00 0.00 0.00 0.00 0.00 0.00
1.31 1.40 1.59 1.87 2.15 2.20 2.13 2.08 2.07 2.29 2.92 4.18 4.30 4.37 4.58 4.76 4.80 4.81 4.82 4.86 4.89 4.89 4.85 4.76 4.59 4.23 3.85 3.63 3.57 3.60 3.69 3.79 3.90 4.01 4.11 4.40 4.54 4.65 4.75 3.77 0.42 0.57 0.76 1.96 2.35 2.66 2.31 2.70 4.27 1.34 1.06 0.84 0.11 0.11 0.26 0.28 1.45 2.05 2.21 4.12 4.13 3.71 3.31 2.39 1.95 0.00 0.00 0.00 0.00 0.00 0.00 0.00 0.00 0.00 0.00 0.00 0.00 0.00 0.00 0.00 0.00 0.00 0.00 0.00
1.31 1.39 1.55 1.90 2.16 2.18 2.11 2.07 2.08 3.86 4.39 4.39 4.29 4.39 4.58 4.73 4.78 4.79 4.80 4.84 4.89 4.91 4.85 4.75 4.60 4.25 3.88 3.68 3.62 3.66 3.73 3.81 3.91 4.02 4.13 4.28 4.55 4.65 4.71 2.78 0.19 0.61 1.19 2.06 2.28 2.56 2.38 3.72 4.26 1.32 1.09 0.83 0.13 0.16 0.30 0.44 1.59 2.03 2.55 4.15 4.15 3.74 2.05 2.40 3.08 0.00 0.00 0.00 0.00 0.00 0.00 0.00 0.00 0.00 0.00 0.00 0.00 0.00 0.00 0.00 0.00 0.00 0.00 0.00
1.31 1.39 1.57 1.94 2.15 2.14 2.07 2.10 2.33 3.59 4.34 4.24 4.25 4.33 4.50 4.68 4.74 4.75 4.76 4.80 4.86 4.90 4.81 4.72 4.57 4.23 3.89 3.73 3.69 3.73 3.78 3.86 3.94 4.04 4.17 4.41 4.52 4.62 4.68 1.65 0.27 0.54 1.62 2.18 2.37 2.60 2.62 4.38 4.35 1.30 1.14 0.90 0.15 0.20 0.25 0.78 2.04 2.45 3.59 4.16 4.16 3.65 2.56 2.14 2.59 1.85 0.00 0.00 0.00 0.00 0.00 0.00 0.00 0.00 0.00 0.00 0.00 0.00 0.00 0.00 0.00 0.00 0.00 0.00
1.32 1.40 1.61 1.97 2.13 2.10 2.06 2.28 3.37 4.18 4.22 4.22 4.25 4.31 4.44 4.61 4.64 4.68 4.73 4.72 4.82 4.88 4.87 4.66 4.47 4.15 3.87 3.75 3.75 3.80 3.86 3.92 4.01 4.09 4.18 4.26 4.49 4.60 4.67 1.45 0.27 0.33 1.37 2.28 2.50 2.47 3.23 4.43 4.40 1.17 1.07 0.82 0.17 0.20 0.19 1.39 2.62 3.75 4.17 4.15 4.16 3.97 3.14 2.34 2.22 2.03 2.19 2.31 0.15 0.00 0.00 0.00 0.00 0.00 0.00 0.00 0.00 0.00 0.00 0.00 0.00 0.00 0.00 0.00
1.34 1.43 1.67 1.98 2.10 2.10 2.14 3.20 4.14 4.15 4.19 4.18 4.21 4.27 4.37 4.46 4.57 4.63 4.67 4.69 4.76 4.78 4.74 4.61 4.40 4.09 3.84 3.74 3.75 3.81 3.89 3.97 4.04 4.12 4.19 4.37 4.47 4.56 4.44 0.50 0.56 0.60 1.57 2.29 2.61 2.52 4.09 4.49 4.46 1.41 1.08 0.71 0.15 0.23 0.41 2.05 3.73 4.19 3.07 2.34 3.58 4.19 2.97 2.36 2.24 1.97 2.09 1.28 0.00 0.00 0.00 0.00 0.00 0.00 0.00 0.00 0.00 0.00 0.00 0.00 0.00 0.00 0.00 0.00
1.37 1.49 1.73 1.97 2.10 2.31 3.16 3.78 3.87 4.08 4.11 4.14 4.19 4.24 4.32 4.40 4.50 4.58 4.63 4.66 4.70 4.75 4.70 4.55 4.29 3.98 3.80 3.73 3.73 3.81 3.89 3.97 4.05 4.12 4.20 4.26 4.47 4.55 4.34 0.40 0.79 0.80 1.92 2.33 2.60 2.55 4.57 4.57 3.71 1.42 1.07 1.07 0.89 0.43 1.12 2.09 2.95 3.60 3.00 2.86 3.61 4.20 2.96 2.24 2.27 2.06 1.96 0.00 0.00 0.00 0.00 0.00 0.00 0.00 0.00 0.00 0.00 0.00 0.00 0.00 0.00 0.00 0.00 0.00
1.42 1.59 1.78 1.96 2.24 3.17 3.78 3.77 3.82 4.01 4.06 4.11 4.17 4.21 4.25 4.33 4.43 4.52 4.59 4.63 4.66 4.70 4.65 4.49 4.23 3.93 3.74 3.69 3.72 3.81 3.88 3.95 4.04 4.12 4.27 4.38 4.48 4.54 1.42 0.30 0.50 1.07 2.71 2.57 2.56 2.49 4.62 4.64 2.63 1.36 1.09 1.08 1.05 0.52 1.49 2.11 2.16 2.27 2.23 2.39 2.68 4.22 3.02 2.17 1.51 1.01 0.69 0.00 0.00 0.00 0.00 0.00 0.00 0.00 0.00 0.00 0.00 0.00 0.00 0.00 0.00 0.00 0.00 0.00
1.45 1.65 1.81 2.03 2.92 3.80 3.81 3.74 3.90 3.96 4.01 4.07 4.14 4.19 4.22 4.28 4.35 4.45 4.53 4.59 4.63 4.66 4.58 4.41 4.16 3.88 3.72 3.69 3.72 3.82 3.88 3.94 4.01 4.11 4.20 4.35 4.50 4.54 0.59 0.27 0.44 2.12 2.81 2.52 2.53 2.50 4.65 2.07 1.53 1.31 1.14 1.13 0.89 0.67 1.75 2.09 2.11 2.13 2.08 2.35 3.01 4.23 2.63 1.92 0.00 0.00 0.00 0.00 0.00 0.00 0.00 0.00 0.00 0.00 0.00 0.00 0.00 0.00 0.00 0.00 0.00 0.00 0.00 0.00
1.27 1.70 1.88 2.48 3.61 3.82 3.77 3.76 3.89 3.93 3.98 4.04 4.11 4.16 4.18 4.23 4.29 4.38 4.48 4.55 4.60 4.63 4.46 4.26 4.04 3.80 3.68 3.66 3.70 3.81 3.87 3.93 3.99 4.08 4.16 4.34 4.51 3.59 0.34 0.35 1.37 2.31 2.64 2.72 2.54 2.50 4.69 1.89 1.53 1.25 1.12 1.17 0.77 1.00 1.91 2.20 2.17 2.03 1.97 2.93 4.23 3.52 2.20 0.72 0.00 0.00 0.00 0.00 0.00 0.00 0.00 0.00 0.00 0.00 0.00 0.00 0.00 0.00 0.00 0.00 0.00 0.00 0.00 0.00
1.19 1.73 2.19 3.30 3.64 3.68 3.73 3.83 3.90 3.93 3.96 4.01 4.08 4.13 4.16 4.20 4.23 4.30 4.39 4.48 4.55 4.57 4.39 4.19 3.97 3.75 3.64 3.62 3.66 3.74 3.83 3.88 3.94 4.03 4.11 4.35 4.52 2.54 0.13 0.33 1.43 2.51 2.52 2.63 3.31 3.28 4.73 3.82 1.44 1.24 1.12 1.09 0.72 1.16 1.91 2.26 2.14 1.97 2.10 4.26 2.98 2.24 0.61 0.00 0.00 0.00 0.00 0.00 0.00 0.00 0.00 0.00 0.00 0.00 0.00 0.00 0.00 0.00 0.00 0.00 0.00 0.00 0.00 0.00
1.15 1.84 2.93 3.46 3.52 3.57 3.73 3.84 3.93 3.94 3.96 4.00 4.05 4.10 4.13 4.16 4.20 4.26 4.33 4.40 4.48 4.53 4.33 4.13 3.92 3.72 3.60 3.57 3.60 3.67 3.77 3.81 3.89 3.98 4.07 4.35 4.50 2.18 0.08 0.33 1.56 2.53 2.38 2.59 2.94 2.81 4.84 1.74 1.49 1.25 1.11 0.77 0.66 1.13 1.87 2.11 2.07 2.18 2.65 4.31 2.66 1.97 0.00 0.00 0.00 0.00 0.00 0.00 0.00 0.00 0.00 0.00 0.00 0.00 0.00 0.00 0.00 0.00 0.00 0.00 0.00 0.00 0.00 0.00
1.16 2.36 3.20 3.30 3.40 3.55 3.67 3.78 3.95 3.96 3.98 4.00 4.05 4.09 4.12 4.14 4.18 4.23 4.28 4.33 4.38 4.44 4.27 4.08 3.88 3.69 3.57 3.52 3.54 3.61 3.69 3.74 3.84 3.93 4.04 4.35 4.45 0.81 0.11 0.60 2.26 2.75 2.64 2.70 2.68 2.77 4.88 4.06 1.55 1.31 1.07 0.42 0.61 1.14 1.93 2.10 2.09 2.34 2.54 3.94 2.69 1.83 0.00 0.00 0.00 0.00 0.00 0.00 0.00 0.00 0.00 0.00 0.00 0.00 0.00 0.00 0.00 0.00 0.00 0.00 0.00 0.00 0.00 0.00
1.63 2.86 2.99 3.14 3.37 3.54 3.63 3.72 3.96 3.98 4.00 4.02 4.05 4.09 4.12 4.14 4.17 4.21 4.24 4.27 4.29 4.33 4.19 4.03 3.84 3.65 3.54 3.48 3.50 3.56 3.62 3.72 3.82 3.91 4.16 4.30 3.30 0.47 0.62 1.35 2.40 2.69 2.71 2.76 2.74 2.90 4.91 1.86 1.65 1.47 0.96 1.07 1.29 1.36 1.96 2.19 2.16 2.43 2.50 4.06 4.36 1.42 0.00 0.00 0.00 0.00 0.00 0.00 0.00 0.00 0.00 0.00 0.00 0.00 0.00 0.00 0.00 0.00 0.00 0.00 0.00 0.00 0.00 0.00
2.36 2.82 2.85 3.02 3.28 3.49 3.61 3.79 3.96 4.00 4.02 4.04 4.07 4.09 4.12 4.13 4.16 4.18 4.21 4.22 4.24 4.23 4.14 3.94 3.77 3.59 3.50 3.42 3.46 3.50 3.57 3.68 3.79 3.95 4.11 4.18 2.03 0.61 1.07 1.54 1.96 2.33 2.32 2.21 2.52 3.50 4.95 1.92 1.79 1.58 1.02 1.47 1.27 1.47 2.07 2.29 2.12 2.24 2.39 3.53 4.42 0.00 0.00 0.00 0.00 0.00 0.00 0.00 0.00 0.00 0.00 0.00 0.00 0.00 0.00 0.00 0.00 0.00 0.00 0.00 0.00 0.00 0.00 0.00
2.70 2.78 2.79 2.95 3.16 3.37 3.55 3.75 3.92 4.01 4.04 4.07 4.08 4.10 4.11 4.13 4.14 4.16 4.18 4.18 4.16 4.12 4.01 3.78 3.60 3.45 3.37 3.32 3.37 3.43 3.48 3.63 3.72 3.88 4.04 3.87 0.94 0.84 1.78 1.50 1.46 1.64 1.66 1.89 2.75 4.33 4.46 1.96 1.85 1.54 1.07 1.33 1.30 1.61 2.09 2.44 2.24 2.27 2.54 4.46 2.34 0.00 0.00 0.00 0.00 0.00 0.00 0.00 0.00 0.00 0.00 0.00 0.00 0.00 0.00 0.00 0.00 0.00 0.00 0.00 0.00 0.00 0.00 0.00
2.75 2.72 2.77 2.91 3.05 3.23 3.44 3.71 3.81 3.97 4.04 4.08 4.09 4.10 4.10 4.10 4.11 4.12 4.13 4.14 4.14 4.06 3.95 3.69 3.49 3.34 3.24 3.19 3.26 3.33 3.37 3.52 3.63 3.71 3.92 2.74 0.83 0.93 1.90 1.27 0.91 0.90 1.46 2.41 3.17 4.98 5.00 1.84 1.88 1.54 1.18 1.34 1.46 1.90 2.15 2.23 2.39 2.61 2.83 3.49 1.12 0.00 0.00 0.00 0.00 0.00 0.00 0.00 0.00 0.00 0.00 0.00 0.00 0.00 0.00 0.00 0.00 0.00 0.00 0.00 0.00 0.00 0.00 0.00
2.70 2.65 2.77 2.89 2.98 3.11 3.48 3.56 3.69 3.84 3.94 4.03 4.08 4.09 4.09 4.09 4.08 4.10 4.11 4.11 4.05 3.99 3.87 3.60 3.39 3.24 3.12 3.09 3.19 3.26 3.31 3.45 3.56 3.64 3.77 2.30 0.70 0.76 1.98 1.17 0.95 0.96 1.81 2.64 3.47 5.01 4.18 1.73 1.84 1.54 1.38 1.38 1.46 2.01 2.23 2.37 2.84 3.37 3.79 4.50 0.00 0.00 0.00 0.00 0.00 0.00 0.00 0.00 0.00 0.00 0.00 0.00 0.00 0.00 0.00 0.00 0.00 0.00 0.00 0.00 0.00 0.00 0.00 0.00
2.61 2.57 2.76 2.84 2.92 3.02 3.15 3.43 3.57 3.73 3.82 3.92 4.01 4.07 4.09 4.09 4.09 4.09 4.09 4.06 4.01 3.92 3.77 3.50 3.30 3.16 3.05 3.06 3.17 3.24 3.27 3.41 3.49 3.49 3.52 0.87 0.65 0.82 1.77 1.01 1.11 1.72 2.46 2.78 4.51 5.01 3.93 1.81 1.91 1.54 1.19 1.33 1.63 2.15 2.39 2.51 3.02 4.31 4.49 3.30 0.00 0.00 0.00 0.00 0.00 0.00 0.00 0.00 0.00 0.00 0.00 0.00 0.00 0.00 0.00 0.00 0.00 0.00 0.00 0.00 0.00 0.00 0.00 0.00
2.45 2.54 2.66 2.81 2.90 3.00 3.18 3.31 3.44 3.60 3.68 3.77 3.87 3.98 4.06 4.10 4.11 4.10 4.09 4.07 3.96 3.85 3.68 3.50 3.21 3.09 3.00 3.05 3.15 3.19 3.18 3.10 3.08 3.18 1.79 0.44 0.60 1.32 1.63 0.97 1.14 1.91 2.60 2.90 5.02 5.04 3.03 1.90 1.97 1.32 0.96 1.28 1.78 2.23 2.53 3.20 4.28 4.45 4.48 4.28 0.00 0.00 0.00 0.00 0.00 0.00 0.00 0.00 0.00 0.00 0.00 0.00 0.00 0.00 0.00 0.00 0.00 0.00 0.00 0.00 0.00 0.00 0.00 0.00
2.45 2.55 2.65 2.76 2.88 2.93 3.06 3.21 3.32 3.49 3.57 3.64 3.72 3.82 3.94 4.03 4.08 4.11 4.11 4.09 3.96 3.79 3.60 3.43 3.12 2.99 2.89 2.88 2.89 2.91 2.84 2.86 2.93 3.09 1.55 0.39 0.50 1.41 1.39 0.96 1.16 2.20 2.80 3.54 5.05 5.06 2.02 1.92 1.88 1.04 1.17 1.26 1.61 2.44 3.53 4.32 4.56 4.56 4.55 3.09 1.17 0.00 0.00 0.00 0.00 0.00 0.00 0.00 0.00 0.00 0.00 0.00 0.00 0.00 0.00 0.00 0.00 0.00 0.00 0.00 0.00 0.00 0.00 0.00
2.47 2.56 2.62 2.72 2.81 2.89 2.95 3.13 3.16 3.26 3.43 3.56 3.61 3.67 3.76 3.85 3.94 4.04 3.99 3.97 3.84 3.64 3.45 3.27 2.98 2.80 2.67 2.66 2.73 2.74 2.65 2.70 2.85 2.87 0.50 0.47 0.55 1.45 1.20 0.95 1.70 2.56 3.04 4.26 5.07 5.09 1.98 1.92 1.80 0.96 1.18 1.42 1.97 3.06 4.32 4.51 4.55 4.56 3.54 2.61 2.23 0.00 0.00 0.00 0.00 0.00 0.00 0.00 0.00 0.00 0.00 0.00 0.00 0.00 0.00 0.00 0.00 0.00 0.00 0.00 0.00 0.00 0.00 0.00
2.49 2.55 2.59 2.68 2.76 2.83 2.96 3.03 3.09 3.17 3.31 3.40 3.47 3.56 3.59 3.57 3.68 3.73 3.76 3.71 3.58 3.41 3.24 3.05 2.75 2.58 2.52 2.56 2.60 2.57 2.49 2.58 2.66 2.80 0.27 0.63 0.77 1.35 1.21 1.07 2.45 2.94 3.29 4.20 5.08 5.10 1.90 1.89 1.63 0.83 1.27 1.92 2.58 4.36 4.54 4.56 4.56 4.21 2.98 2.36 2.36 1.15 0.00 0.00 0.00 0.00 0.00 0.00 0.00 0.00 0.00 0.00 0.00 0.00 0.00 0.00 0.00 0.00 0.00 0.00 0.00 0.00 0.00 0.00
2.50 2.53 2.56 2.61 2.70 2.77 2.92 2.99 3.05 3.12 3.23 3.31 3.40 3.47 3.52 3.55 3.61 3.56 3.52 3.49 3.36 3.18 3.02 2.83 2.56 2.45 2.43 2.46 2.46 2.42 2.38 2.50 2.59 2.02 0.40 0.68 0.90 1.49 1.12 1.96 2.91 3.14 3.42 4.68 5.08 2.88 2.18 2.15 1.68 1.11 1.57 2.33 3.35 4.45 4.41 4.46 4.47 4.21 4.07 2.38 2.31 2.41 2.20 0.14 0.00 0.00 0.00 0.00 0.00 0.00 0.00 0.00 0.00 0.00 0.00 0.00 0.00 0.00 0.00 0.00 0.00 0.00 0.00 0.00
2.49 2.52 2.56 2.59 2.68 2.75 2.88 2.95 3.01 3.07 3.17 3.24 3.32 3.39 3.45 3.49 3.51 3.51 3.42 3.34 3.17 3.06 2.87 2.67 2.51 2.39 2.33 2.34 2.34 2.31 2.32 2.44 2.50 1.01 0.57 0.62 1.27 1.34 1.21 2.42 2.73 2.87 3.41 4.69 5.08 3.26 2.23 2.04 1.50 1.59 1.96 2.71 3.98 4.26 4.24 4.54 4.51 4.33 2.76 2.52 2.38 2.32 1.81 0.00 0.00 0.00 0.00 0.00 0.00 0.00 0.00 0.00 0.00 0.00 0.00 0.00 0.00 0.00 0.00 0.00 0.00 0.00 0.00 0.00
2.48 2.53 2.56 2.60 2.68 2.73 2.85 2.92 2.98 3.04 3.10 3.19 3.25 3.31 3.36 3.40 3.44 3.46 3.46 3.31 3.11 2.87 2.62 2.45 2.33 2.33 2.06 1.98 2.01 2.15 2.21 2.33 1.78 0.19 0.63 0.57 1.36 1.21 1.58 2.58 2.70 2.92 2.88 3.65 5.08 4.26 2.09 1.96 1.77 1.87 2.34 2.85 4.25 4.30 4.57 4.56 4.11 3.82 2.97 2.04 1.95 0.24 0.00 0.00 0.00 0.00 0.00 0.00 0.00 0.00 0.00 0.00 0.00 0.00 0.00 0.00 0.00 0.00 0.00 0.00 0.00 0.00 0.00 0.00
2.49 2.54 2.57 2.61 2.68 2.73 2.84 2.90 2.96 3.03 3.08 3.14 3.18 3.21 3.25 3.29 3.30 3.35 3.36 3.22 3.00 2.77 2.56 2.37 2.22 2.04 1.87 1.84 1.92 2.05 2.07 2.24 0.40 0.34 0.65 0.57 1.18 1.31 1.94 2.81 2.82 3.42 2.95 4.58 5.08 4.63 2.11 1.95 1.82 2.27 2.52 2.85 4.16 4.36 4.57 4.10 2.38 1.06 0.00 0.00 0.00 0.00 0.00 0.00 0.00 0.00 0.00 0.00 0.00 0.00 0.00 0.00 0.00 0.00 0.00 0.00 0.00 0.00 0.00 0.00 0.00 0.00 0.00 0.00
2.50 2.56 2.59 2.63 2.70 2.74 2.84 2.90 2.96 3.01 3.05 3.08 3.10 3.13 3.16 3.19 3.23 3.28 3.29 3.11 2.90 2.68 2.46 2.23 2.04 1.87 1.74 1.78 1.88 1.96 2.05 2.17 0.27 0.55 0.63 0.72 0.69 1.34 2.21 2.90 3.36 3.94 3.92 4.66 5.09 4.75 1.98 1.86 2.23 2.54 2.86 3.96 4.41 4.50 3.84 1.68 0.00 0.00 0.00 0.00 0.00 0.00 0.00 0.00 0.00 0.00 0.00 0.00 0.00 0.00 0.00 0.00 0.00 0.00 0.00 0.00 0.00 0.00 0.00 0.00 0.00 0.00 0.00 0.00
2.50 2.56 2.60 2.66 2.71 2.83 2.88 2.93 2.97 3.00 3.03 3.06 3.09 3.11 3.14 3.17 3.20 3.21 3.17 3.03 2.81 2.58 2.31 2.07 1.89 1.79 1.68 1.78 1.86 1.96 2.05 2.19 0.28 0.59 0.49 0.58 0.61 2.09 2.69 2.99 2.91 3.91 3.69 3.80 5.09 3.91 2.02 2.57 2.97 3.19 4.19 4.51 4.55 4.58 2.97 0.46 0.00 0.00 0.00 0.00 0.00 0.00 0.00 0.00 0.00 0.00 0.00 0.00 0.00 0.00 0.00 0.00 0.00 0.00 0.00 0.00 0.00 0.00 0.00 0.00 0.00 0.00 0.00 0.00
2.51 2.58 2.64 2.69 2.82 2.86 2.90 2.94 2.97 3.00 3.03 3.07 3.10 3.12 3.15 3.17 3.18 3.18 3.13 3.00 2.74 2.46 2.17 1.95 1.79 1.69 1.68 1.80 1.87 1.97 2.05 2.26 0.00 0.63 0.73 0.67 1.10 2.46 2.80 2.80 2.92 2.92 2.99 3.34 2.61 2.12 2.45 2.83 3.36 3.64 4.34 4.50 4.49 4.40 2.37 0.00 0.00 0.00 0.00 0.00 0.00 0.00 0.00 0.00 0.00 0.00 0.00 0.00 0.00 0.00 0.00 0.00 0.00 0.00 0.00 0.00 0.00 0.00 0.00 0.00 0.00 0.00 0.00 0.00
2.52 2.61 2.67 2.72 2.78 2.88 2.91 2.95 2.98 3.01 3.05 3.08 3.12 3.14 3.15 3.16 3.18 3.18 3.14 2.97 2.65 2.33 2.08 1.88 1.74 1.63 1.73 1.83 1.89 1.97 2.04 2.37 0.05 0.58 0.78 0.77 1.51 2.53 2.78 2.82 2.80 2.90 2.95 3.72 2.08 2.73 2.73 2.72 2.92 3.33 4.15 4.54 4.48 4.27 2.91 0.00 0.00 0.00 0.00 0.00 0.00 0.00 0.00 0.00 0.00 0.00 0.00 0.00 0.00 0.00 0.00 0.00 0.00 0.00 0.00 0.00 0.00 0.00 0.00 0.00 0.00 0.00 0.00 0.00
2.53 2.62 2.69 2.74 2.86 2.89 2.93 2.97 3.01 3.05 3.09 3.12 3.15 3.15 3.16 3.17 3.19 3.20 3.18 2.89 2.50 2.22 2.00 1.84 1.69 1.62 1.77 1.84 1.91 1.97 2.17 2.43 0.05 0.41 0.74 0.93 1.86 2.50 2.73 2.76 2.79 2.85 3.04 3.92 2.32 2.75 2.76 2.67 2.87 3.06 3.13 3.77 4.35 4.20 3.21 0.00 0.00 0.00 0.00 0.00 0.00 0.00 0.00 0.00 0.00 0.00 0.00 0.00 0.00 0.00 0.00 0.00 0.00 0.00 0.00 0.00 0.00 0.00 0.00 0.00 0.00 0.00 0.00 0.00
2.53 2.62 2.69 2.75 2.80 2.91 2.96 3.01 3.06 3.10 3.13 3.15 3.17 3.17 3.20 3.22 3.25 3.24 3.15 2.75 2.44 2.18 1.98 1.81 1.66 1.65 1.79 1.86 1.92 1.97 2.22 2.48 0.04 0.20 0.56 1.17 1.83 2.28 2.63 2.71 2.71 2.91 3.31 3.42 2.49 2.75 2.76 2.69 2.80 3.03 2.97 2.93 4.23 4.05 3.11 0.00 0.00 0.00 0.00 0.00 0.00 0.00 0.00 0.00 0.00 0.00 0.00 0.00 0.00 0.00 0.00 0.00 0.00 0.00 0.00 0.00 0.00 0.00 0.00 0.00 0.00 0.00 0.00 0.00
2.50 2.59 2.67 2.74 2.86 2.95 3.01 3.10 3.15 3.18 3.20 3.21 3.22 3.22 3.24 3.27 3.29 3.28 3.06 2.69 2.41 2.16 1.97 1.80 1.64 1.67 1.77 1.89 1.94 1.99 2.28 2.47 0.04 0.16 0.59 1.14 1.80 1.90 2.43 2.61 2.69 2.95 3.60 1.97 2.50 2.72 2.81 2.79 2.70 2.83 2.84 2.88 4.26 4.42 3.45 1.68 0.00 0.05 0.00 0.00 0.00 0.00 0.00 0.00 0.00 0.00 0.00 0.00 0.00 0.00 0.00 0.00 0.00 0.00 0.00 0.00 0.00 0.00 0.00 0.00 0.00 0.00 0.00 0.00
2.44 2.52 2.63 2.73 2.91 3.03 3.10 3.17 3.21 3.24 3.25 3.26 3.27 3.28 3.30 3.31 3.30 3.24 2.97 2.65 2.40 2.15 1.96 1.78 1.64 1.70 1.80 1.92 1.96 2.02 2.13 2.16 0.04 0.41 0.84 1.21 1.82 1.80 2.13 2.47 2.61 3.18 3.93 1.79 2.30 2.58 2.70 2.76 3.59 3.75 3.54 3.76 4.49 4.32 3.70 3.42 2.52 2.40 1.85 0.09 0.00 0.00 0.00 0.00 0.00 0.00 0.00 0.00 0.00 0.00 0.00 0.00 0.00 0.00 0.00 0.00 0.00 0.00 0.00 0.00 0.00 0.00 0.00 0.00
2.38 2.48 2.61 2.84 2.94 3.09 3.16 3.22 3.27 3.30 3.32 3.32 3.33 3.34 3.34 3.31 3.25 3.04 2.89 2.62 2.40 2.15 1.96 1.75 1.66 1.74 1.85 1.95 1.99 2.07 2.16 0.39 0.40 0.48 0.89 0.96 1.45 1.73 2.18 2.49 2.68 3.35 4.11 2.33 2.45 2.48 2.52 2.82 4.09 4.95 4.76 4.65 4.53 3.78 3.60 3.48 3.12 2.42 2.20 1.42 0.18 0.00 0.00 0.00 0.00 0.00 0.00 0.00 0.00 0.00 0.00 0.00 0.00 0.00 0.00 0.00 0.00 0.00 0.00 0.00 0.00 0.00 0.00 0.00
2.37 2.47 2.59 2.84 2.96 3.13 3.22 3.29 3.34 3.37 3.40 3.42 3.43 3.41 3.35 3.27 3.08 2.98 2.83 2.68 2.39 2.14 1.95 1.73 1.70 1.85 1.95 1.98 2.02 2.09 2.22 0.04 0.31 0.46 0.89 0.84 1.12 1.75 2.34 2.77 2.98 3.32 3.98 1.98 4.20 3.32 2.60 2.82 3.83 4.94 4.77 4.65 4.52 3.68 3.50 3.49 3.33 2.42 1.15 0.35 0.19 0.02 0.00 0.00 0.00 0.00 0.00 0.00 0.00 0.00 0.00 0.00 0.00 0.00 0.00 0.00 0.00 0.00 0.00 0.00 0.00 0.00 0.00 0.00
