tsunami_inundation/3330.asc
ncols        89
nrows        96
xllcorner    425855.973699999973
yllcorner    5091051.504999999888
cellsize     55.000000000000
NODATA_value  -9999.00
[rows 37 to 73 of 96, columns 0 to 83 of 89]
1.07 1.73 1.92 3.04 3.13 2.95 2.96 3.10 3.22 3.25 3.27 3.30 3.33 3.35 3.35 3.36 3.39 3.42 3.47 3.52 3.57 3.66 3.80 3.89 3.99 4.08 4.15 4.18 4.16 4.08 3.49 3.17 3.11 3.17 3.19 3.34 3.43 3.78 3.94 4.04 0.56 0.37 0.63 1.89 2.26 2.86 2.75 2.36 4.17 4.27 1.03 0.92 0.10 0.07 0.22 0.48 1.03 1.89 2.01 4.03 4.10 3.46 3.03 2.75 1.43 0.00 0.00 0.00 0.00 0.00 0.00 0.00 0.00 0.00 0.00 0.00 0.00 0.00 0.00 0.00 0.00 0.00 0.00 0.00
2.17 2.75 2.89 2.84 2.84 2.88 2.89 3.07 3.17 3.23 3.24 3.26 3.29 3.33 3.33 3.35 3.38 3.41 3.46 3.51 3.56 3.65 3.79 3.86 3.95 4.03 4.10 4.13 4.10 3.99 3.38 3.14 3.12 3.17 3.21 3.45 3.64 3.80 3.91 2.94 0.00 0.31 0.72 1.95 2.36 2.70 2.39 2.80 4.38 1.38 1.06 0.82 0.08 0.09 0.25 0.28 1.45 2.05 2.21 4.13 4.13 3.71 3.32 2.40 1.97 0.00 0.00 0.00 0.00 0.00 0.00 0.00 0.00 0.00 0.00 0.00 0.00 0.00 0.00 0.00 0.00 0.00 0.00 0.00
2.56 2.67 2.68 2.75 2.79 2.80 2.85 3.05 3.17 3.23 3.22 3.23 3.25 3.30 3.31 3.34 3.37 3.41 3.45 3.50 3.55 3.64 3.77 3.84 3.92 3.99 4.06 4.11 4.07 3.89 3.29 3.13 3.12 3.16 3.24 3.38 3.68 3.80 3.85 1.86 0.00 0.34 1.13 2.02 2.27 2.60 2.48 3.84 4.39 1.38 1.08 0.81 0.10 0.14 0.29 0.43 1.59 2.03 2.56 4.15 4.15 3.75 2.06 2.42 3.10 0.00 0.00 0.00 0.00 0.00 0.00 0.00 0.00 0.00 0.00 0.00 0.00 0.00 0.00 0.00 0.00 0.00 0.00 0.00
2.50 2.53 2.62 2.70 2.72 2.75 2.82 2.99 3.11 3.22 3.21 3.19 3.19 3.25 3.28 3.33 3.37 3.41 3.46 3.50 3.56 3.64 3.76 3.82 3.89 3.96 4.04 4.08 4.03 3.75 3.23 3.12 3.12 3.18 3.29 3.53 3.69 3.78 3.82 0.78 0.09 0.29 1.53 2.12 2.36 2.64 2.69 4.48 4.47 1.38 1.14 0.88 0.13 0.18 0.23 0.78 2.04 2.45 3.59 4.17 4.16 3.66 2.57 2.16 2.61 1.88 0.00 0.00 0.00 0.00 0.00 0.00 0.00 0.00 0.00 0.00 0.00 0.00 0.00 0.00 0.00 0.00 0.00 0.00
2.40 2.50 2.60 2.64 2.67 2.72 2.79 2.94 3.06 3.17 3.21 3.19 3.18 3.20 3.27 3.32 3.36 3.42 3.47 3.52 3.56 3.63 3.68 3.80 3.86 3.93 4.01 4.03 3.95 3.54 3.17 3.13 3.15 3.21 3.31 3.39 3.68 3.77 3.81 0.66 0.11 0.09 1.26 2.20 2.46 2.48 3.28 4.50 4.50 1.28 1.08 0.81 0.15 0.18 0.18 1.39 2.61 3.75 4.17 4.15 4.17 3.98 3.15 2.36 2.24 2.06 2.23 2.35 0.19 0.00 0.00 0.00 0.00 0.00 0.00 0.00 0.00 0.00 0.00 0.00 0.00 0.00 0.00 0.00
2.39 2.51 2.57 2.59 2.63 2.69 2.76 2.89 3.10 3.18 3.20 3.19 3.19 3.20 3.26 3.31 3.36 3.42 3.47 3.52 3.57 3.61 3.72 3.78 3.85 3.92 3.99 4.00 3.89 3.44 3.15 3.13 3.15 3.22 3.30 3.53 3.66 3.73 3.53 0.00 0.31 0.35 1.44 2.18 2.54 2.52 4.11 4.53 4.53 1.58 1.10 0.70 0.13 0.21 0.40 2.05 3.73 4.19 3.07 2.34 3.58 4.19 2.98 2.37 2.27 2.00 2.12 1.32 0.00 0.00 0.00 0.00 0.00 0.00 0.00 0.00 0.00 0.00 0.00 0.00 0.00 0.00 0.00 0.00
2.40 2.50 2.53 2.57 2.62 2.67 2.74 2.79 2.89 3.08 3.14 3.17 3.19 3.21 3.27 3.32 3.36 3.41 3.46 3.51 3.56 3.65 3.70 3.76 3.82 3.90 3.97 3.98 3.92 3.34 3.12 3.10 3.13 3.19 3.29 3.36 3.64 3.70 3.39 0.00 0.47 0.58 1.76 2.20 2.52 2.53 4.56 4.56 3.73 1.61 1.11 1.07 0.88 0.41 1.11 2.08 2.94 3.60 3.00 2.87 3.61 4.21 2.97 2.25 2.30 2.10 2.00 0.00 0.00 0.00 0.00 0.00 0.00 0.00 0.00 0.00 0.00 0.00 0.00 0.00 0.00 0.00 0.00 0.00
2.36 2.44 2.51 2.56 2.61 2.67 2.72 2.76 2.83 3.01 3.09 3.15 3.19 3.22 3.26 3.33 3.37 3.41 3.45 3.50 3.54 3.59 3.68 3.74 3.80 3.88 3.93 3.92 3.88 3.26 3.09 3.03 3.11 3.19 3.33 3.47 3.61 3.68 0.51 0.03 0.22 0.91 2.55 2.44 2.50 2.49 4.61 4.62 2.60 1.56 1.14 1.08 1.03 0.51 1.48 2.10 2.15 2.26 2.23 2.39 2.69 4.23 3.03 2.19 1.54 1.04 0.72 0.00 0.00 0.00 0.00 0.00 0.00 0.00 0.00 0.00 0.00 0.00 0.00 0.00 0.00 0.00 0.00 0.00
2.31 2.41 2.49 2.54 2.60 2.65 2.69 2.73 2.85 2.95 3.05 3.12 3.17 3.22 3.27 3.33 3.38 3.41 3.45 3.49 3.53 3.63 3.67 3.72 3.78 3.85 3.90 3.89 3.76 3.13 3.01 2.99 3.05 3.17 3.23 3.36 3.56 3.64 0.04 0.07 0.24 1.97 2.65 2.42 2.51 2.52 4.66 2.06 1.67 1.52 1.20 1.12 0.88 0.66 1.74 2.08 2.10 2.12 2.08 2.35 3.01 4.23 2.64 1.94 0.00 0.00 0.00 0.00 0.00 0.00 0.00 0.00 0.00 0.00 0.00 0.00 0.00 0.00 0.00 0.00 0.00 0.00 0.00 0.00
2.24 2.38 2.46 2.52 2.57 2.62 2.67 2.70 2.81 2.91 3.01 3.10 3.15 3.21 3.26 3.34 3.38 3.42 3.45 3.48 3.52 3.60 3.65 3.69 3.75 3.81 3.86 3.84 3.62 3.07 2.97 2.96 3.01 3.12 3.18 3.33 3.53 2.54 0.00 0.11 1.23 2.15 2.49 2.64 2.56 2.53 4.70 1.91 1.67 1.46 1.18 1.16 0.76 0.99 1.89 2.18 2.15 2.02 1.96 2.93 4.24 3.53 2.21 0.73 0.00 0.00 0.00 0.00 0.00 0.00 0.00 0.00 0.00 0.00 0.00 0.00 0.00 0.00 0.00 0.00 0.00 0.00 0.00 0.00
2.22 2.34 2.41 2.47 2.53 2.58 2.63 2.67 2.78 2.87 2.98 3.07 3.14 3.19 3.25 3.33 3.38 3.42 3.45 3.47 3.50 3.59 3.64 3.68 3.73 3.79 3.83 3.78 3.51 3.13 2.93 2.92 2.98 3.09 3.15 3.35 3.48 1.34 0.00 0.10 1.28 2.36 2.41 2.61 3.32 3.31 4.74 3.84 1.58 1.46 1.27 1.08 0.70 1.15 1.90 2.24 2.13 1.95 2.09 4.26 2.98 2.24 0.61 0.00 0.00 0.00 0.00 0.00 0.00 0.00 0.00 0.00 0.00 0.00 0.00 0.00 0.00 0.00 0.00 0.00 0.00 0.00 0.00 0.00
2.21 2.31 2.37 2.42 2.48 2.54 2.60 2.64 2.75 2.82 2.92 3.03 3.12 3.18 3.23 3.31 3.37 3.41 3.44 3.47 3.49 3.53 3.64 3.67 3.71 3.76 3.78 3.71 3.41 3.06 2.88 2.87 2.97 3.06 3.12 3.34 3.42 0.95 0.00 0.12 1.41 2.39 2.28 2.57 2.95 2.79 4.81 1.78 1.61 1.48 1.28 0.76 0.64 1.12 1.85 2.10 2.06 2.17 2.65 4.31 2.66 1.98 0.00 0.00 0.00 0.00 0.00 0.00 0.00 0.00 0.00 0.00 0.00 0.00 0.00 0.00 0.00 0.00 0.00 0.00 0.00 0.00 0.00 0.00
2.21 2.29 2.33 2.36 2.42 2.48 2.54 2.60 2.71 2.79 2.88 2.99 3.09 3.17 3.22 3.27 3.35 3.40 3.44 3.46 3.48 3.55 3.63 3.67 3.70 3.73 3.73 3.62 3.32 3.00 2.82 2.84 2.94 3.01 3.07 3.32 3.37 0.03 0.00 0.41 2.10 2.61 2.55 2.70 2.69 2.78 4.87 4.05 1.62 1.57 1.31 0.41 0.59 1.12 1.91 2.08 2.08 2.33 2.53 3.94 2.69 1.83 0.00 0.00 0.00 0.00 0.00 0.00 0.00 0.00 0.00 0.00 0.00 0.00 0.00 0.00 0.00 0.00 0.00 0.00 0.00 0.00 0.00 0.00
2.21 2.26 2.30 2.33 2.38 2.44 2.51 2.57 2.70 2.77 2.85 2.96 3.06 3.15 3.21 3.26 3.33 3.38 3.42 3.44 3.46 3.52 3.61 3.65 3.67 3.68 3.67 3.54 3.23 2.94 2.75 2.80 2.88 2.95 3.15 3.28 2.20 0.20 0.40 1.16 2.23 2.55 2.66 2.79 2.78 2.91 4.90 1.86 1.69 1.70 1.24 1.11 1.28 1.34 1.95 2.18 2.15 2.42 2.49 4.05 4.36 1.42 0.00 0.00 0.00 0.00 0.00 0.00 0.00 0.00 0.00 0.00 0.00 0.00 0.00 0.00 0.00 0.00 0.00 0.00 0.00 0.00 0.00 0.00
2.20 2.25 2.29 2.31 2.36 2.42 2.49 2.61 2.69 2.75 2.83 2.93 3.02 3.11 3.19 3.25 3.31 3.36 3.40 3.42 3.46 3.49 3.54 3.61 3.63 3.63 3.60 3.40 3.11 2.80 2.61 2.67 2.76 2.90 3.13 3.18 0.96 0.40 0.84 1.32 1.79 2.21 2.31 2.24 2.55 3.48 4.91 1.93 1.83 1.78 1.28 1.55 1.26 1.45 2.06 2.27 2.11 2.23 2.38 3.52 4.42 0.00 0.00 0.00 0.00 0.00 0.00 0.00 0.00 0.00 0.00 0.00 0.00 0.00 0.00 0.00 0.00 0.00 0.00 0.00 0.00 0.00 0.00 0.00
2.17 2.24 2.28 2.30 2.34 2.40 2.47 2.60 2.68 2.75 2.82 2.90 2.99 3.07 3.16 3.23 3.30 3.34 3.38 3.41 3.43 3.45 3.49 3.54 3.54 3.53 3.47 3.30 2.99 2.69 2.53 2.59 2.67 2.86 3.09 2.90 0.22 0.64 1.55 1.26 1.27 1.52 1.64 1.91 2.73 4.29 4.41 1.97 1.90 1.71 1.33 1.50 1.30 1.59 2.08 2.42 2.22 2.25 2.53 4.45 2.33 0.00 0.00 0.00 0.00 0.00 0.00 0.00 0.00 0.00 0.00 0.00 0.00 0.00 0.00 0.00 0.00 0.00 0.00 0.00 0.00 0.00 0.00 0.00
2.13 2.22 2.29 2.30 2.33 2.39 2.45 2.60 2.66 2.74 2.81 2.88 2.96 3.03 3.09 3.17 3.28 3.33 3.38 3.41 3.43 3.44 3.46 3.49 3.49 3.46 3.39 3.20 2.87 2.57 2.43 2.52 2.61 2.70 3.01 1.78 0.55 0.72 1.67 1.01 0.66 0.79 1.46 2.39 3.13 4.92 4.94 1.86 1.93 1.69 1.43 1.54 1.47 1.89 2.13 2.21 2.37 2.60 2.82 3.48 1.11 0.00 0.00 0.00 0.00 0.00 0.00 0.00 0.00 0.00 0.00 0.00 0.00 0.00 0.00 0.00 0.00 0.00 0.00 0.00 0.00 0.00 0.00 0.00
2.09 2.18 2.29 2.31 2.34 2.39 2.52 2.60 2.66 2.75 2.80 2.85 2.91 2.98 3.05 3.12 3.20 3.30 3.36 3.40 3.44 3.44 3.44 3.45 3.45 3.41 3.32 3.10 2.75 2.48 2.37 2.46 2.55 2.63 2.95 1.49 0.53 0.55 1.74 0.90 0.70 0.89 1.79 2.61 3.43 4.95 4.11 1.75 1.91 1.67 1.62 1.59 1.48 2.00 2.22 2.35 2.83 3.35 3.78 4.49 0.00 0.00 0.00 0.00 0.00 0.00 0.00 0.00 0.00 0.00 0.00 0.00 0.00 0.00 0.00 0.00 0.00 0.00 0.00 0.00 0.00 0.00 0.00 0.00
2.07 2.13 2.27 2.34 2.38 2.41 2.46 2.60 2.67 2.75 2.80 2.85 2.90 2.95 3.02 3.09 3.16 3.25 3.31 3.41 3.43 3.43 3.42 3.42 3.41 3.37 3.26 3.02 2.66 2.41 2.30 2.41 2.49 2.73 2.83 0.38 0.49 0.60 1.54 0.75 0.94 1.65 2.42 2.74 4.46 4.95 3.87 1.83 2.00 1.67 1.42 1.53 1.65 2.15 2.38 2.49 3.00 4.29 4.47 3.29 0.00 0.00 0.00 0.00 0.00 0.00 0.00 0.00 0.00 0.00 0.00 0.00 0.00 0.00 0.00 0.00 0.00 0.00 0.00 0.00 0.00 0.00 0.00 0.00
1.96 2.11 2.21 2.34 2.41 2.46 2.55 2.61 2.67 2.76 2.80 2.85 2.90 2.95 3.00 3.07 3.13 3.20 3.25 3.30 3.38 3.40 3.39 3.39 3.38 3.33 3.20 2.93 2.53 2.31 2.21 2.29 2.36 2.56 1.20 0.32 0.42 1.09 1.41 0.73 1.01 1.85 2.54 2.84 4.94 4.96 2.98 1.94 2.09 1.45 1.16 1.45 1.81 2.22 2.51 3.18 4.26 4.43 4.46 4.26 0.00 0.00 0.00 0.00 0.00 0.00 0.00 0.00 0.00 0.00 0.00 0.00 0.00 0.00 0.00 0.00 0.00 0.00 0.00 0.00 0.00 0.00 0.00 0.00
1.86 2.04 2.19 2.34 2.43 2.52 2.63 2.63 2.68 2.77 2.82 2.86 2.90 2.95 3.00 3.05 3.10 3.17 3.21 3.24 3.31 3.33 3.34 3.33 3.28 3.20 3.00 2.64 2.26 2.11 2.05 2.18 2.34 2.50 0.99 0.28 0.31 1.20 1.17 0.73 1.08 2.14 2.72 3.44 4.95 4.97 2.00 1.98 2.00 1.16 1.34 1.43 1.69 2.45 3.52 4.30 4.54 4.54 4.53 3.07 1.15 0.00 0.00 0.00 0.00 0.00 0.00 0.00 0.00 0.00 0.00 0.00 0.00 0.00 0.00 0.00 0.00 0.00 0.00 0.00 0.00 0.00 0.00 0.00
1.76 1.94 2.12 2.32 2.42 2.52 2.61 2.67 2.77 2.81 2.87 2.89 2.92 2.96 3.00 3.04 3.09 3.15 3.16 3.20 3.22 3.24 3.25 3.24 3.20 3.10 2.84 2.45 2.14 2.04 2.03 2.16 2.26 2.26 0.08 0.36 0.36 1.25 0.99 0.79 1.66 2.49 2.94 4.14 4.95 4.97 1.95 1.97 1.90 1.05 1.33 1.59 2.09 3.10 4.32 4.50 4.54 4.54 3.52 2.59 2.20 0.00 0.00 0.00 0.00 0.00 0.00 0.00 0.00 0.00 0.00 0.00 0.00 0.00 0.00 0.00 0.00 0.00 0.00 0.00 0.00 0.00 0.00 0.00
1.71 1.85 2.02 2.27 2.39 2.49 2.68 2.78 2.85 2.90 2.94 2.96 2.98 2.98 3.01 3.02 3.06 3.09 3.12 3.16 3.18 3.21 3.22 3.20 3.15 3.01 2.69 2.32 2.09 2.02 1.99 2.06 2.06 2.07 0.03 0.49 0.59 1.16 1.02 1.02 2.41 2.86 3.18 4.08 4.95 4.97 1.86 1.91 1.68 0.87 1.38 2.07 2.73 4.45 4.59 4.57 4.55 4.19 2.96 2.34 2.34 1.13 0.00 0.00 0.00 0.00 0.00 0.00 0.00 0.00 0.00 0.00 0.00 0.00 0.00 0.00 0.00 0.00 0.00 0.00 0.00 0.00 0.00 0.00
1.67 1.79 1.92 2.07 2.30 2.42 2.64 2.75 2.85 2.92 2.98 3.00 3.01 3.01 3.01 3.02 3.04 3.04 3.06 3.13 3.14 3.16 3.18 3.17 3.09 2.93 2.59 2.26 2.02 1.90 1.81 1.84 1.81 1.28 0.34 0.54 0.73 1.31 0.95 1.93 2.85 3.05 3.31 4.57 4.96 2.76 2.12 2.10 1.65 1.12 1.62 2.45 3.48 4.57 4.50 4.50 4.48 4.19 4.05 2.36 2.29 2.38 2.17 0.10 0.00 0.00 0.00 0.00 0.00 0.00 0.00 0.00 0.00 0.00 0.00 0.00 0.00 0.00 0.00 0.00 0.00 0.00 0.00 0.00
1.67 1.77 1.89 2.02 2.24 2.37 2.58 2.68 2.78 2.89 2.99 3.02 3.03 3.05 3.05 3.05 3.05 3.06 3.06 3.06 3.07 3.11 3.13 3.13 3.09 2.86 2.54 2.15 1.83 1.70 1.62 1.65 1.66 0.45 0.47 0.47 1.11 1.19 1.14 2.38 2.65 2.76 3.30 4.58 4.96 3.13 2.15 1.97 1.44 1.57 1.95 2.78 4.09 4.40 4.36 4.61 4.53 4.32 2.75 2.51 2.36 2.30 1.79 0.00 0.00 0.00 0.00 0.00 0.00 0.00 0.00 0.00 0.00 0.00 0.00 0.00 0.00 0.00 0.00 0.00 0.00 0.00 0.00 0.00
1.66 1.77 1.88 2.00 2.20 2.34 2.55 2.62 2.70 2.78 2.86 2.98 3.03 3.06 3.08 3.10 3.11 3.11 3.09 3.08 3.08 3.09 3.08 3.04 2.94 2.78 2.13 1.59 1.43 1.49 1.43 1.47 0.96 0.13 0.50 0.42 1.20 1.07 1.53 2.51 2.59 2.80 2.78 3.55 4.96 4.13 1.99 1.88 1.71 1.83 2.31 2.88 4.35 4.42 4.69 4.66 4.15 3.82 2.95 2.02 1.93 0.22 0.00 0.00 0.00 0.00 0.00 0.00 0.00 0.00 0.00 0.00 0.00 0.00 0.00 0.00 0.00 0.00 0.00 0.00 0.00 0.00 0.00 0.00
1.65 1.77 1.88 2.00 2.18 2.30 2.52 2.59 2.65 2.70 2.76 2.86 2.94 3.01 3.07 3.11 3.10 3.11 3.10 3.10 3.08 3.06 3.00 2.93 2.81 2.39 1.93 1.51 1.37 1.39 1.28 1.40 0.04 0.25 0.52 0.42 1.01 1.21 1.90 2.72 2.69 3.29 2.83 4.47 4.96 4.51 2.00 1.86 1.76 2.22 2.48 2.86 4.24 4.48 4.71 4.23 2.42 1.04 0.00 0.00 0.00 0.00 0.00 0.00 0.00 0.00 0.00 0.00 0.00 0.00 0.00 0.00 0.00 0.00 0.00 0.00 0.00 0.00 0.00 0.00 0.00 0.00 0.00 0.00
1.65 1.77 1.88 2.00 2.16 2.27 2.49 2.58 2.64 2.70 2.74 2.79 2.82 2.85 2.88 2.91 2.95 2.97 2.98 2.98 2.95 2.89 2.83 2.77 2.67 2.24 1.79 1.46 1.31 1.24 1.23 1.35 0.05 0.41 0.49 0.58 0.55 1.27 2.17 2.82 3.24 3.81 3.80 4.55 4.96 4.61 1.87 1.77 2.17 2.49 2.82 3.95 4.47 4.63 4.03 1.86 0.00 0.00 0.00 0.00 0.00 0.00 0.00 0.00 0.00 0.00 0.00 0.00 0.00 0.00 0.00 0.00 0.00 0.00 0.00 0.00 0.00 0.00 0.00 0.00 0.00 0.00 0.00 0.00
1.64 1.76 1.88 1.99 2.09 2.34 2.45 2.55 2.64 2.72 2.76 2.80 2.81 2.82 2.83 2.84 2.84 2.84 2.83 2.80 2.77 2.74 2.71 2.70 2.59 2.32 1.69 1.39 1.18 1.14 1.20 1.44 0.28 0.47 0.36 0.45 0.50 2.04 2.63 2.91 2.79 3.78 3.57 3.68 4.96 3.77 1.93 2.49 2.91 3.15 4.16 4.50 4.60 4.72 3.20 0.67 0.00 0.00 0.00 0.00 0.00 0.00 0.00 0.00 0.00 0.00 0.00 0.00 0.00 0.00 0.00 0.00 0.00 0.00 0.00 0.00 0.00 0.00 0.00 0.00 0.00 0.00 0.00 0.00
1.63 1.75 1.86 1.97 2.24 2.34 2.44 2.54 2.64 2.72 2.78 2.83 2.84 2.84 2.84 2.84 2.83 2.81 2.73 2.70 2.69 2.68 2.67 2.67 2.53 2.23 1.56 1.17 1.04 1.10 1.20 1.57 0.05 0.51 0.61 0.55 1.04 2.40 2.71 2.70 2.79 2.77 2.83 3.19 2.48 2.01 2.37 2.77 3.31 3.60 4.31 4.48 4.55 4.56 2.64 0.00 0.00 0.00 0.00 0.00 0.00 0.00 0.00 0.00 0.00 0.00 0.00 0.00 0.00 0.00 0.00 0.00 0.00 0.00 0.00 0.00 0.00 0.00 0.00 0.00 0.00 0.00 0.00 0.00
1.63 1.75 1.86 1.98 2.09 2.34 2.44 2.54 2.63 2.71 2.79 2.84 2.89 2.90 2.89 2.88 2.85 2.80 2.69 2.67 2.66 2.67 2.66 2.64 2.51 2.20 1.21 1.00 1.01 1.11 1.25 1.74 0.06 0.47 0.67 0.65 1.44 2.46 2.67 2.69 2.66 2.75 2.79 3.55 1.97 2.65 2.67 2.67 2.90 3.31 4.12 4.51 4.55 4.46 3.17 0.00 0.00 0.00 0.00 0.00 0.00 0.00 0.00 0.00 0.00 0.00 0.00 0.00 0.00 0.00 0.00 0.00 0.00 0.00 0.00 0.00 0.00 0.00 0.00 0.00 0.00 0.00 0.00 0.00
1.63 1.75 1.87 1.99 2.25 2.35 2.45 2.54 2.63 2.71 2.79 2.86 2.93 2.95 2.95 2.93 2.89 2.77 2.72 2.68 2.68 2.66 2.62 2.61 2.48 1.83 1.03 1.00 1.05 1.14 1.40 1.82 0.04 0.30 0.62 0.82 1.78 2.41 2.61 2.62 2.64 2.69 2.88 3.75 2.17 2.66 2.69 2.65 2.86 3.05 3.09 3.81 4.53 4.41 3.45 0.00 0.00 0.00 0.00 0.00 0.00 0.00 0.00 0.00 0.00 0.00 0.00 0.00 0.00 0.00 0.00 0.00 0.00 0.00 0.00 0.00 0.00 0.00 0.00 0.00 0.00 0.00 0.00 0.00
1.65 1.77 1.89 2.00 2.11 2.36 2.46 2.55 2.64 2.72 2.79 2.86 2.95 2.97 2.97 2.96 2.92 2.82 2.77 2.71 2.68 2.63 2.58 2.56 2.37 1.47 1.02 1.03 1.09 1.15 1.48 1.89 0.04 0.10 0.44 1.06 1.74 2.18 2.49 2.55 2.56 2.76 3.16 3.26 2.37 2.63 2.67 2.65 2.79 3.02 2.96 3.12 4.49 4.32 3.35 0.00 0.00 0.00 0.00 0.00 0.00 0.00 0.00 0.00 0.00 0.00 0.00 0.00 0.00 0.00 0.00 0.00 0.00 0.00 0.00 0.00 0.00 0.00 0.00 0.00 0.00 0.00 0.00 0.00
1.67 1.79 1.91 2.02 2.23 2.38 2.48 2.58 2.67 2.75 2.82 2.88 2.93 2.95 2.95 2.95 2.93 2.90 2.79 2.69 2.64 2.60 2.57 2.52 2.16 1.33 1.07 1.08 1.12 1.18 1.58 1.92 0.04 0.06 0.47 1.04 1.71 1.80 2.29 2.45 2.54 2.80 3.45 1.83 2.36 2.58 2.67 2.68 2.65 2.79 2.93 3.12 4.56 4.74 3.70 1.67 0.00 0.05 0.00 0.00 0.00 0.00 0.00 0.00 0.00 0.00 0.00 0.00 0.00 0.00 0.00 0.00 0.00 0.00 0.00 0.00 0.00 0.00 0.00 0.00 0.00 0.00 0.00 0.00
1.69 1.83 1.95 2.05 2.26 2.40 2.50 2.60 2.68 2.76 2.82 2.87 2.92 2.93 2.94 2.94 2.93 2.91 2.80 2.69 2.64 2.61 2.59 2.45 1.94 1.26 1.09 1.13 1.15 1.23 1.35 1.57 0.03 0.29 0.72 1.12 1.73 1.69 1.99 2.31 2.46 3.02 3.77 1.65 2.17 2.45 2.56 2.65 3.52 3.70 3.67 4.01 4.81 4.66 3.91 3.43 2.50 2.38 1.83 0.07 0.00 0.00 0.00 0.00 0.00 0.00 0.00 0.00 0.00 0.00 0.00 0.00 0.00 0.00 0.00 0.00 0.00 0.00 0.00 0.00 0.00 0.00 0.00 0.00
1.72 1.85 1.96 2.16 2.26 2.41 2.50 2.59 2.66 2.73 2.79 2.84 2.88 2.93 2.95 2.95 2.94 2.88 2.82 2.72 2.68 2.66 2.59 2.33 1.78 1.22 1.13 1.18 1.20 1.28 1.39 0.19 0.32 0.36 0.76 0.87 1.40 1.64 2.04 2.33 2.52 3.20 3.95 2.17 2.34 2.36 2.40 2.71 3.99 4.90 4.90 4.91 4.84 4.10 3.78 3.48 3.10 2.40 2.17 1.40 0.15 0.00 0.00 0.00 0.00 0.00 0.00 0.00 0.00 0.00 0.00 0.00 0.00 0.00 0.00 0.00 0.00 0.00 0.00 0.00 0.00 0.00 0.00 0.00
1.74 1.85 1.96 2.16 2.26 2.40 2.48 2.56 2.63 2.70 2.76 2.81 2.87 2.94 2.96 2.97 2.92 2.88 2.84 2.80 2.74 2.69 2.54 2.21 1.65 1.23 1.20 1.21 1.24 1.30 1.52 0.04 0.20 0.33 0.76 0.75 1.11 1.66 2.20 2.62 2.84 3.18 3.83 1.84 4.10 3.21 2.50 2.72 3.73 4.89 4.90 4.91 4.81 3.98 3.66 3.49 3.31 2.40 1.12 0.32 0.15 0.02 0.00 0.00 0.00 0.00 0.00 0.00 0.00 0.00 0.00 0.00 0.00 0.00 0.00 0.00 0.00 0.00 0.00 0.00 0.00 0.00 0.00 0.00
