tsunami_inundation/3330.asc
ncols        89
nrows        96
xllcorner    425855.973699999973
yllcorner    5091051.504999999888
cellsize     55.000000000000
NODATA_value  -9999.00
[rows 0 to 36 of 96, columns 0 to 83 of 89]
-9999.00 2.25 2.24 2.26 2.25 2.31 2.37 2.42 2.47 2.50 2.57 2.63 2.69 2.74 2.83 2.89 2.94 3.03 3.08 3.13 3.17 3.18 3.24 3.38 3.35 2.18 1.15 0.56 -0.04 -0.20 -0.27 -0.30 -0.37 -0.38 -0.27 -0.01 0.15 0.28 0.42 0.60 1.03 0.07 0.03 0.34 0.30 0.01 0.02 0.03 0.04 1.92 3.69 3.93 3.87 3.82 3.80 3.81 3.73 3.60 3.54 1.64 2.34 2.46 2.06 1.50 0.04 0.00 0.09 1.31 2.21 2.42 1.83 1.77 1.31 1.67 1.35 0.00 0.00 0.00 0.00 0.00 0.00 0.00 0.00 0.00
-9999.00 2.22 2.22 2.22 2.23 2.24 2.28 2.35 2.36 2.41 2.51 2.56 2.62 2.68 2.77 2.81 2.91 2.96 3.00 3.04 3.07 3.13 3.16 3.19 3.31 3.27 1.64 0.50 -0.22 -0.26 -0.29 -0.35 -0.39 -0.32 -0.16 0.07 0.22 0.35 0.46 0.59 1.03 0.00 0.02 0.08 0.33 0.20 0.06 0.05 2.18 3.63 3.96 3.93 3.88 3.83 3.81 3.81 3.83 3.79 3.62 1.70 2.35 2.53 2.35 1.52 0.03 0.01 0.10 1.61 2.35 2.48 1.96 1.35 1.36 1.55 1.42 0.00 0.00 0.00 0.00 0.00 0.00 0.00 0.00 0.00
-9999.00 2.20 2.19 2.20 2.22 2.23 2.25 2.30 2.34 2.38 2.43 2.51 2.52 2.58 2.71 2.81 2.84 2.90 2.95 2.98 3.00 3.06 3.12 3.14 3.16 3.33 3.03 0.65 0.07 -0.27 -0.31 -0.39 -0.44 -0.27 -0.03 0.14 0.34 0.44 0.53 0.62 0.93 0.00 0.00 0.00 0.11 0.30 0.38 1.84 3.42 3.94 3.94 3.91 3.87 3.83 3.82 3.82 3.83 3.83 3.60 2.10 2.26 2.64 2.50 1.44 0.45 0.01 0.26 1.68 2.10 2.57 2.17 0.92 0.99 1.33 0.00 0.00 0.00 0.00 0.00 0.00 0.00 0.00 0.00 0.00
-9999.00 2.18 2.18 2.18 2.20 2.22 2.24 2.29 2.33 2.36 2.40 2.44 2.49 2.55 2.66 2.71 2.81 2.86 2.90 2.94 2.97 3.02 3.07 3.12 3.12 3.24 3.33 2.55 -0.20 -0.27 -0.32 -0.42 -0.43 -0.24 0.01 0.19 0.40 0.51 0.59 0.67 0.90 0.17 0.00 0.02 0.01 0.08 0.38 2.72 3.80 3.91 3.90 3.88 3.85 3.83 3.83 3.83 3.83 3.83 3.72 2.75 2.39 2.65 2.45 1.33 0.44 0.43 1.17 2.04 2.44 2.69 2.33 1.13 1.12 1.02 0.00 0.00 0.00 0.00 0.00 0.00 0.00 0.00 0.00 0.00
-9999.00 2.17 2.18 2.18 2.19 2.21 2.23 2.29 2.33 2.36 2.39 2.43 2.48 2.52 2.57 2.67 2.73 2.80 2.85 2.90 2.92 3.01 3.05 3.08 3.11 3.16 3.26 3.19 0.92 -0.25 -0.31 -0.41 -0.41 -0.19 0.04 0.22 0.45 0.56 0.65 0.73 0.93 0.59 0.02 0.02 0.01 0.01 1.54 3.25 3.85 3.86 3.85 3.84 3.83 3.83 3.84 3.85 3.85 3.86 3.85 3.31 2.81 3.12 2.36 1.27 0.21 0.42 1.17 1.76 2.40 2.77 2.43 1.16 1.24 0.22 0.00 0.00 0.00 0.00 0.00 0.00 0.00 0.00 0.00 0.00
-9999.00 2.16 2.18 2.17 2.18 2.20 2.22 2.28 2.32 2.35 2.39 2.43 2.48 2.52 2.56 2.66 2.72 2.78 2.83 2.88 2.93 2.99 3.06 3.08 3.11 3.16 3.22 3.21 -0.13 -0.22 -0.28 -0.39 -0.36 -0.15 0.07 0.25 0.48 0.60 0.69 0.79 0.97 0.52 0.03 0.02 0.02 0.01 1.90 3.56 3.80 3.81 3.78 3.79 3.81 3.82 3.85 3.87 3.88 3.87 3.86 3.82 3.78 3.64 3.14 2.17 0.16 0.39 1.27 1.88 2.51 2.88 2.53 1.22 1.21 0.00 0.00 0.00 0.00 0.00 0.00 0.00 0.00 0.00 0.00 0.00
-9999.00 2.18 2.19 2.18 2.17 2.19 2.22 2.25 2.31 2.35 2.39 2.44 2.48 2.52 2.56 2.67 2.72 2.78 2.83 2.88 2.94 3.01 3.08 3.11 3.13 3.18 3.24 3.22 1.03 -0.19 -0.24 -0.34 -0.32 -0.11 0.10 0.28 0.52 0.64 0.74 0.84 0.99 0.06 0.04 0.04 0.05 0.00 1.24 3.05 3.73 3.74 3.75 3.78 3.81 3.83 3.85 3.88 3.89 3.89 3.85 3.81 3.76 3.71 3.46 3.07 1.76 0.54 1.37 1.94 2.50 2.96 2.66 1.44 1.25 0.00 0.00 0.00 0.00 0.00 0.00 0.00 0.00 0.00 0.00 0.00
-9999.00 2.18 2.19 2.20 2.18 2.19 2.22 2.25 2.30 2.35 2.40 2.45 2.49 2.53 2.56 2.69 2.74 2.79 2.84 2.90 2.97 3.05 3.11 3.13 3.16 3.21 3.25 3.25 3.05 0.23 -0.04 -0.11 -0.13 -0.04 0.12 0.31 0.48 0.70 0.82 0.94 1.15 1.30 0.11 0.05 0.08 0.10 1.44 2.98 3.72 3.74 3.76 3.80 3.83 3.85 3.89 3.90 3.90 3.90 2.57 2.81 3.74 3.69 3.62 3.57 3.56 2.44 1.40 2.02 2.57 3.02 2.87 2.04 1.93 0.00 0.00 0.00 0.00 0.00 0.00 0.00 0.00 0.00 0.00 0.00
-9999.00 2.19 2.19 2.21 2.21 2.20 2.23 2.26 2.30 2.35 2.41 2.46 2.50 2.54 2.58 2.72 2.77 2.82 2.88 2.95 3.03 3.09 3.14 3.15 3.19 3.26 3.31 3.29 3.22 2.46 0.16 -0.04 -0.05 0.02 0.20 0.36 0.59 0.82 0.97 1.11 1.19 0.02 0.13 0.02 0.05 0.61 1.99 3.22 3.74 3.77 3.80 3.84 3.86 3.88 3.90 3.92 3.92 3.92 1.64 1.38 2.33 3.67 3.61 3.57 3.57 3.58 1.66 2.13 2.47 3.08 3.16 2.72 2.47 0.00 0.00 0.00 0.00 0.00 0.00 0.00 0.00 0.00 0.00 0.00
-9999.00 2.35 2.18 2.22 2.24 2.23 2.24 2.27 2.32 2.37 2.42 2.47 2.52 2.56 2.61 2.77 2.83 2.90 2.96 3.03 3.11 3.16 3.19 3.22 3.29 3.43 3.58 3.68 3.64 3.42 1.55 0.15 0.13 0.24 0.45 0.71 0.95 1.28 1.41 1.48 1.53 0.73 0.07 0.05 0.44 1.47 2.91 3.68 3.73 3.78 3.82 3.86 3.88 3.90 3.95 3.95 3.95 2.60 1.15 1.43 1.76 2.17 1.85 1.99 3.52 3.60 2.08 2.04 2.67 3.17 3.05 2.67 2.43 0.00 0.00 0.00 0.00 0.00 0.00 0.00 0.00 0.00 0.00 0.00
-9999.00 2.20 2.18 2.21 2.26 2.26 2.26 2.29 2.35 2.40 2.46 2.52 2.56 2.61 2.67 2.84 2.89 2.94 3.00 3.08 3.16 3.22 3.28 3.45 3.68 3.88 3.98 3.99 3.85 3.76 3.17 1.18 0.53 0.65 0.87 1.10 1.28 1.47 1.56 1.64 1.75 2.59 2.72 1.93 1.33 2.71 3.57 3.64 3.70 3.75 3.79 3.84 3.88 3.91 3.98 3.99 3.09 1.44 1.32 1.78 1.78 1.72 1.60 1.59 3.13 3.60 2.52 2.20 2.77 3.24 3.23 2.69 2.73 1.16 0.00 0.00 0.00 0.00 0.00 0.00 0.00 0.00 0.00 0.00
-9999.00 1.78 2.18 2.19 2.25 2.31 2.33 2.36 2.41 2.47 2.51 2.55 2.59 2.64 2.77 2.87 2.92 2.98 3.05 3.14 3.25 3.38 3.53 3.78 3.90 3.98 4.01 3.94 3.89 3.87 3.30 2.47 0.83 0.69 0.93 1.14 1.30 1.43 1.64 1.77 1.90 2.68 2.93 3.14 3.36 3.46 3.51 3.57 3.64 3.72 3.78 3.83 3.92 3.97 3.99 4.01 2.60 1.12 0.97 1.82 1.81 1.90 1.78 1.78 2.85 3.60 2.96 2.56 3.01 3.32 3.16 2.62 2.85 2.50 1.21 0.00 0.00 0.00 0.00 0.00 0.00 0.00 0.00 0.00
0.88 2.22 2.23 2.17 2.23 2.33 2.39 2.42 2.45 2.50 2.53 2.56 2.60 2.74 2.81 2.90 2.97 3.04 3.16 3.29 3.43 3.56 3.70 3.83 3.87 3.90 3.90 3.92 3.92 3.94 3.55 2.64 1.91 0.81 0.95 1.17 1.33 1.50 1.77 1.94 2.37 2.71 2.94 3.13 3.34 3.43 3.49 3.56 3.63 3.71 3.78 3.86 3.94 3.99 4.03 3.97 1.77 1.04 1.06 1.74 1.72 1.69 1.64 1.68 2.54 3.61 2.16 2.40 2.91 3.38 3.25 2.52 2.64 2.48 2.72 1.62 0.00 0.00 0.00 0.00 0.00 0.00 0.00 0.00
0.56 1.99 2.28 2.21 2.22 2.32 2.41 2.45 2.47 2.51 2.53 2.57 2.62 2.70 2.86 2.93 3.05 3.17 3.29 3.40 3.51 3.62 3.69 3.75 3.77 3.81 3.86 3.91 3.95 4.00 3.84 2.82 2.48 1.77 1.05 1.19 1.36 1.53 1.84 2.20 2.41 2.71 2.94 3.12 3.25 3.40 3.49 3.55 3.65 3.73 3.81 3.88 3.96 4.04 4.05 2.99 1.46 0.95 1.65 1.76 1.73 1.60 1.57 1.75 2.42 3.62 2.09 1.93 2.64 3.66 3.17 2.56 2.49 2.51 2.79 2.69 2.40 1.74 0.00 0.00 0.00 0.00 0.00 0.00
0.44 1.40 2.24 2.29 2.24 2.29 2.39 2.45 2.47 2.51 2.55 2.59 2.67 2.86 2.94 3.02 3.16 3.26 3.34 3.42 3.51 3.59 3.62 3.67 3.78 3.85 3.88 3.93 3.98 4.03 3.91 3.05 2.55 2.39 1.31 1.20 1.40 1.59 1.91 2.27 2.45 2.68 2.92 3.10 3.24 3.38 3.47 3.56 3.65 3.75 3.82 3.90 4.04 4.07 4.08 2.35 1.12 1.02 1.71 1.73 1.63 1.66 1.99 1.74 2.44 3.66 1.76 2.37 2.76 3.68 2.99 2.47 2.44 2.37 2.57 2.43 2.09 1.79 1.60 0.03 0.00 0.00 0.00 0.00
0.41 0.60 2.00 2.34 2.28 2.25 2.33 2.41 2.45 2.50 2.57 2.65 2.75 2.96 3.03 3.14 3.22 3.26 3.31 3.40 3.50 3.57 3.63 3.70 3.81 3.86 3.88 3.93 3.99 4.05 4.06 3.18 2.66 2.56 1.98 1.28 1.43 1.65 1.98 2.16 2.50 2.69 2.90 3.09 3.22 3.36 3.46 3.56 3.65 3.74 3.83 3.91 3.98 4.11 4.02 2.40 0.39 1.21 1.78 1.77 1.56 1.70 1.70 1.60 2.60 1.94 2.17 2.97 3.70 3.69 3.30 2.39 2.27 2.27 2.45 2.41 1.96 1.59 1.74 0.46 0.07 0.00 0.00 0.00
0.41 0.55 1.35 2.25 2.31 2.23 2.25 2.35 2.43 2.48 2.63 2.77 2.91 3.10 3.14 3.18 3.22 3.25 3.32 3.43 3.54 3.62 3.68 3.74 3.83 3.86 3.86 3.92 4.00 4.06 4.07 3.27 2.73 2.63 2.54 1.46 1.43 1.70 1.93 2.22 2.55 2.71 2.89 3.07 3.21 3.35 3.45 3.56 3.65 3.74 3.83 3.94 4.03 4.13 3.52 2.35 0.54 1.63 2.02 1.92 2.03 1.84 1.88 1.77 2.94 1.94 2.12 2.78 3.70 3.71 3.71 2.44 2.33 2.13 2.47 2.39 1.95 1.60 1.44 0.83 0.21 0.00 0.00 0.00
0.43 0.54 0.74 1.42 2.23 2.27 2.22 2.27 2.39 2.50 2.68 2.85 3.00 3.09 3.17 3.19 3.22 3.28 3.38 3.51 3.61 3.67 3.71 3.76 3.83 3.84 3.85 3.91 4.00 4.06 4.06 3.31 2.75 2.67 2.74 1.93 1.48 1.74 1.99 2.27 2.60 2.75 2.89 3.03 3.17 3.30 3.43 3.56 3.66 3.75 3.84 3.96 4.13 4.15 3.17 1.97 0.78 1.80 1.94 2.09 2.10 1.76 1.83 1.97 3.60 2.53 2.29 2.92 3.71 3.71 3.61 2.32 2.92 2.29 2.86 2.64 2.27 1.67 1.41 0.55 0.00 0.00 0.00 0.00
0.38 0.49 0.64 0.88 1.79 2.29 2.27 2.27 2.36 2.51 2.73 2.90 3.04 3.14 3.17 3.20 3.24 3.36 3.48 3.61 3.68 3.70 3.73 3.77 3.82 3.82 3.83 3.91 4.00 4.05 4.05 3.31 2.74 2.69 2.76 2.72 1.60 1.80 2.07 2.50 2.62 2.76 2.89 3.02 3.10 3.18 3.04 3.41 3.71 3.77 3.86 3.98 4.08 4.18 3.60 1.62 0.75 1.63 1.56 2.09 1.88 1.88 2.20 3.11 3.71 1.89 2.60 3.28 3.72 3.72 3.69 2.67 3.08 2.23 2.74 2.29 2.01 1.75 1.32 0.00 0.00 0.00 0.00 0.00
0.34 0.41 0.49 0.64 0.81 1.43 2.35 2.32 2.36 2.52 2.79 2.93 3.03 3.13 3.19 3.25 3.31 3.47 3.61 3.71 3.72 3.73 3.76 3.80 3.82 3.84 3.88 3.93 4.01 4.05 4.03 3.26 2.73 2.70 2.83 3.00 1.87 1.84 2.12 2.40 2.65 2.77 2.88 2.96 3.04 2.83 0.09 2.20 3.59 3.80 3.88 3.99 4.16 4.20 4.22 1.20 0.81 1.54 1.45 1.79 1.86 3.54 3.72 3.72 2.18 1.56 2.35 2.99 3.73 3.73 3.73 3.64 3.04 2.35 2.77 2.32 2.25 1.99 0.00 0.00 0.00 0.00 0.00 0.00
0.30 0.38 0.47 0.61 0.75 0.97 2.29 2.40 2.40 2.53 2.79 2.97 3.02 3.16 3.23 3.31 3.44 3.64 3.75 3.79 3.83 3.83 3.86 3.88 3.89 3.89 3.93 3.97 4.04 4.07 4.05 3.75 2.73 2.73 2.87 3.10 2.57 1.91 2.16 2.59 2.68 2.77 2.86 2.94 1.97 0.03 0.10 2.15 3.19 3.78 3.88 4.00 4.18 4.22 4.22 0.72 0.79 1.40 1.37 1.69 1.97 3.74 3.74 3.74 1.88 2.32 2.32 3.18 3.73 3.73 3.73 3.73 3.08 1.93 2.70 2.54 2.39 1.72 0.00 0.00 0.00 0.00 0.00 0.00
0.28 0.37 0.46 0.61 0.72 0.87 1.15 1.66 2.61 2.89 2.96 3.00 3.28 3.25 3.37 3.53 3.70 3.88 3.93 3.95 3.96 3.98 4.00 4.00 4.00 4.00 4.03 4.05 4.11 4.11 4.07 3.71 2.76 2.75 2.88 3.06 3.26 2.39 2.37 2.62 2.70 2.78 2.83 2.94 0.62 0.25 0.03 1.84 2.44 2.76 3.26 4.13 4.23 4.28 3.51 0.10 0.02 0.70 1.20 1.82 1.96 3.45 3.75 3.75 2.51 2.28 2.31 3.05 3.73 3.73 3.73 3.69 3.06 1.92 2.69 2.62 1.92 0.00 0.00 0.00 0.00 0.00 0.00 0.00
0.29 0.37 0.47 0.63 0.74 0.86 1.02 1.28 2.10 3.03 3.19 3.18 3.29 3.47 3.51 3.69 3.89 3.99 4.05 4.12 4.15 4.18 4.20 4.20 4.20 4.22 4.24 4.25 4.25 4.22 4.15 3.71 2.79 2.77 2.87 2.97 3.25 3.27 2.51 2.61 2.69 2.76 2.83 2.81 0.04 0.02 0.13 1.85 1.86 1.77 2.23 4.08 4.24 4.31 2.67 0.00 0.05 0.06 1.14 1.85 1.94 3.59 3.77 3.76 2.25 2.46 2.48 2.52 3.73 3.73 3.73 3.60 3.29 2.13 2.73 1.65 0.00 0.00 0.00 0.00 0.00 0.00 0.00 0.00
0.30 0.39 0.49 0.67 0.79 0.90 1.07 1.30 1.74 2.67 3.30 3.33 3.44 3.61 3.78 3.92 4.06 4.27 4.60 4.37 4.70 4.44 4.43 4.41 4.39 4.40 4.44 4.47 4.49 4.46 4.35 3.83 2.84 2.80 2.85 2.97 3.15 3.26 3.25 3.18 2.96 2.85 2.84 0.39 0.00 0.00 0.69 1.90 1.91 1.82 2.40 3.67 4.18 4.34 2.01 0.00 0.00 0.34 1.42 1.84 2.31 3.78 3.78 2.66 1.89 2.68 2.59 2.66 3.73 3.73 3.73 3.59 3.32 2.27 1.37 0.00 0.00 0.00 0.00 0.00 0.00 0.00 0.00 0.00
0.33 0.43 0.56 0.69 0.87 1.02 1.20 1.43 1.74 2.14 2.89 3.42 3.54 3.79 4.07 4.28 4.45 4.58 4.73 4.78 4.77 4.72 4.66 4.60 4.54 4.57 4.61 4.55 4.59 4.62 4.58 4.27 3.15 2.98 2.91 3.04 3.17 3.23 3.24 3.29 3.32 3.21 2.98 0.16 0.00 0.30 1.57 1.83 1.86 1.85 2.54 3.94 4.10 4.20 1.21 0.01 0.01 0.85 1.76 1.95 3.06 3.80 3.07 1.88 1.84 2.58 2.37 2.78 3.74 3.74 3.50 3.73 2.61 2.31 0.00 0.00 0.00 0.00 0.00 0.00 0.00 0.00 0.00 0.00
0.39 0.52 0.67 0.81 1.00 1.15 1.32 1.55 1.77 1.95 2.24 2.98 3.86 4.23 4.49 4.56 4.58 4.62 4.73 4.80 4.82 4.79 4.75 4.70 4.64 4.65 4.69 4.64 4.74 4.75 4.65 4.34 3.68 3.37 3.12 3.16 3.25 3.28 3.27 3.34 3.39 3.42 3.20 0.10 0.06 0.94 1.61 1.89 1.93 1.82 2.56 3.96 4.03 4.11 0.45 0.09 0.27 1.41 1.80 2.04 3.23 3.81 3.13 1.96 2.15 2.55 2.15 2.83 3.74 3.74 3.49 3.74 2.82 2.56 0.00 0.00 0.00 0.00 0.00 0.00 0.00 0.00 0.00 0.00
0.51 0.68 0.84 0.96 1.09 1.23 1.39 1.62 1.80 1.91 2.05 2.36 4.68 4.83 4.64 4.51 4.51 4.57 4.72 4.80 4.82 4.80 4.76 4.74 4.71 4.71 4.74 4.77 4.81 4.82 4.75 4.42 3.75 3.61 3.69 3.73 3.50 3.43 3.33 3.43 3.48 3.51 3.18 0.03 0.18 1.32 1.43 1.83 1.89 1.86 2.75 3.98 4.01 2.90 0.00 0.00 0.38 1.43 1.64 1.84 3.76 3.84 3.26 1.92 2.12 2.28 2.28 3.06 3.75 3.74 3.74 3.74 3.07 2.59 1.90 0.00 0.00 0.00 0.00 0.00 0.00 0.00 0.00 0.00
0.71 0.89 0.99 1.02 1.14 1.30 1.49 1.70 1.82 1.90 2.03 3.73 4.28 4.53 4.59 4.56 4.54 4.56 4.63 4.77 4.81 4.81 4.78 4.75 4.74 4.77 4.79 4.82 4.85 4.87 4.80 4.47 3.88 3.64 3.70 3.72 3.66 3.61 3.47 3.63 3.59 3.68 2.55 0.00 0.34 1.44 1.42 1.68 1.74 2.29 3.90 3.93 3.38 0.09 0.10 0.08 0.35 1.17 1.63 2.31 3.85 3.86 3.01 1.90 2.07 1.83 2.03 2.83 3.59 3.63 3.35 3.74 3.74 1.61 0.23 0.00 0.00 0.00 0.00 0.00 0.00 0.00 0.00 0.00
0.97 1.01 1.02 1.06 1.21 1.35 1.55 1.70 1.80 1.92 2.21 3.57 3.58 3.81 4.27 4.56 4.61 4.63 4.65 4.74 4.79 4.82 4.81 4.80 4.79 4.81 4.83 4.86 4.89 4.89 4.82 4.47 3.92 3.71 3.71 3.60 3.59 3.60 3.67 3.70 3.67 3.22 0.03 0.06 1.32 1.54 1.44 1.64 1.74 2.66 3.78 3.81 1.18 0.00 0.09 0.00 0.47 1.24 1.73 2.90 3.87 3.87 2.73 1.78 2.31 2.01 2.34 3.06 2.88 2.56 2.67 3.74 3.24 0.00 0.00 0.00 0.00 0.00 0.00 0.00 0.00 0.00 0.00 0.00
0.97 0.99 1.03 1.09 1.19 1.39 1.56 1.69 1.82 2.10 3.06 3.41 3.32 3.41 3.68 4.10 4.50 4.64 4.70 4.75 4.79 4.83 4.84 4.85 4.86 4.88 4.88 4.89 4.95 4.95 4.90 4.45 3.90 3.75 3.48 3.51 3.55 3.64 3.68 3.73 2.35 0.03 0.00 0.25 1.33 1.56 1.42 1.56 1.80 3.09 3.81 3.26 0.33 0.06 0.06 0.00 0.72 1.43 1.92 3.37 3.88 3.88 2.80 1.89 2.50 2.04 2.59 3.35 3.09 2.23 2.07 2.47 2.11 0.00 0.00 0.00 0.00 0.00 0.00 0.00 0.00 0.00 0.00 0.00
0.95 0.99 1.04 1.11 1.20 1.40 1.57 1.72 2.02 2.97 3.47 3.34 3.30 3.36 3.47 3.61 3.87 4.23 4.55 4.74 4.79 4.84 4.89 4.93 5.03 5.07 5.08 5.07 5.04 5.02 4.91 4.26 3.60 3.37 3.34 3.45 3.52 3.62 3.69 3.75 0.00 0.22 0.00 0.52 1.28 1.59 1.45 1.60 2.50 3.90 3.85 0.72 0.17 0.01 0.07 0.07 0.97 1.49 1.99 3.54 3.90 3.90 3.08 2.35 1.83 2.09 2.81 3.60 2.10 0.00 0.00 0.00 0.00 0.00 0.00 0.00 0.00 0.00 0.00 0.00 0.00 0.00 0.00 0.00
0.94 0.98 1.03 1.10 1.20 1.42 1.62 1.96 2.91 3.40 3.37 3.31 3.32 3.38 3.45 3.50 3.56 3.63 3.72 3.95 4.18 4.42 4.64 4.83 5.03 5.10 5.15 5.13 5.07 4.98 4.62 3.51 3.20 3.18 3.32 3.42 3.49 3.60 3.71 3.78 1.29 0.38 0.00 0.35 1.35 1.66 1.54 1.64 2.74 3.95 1.69 0.64 0.30 0.06 0.05 0.77 1.21 1.66 1.89 3.85 3.91 3.81 3.04 2.29 2.02 2.26 2.67 3.48 0.00 0.00 0.00 0.00 0.00 0.00 0.00 0.00 0.00 0.00 0.00 0.00 0.00 0.00 0.00 0.00
0.94 0.97 1.02 1.09 1.20 1.48 1.91 2.87 3.31 3.40 3.35 3.31 3.35 3.40 3.44 3.49 3.52 3.56 3.60 3.66 3.79 3.90 4.04 4.35 4.50 4.64 4.78 4.78 4.67 4.45 3.94 3.25 3.14 3.17 3.31 3.40 3.47 3.59 3.72 3.76 1.54 0.56 0.00 0.32 1.47 1.70 1.68 1.73 2.14 4.02 1.00 0.70 0.30 0.08 0.03 0.74 1.44 1.72 2.08 2.80 3.94 3.77 3.06 2.21 1.94 2.14 2.42 2.18 0.00 0.00 0.00 0.00 0.00 0.00 0.00 0.00 0.00 0.00 0.00 0.00 0.00 0.00 0.00 0.00
0.95 0.97 1.01 1.10 1.25 2.25 3.06 3.20 3.30 3.38 3.37 3.31 3.36 3.40 3.43 3.47 3.50 3.52 3.55 3.59 3.69 3.78 3.89 4.10 4.20 4.29 4.36 4.43 4.40 4.27 3.78 3.22 3.13 3.16 3.28 3.38 3.50 3.61 3.66 1.24 0.86 0.40 0.14 0.79 1.67 1.83 1.78 1.81 2.18 4.06 0.91 0.70 0.11 0.09 0.08 0.11 1.29 1.75 1.27 2.70 3.96 3.22 2.81 1.96 2.13 2.05 1.95 0.00 0.00 0.00 0.00 0.00 0.00 0.00 0.00 0.00 0.00 0.00 0.00 0.00 0.00 0.00 0.00 0.00
0.98 0.99 1.02 1.14 1.49 2.70 3.10 3.17 3.29 3.36 3.34 3.31 3.36 3.39 3.42 3.44 3.47 3.49 3.52 3.56 3.65 3.73 3.82 4.04 4.13 4.23 4.30 4.39 4.38 4.26 3.77 3.22 3.12 3.14 3.17 3.33 3.39 3.58 1.97 0.20 0.72 0.30 0.31 1.03 1.84 1.95 1.89 1.92 2.35 4.10 0.92 0.70 0.11 0.12 0.06 0.07 1.38 1.49 1.11 3.28 3.99 3.09 1.93 1.94 1.85 1.21 0.00 0.00 0.00 0.00 0.00 0.00 0.00 0.00 0.00 0.00 0.00 0.00 0.00 0.00 0.00 0.00 0.00 0.00
0.98 0.99 1.07 1.31 2.48 3.08 3.03 3.12 3.27 3.33 3.29 3.31 3.34 3.39 3.40 3.42 3.44 3.47 3.51 3.55 3.63 3.70 3.78 3.88 4.10 4.20 4.25 4.32 4.31 4.24 3.76 3.21 3.11 3.13 3.19 3.32 3.38 3.65 3.55 1.24 0.40 0.38 0.40 1.53 2.03 2.13 2.05 2.12 2.79 4.16 0.95 0.77 0.09 0.13 0.05 0.35 1.06 1.01 1.45 3.58 4.02 2.75 1.82 2.26 2.84 0.00 0.00 0.00 0.00 0.00 0.00 0.00 0.00 0.00 0.00 0.00 0.00 0.00 0.00 0.00 0.00 0.00 0.00 0.00
0.97 1.03 1.20 2.19 3.09 3.08 2.97 3.10 3.25 3.28 3.28 3.31 3.34 3.38 3.39 3.40 3.42 3.45 3.49 3.54 3.62 3.68 3.74 3.83 4.03 4.13 4.20 4.25 4.24 4.17 3.65 3.19 3.12 3.16 3.20 3.32 3.39 3.76 3.91 3.80 0.53 0.34 0.50 1.85 2.20 2.63 2.38 2.17 3.32 4.21 0.98 0.89 0.14 0.15 0.10 0.63 0.97 1.61 2.04 3.77 4.07 2.88 1.87 2.55 2.22 0.00 0.00 0.00 0.00 0.00 0.00 0.00 0.00 0.00 0.00 0.00 0.00 0.00 0.00 0.00 0.00 0.00 0.00 0.00
