tsunami_inundation/3360.asc
ncols        89
nrows        96
xllcorner    425855.973699999973
yllcorner    5091051.504999999888
cellsize     55.000000000000
NODATA_value  -9999.00
[rows 0 to 36 of 96, columns 0 to 83 of 89]
-9999.00 1.33 1.37 1.41 1.42 1.44 1.48 1.52 1.56 1.59 1.63 1.67 1.71 1.76 1.82 1.87 1.92 2.02 2.07 2.12 2.17 2.23 2.26 2.29 2.32 2.36 2.38 2.38 2.42 2.43 2.35 -0.61 -1.14 -1.14 -0.95 -0.70 -0.56 -0.42 -0.26 0.17 0.91 0.08 0.02 0.33 0.29 0.00 0.02 0.03 0.04 1.65 3.49 3.80 3.82 3.83 3.83 3.81 3.77 3.77 3.77 1.89 2.53 2.49 2.02 1.44 0.01 0.00 0.10 1.33 2.23 2.44 1.84 1.78 1.32 1.68 1.35 0.00 0.00 0.00 0.00 0.00 0.00 0.00 0.00 0.00
-9999.00 1.21 1.27 1.36 1.40 1.43 1.47 1.48 1.52 1.55 1.60 1.65 1.70 1.74 1.81 1.86 1.97 2.02 2.07 2.12 2.16 2.22 2.25 2.28 2.32 2.35 2.37 2.38 2.46 2.49 2.53 0.21 -1.21 -1.18 -0.92 -0.64 -0.48 -0.35 -0.22 0.06 0.90 0.07 0.02 0.07 0.32 0.19 0.06 0.03 1.92 3.38 3.76 3.79 3.81 3.82 3.83 3.82 3.78 3.78 3.78 1.94 2.57 2.71 2.39 1.47 0.03 0.01 0.11 1.64 2.37 2.50 1.98 1.36 1.37 1.56 1.43 0.00 0.00 0.00 0.00 0.00 0.00 0.00 0.00 0.00
-9999.00 1.14 1.24 1.30 1.36 1.41 1.45 1.50 1.53 1.56 1.61 1.64 1.69 1.74 1.81 1.92 1.98 2.03 2.07 2.12 2.16 2.21 2.24 2.28 2.32 2.35 2.37 2.39 2.42 2.50 2.54 1.58 -1.19 -1.17 -0.86 -0.65 -0.39 -0.25 -0.15 0.01 0.77 0.00 0.00 0.01 0.11 0.30 0.20 1.58 3.17 3.71 3.76 3.78 3.81 3.82 3.83 3.80 3.79 3.78 3.58 2.28 2.48 2.85 2.68 1.43 0.39 0.01 0.29 1.71 2.13 2.60 2.19 0.93 1.00 1.34 0.00 0.00 0.00 0.00 0.00 0.00 0.00 0.00 0.00 0.00
-9999.00 1.08 1.18 1.24 1.30 1.37 1.42 1.50 1.54 1.58 1.62 1.67 1.72 1.77 1.82 1.88 1.99 2.04 2.09 2.14 2.17 2.21 2.25 2.29 2.34 2.39 2.54 2.58 2.68 2.64 2.59 2.45 -0.85 -1.12 -0.80 -0.60 -0.34 -0.20 -0.10 0.04 0.47 0.19 0.00 0.02 0.01 0.08 0.22 2.51 3.59 3.71 3.76 3.79 3.82 3.83 3.83 3.80 3.79 3.78 3.67 2.74 2.57 2.86 2.65 1.43 0.40 0.47 1.21 2.07 2.47 2.72 2.35 1.15 1.14 1.03 0.00 0.00 0.00 0.00 0.00 0.00 0.00 0.00 0.00 0.00
-9999.00 1.04 1.13 1.20 1.27 1.33 1.39 1.48 1.53 1.58 1.63 1.68 1.73 1.78 1.84 1.99 2.05 2.11 2.19 2.19 2.44 2.37 2.47 2.60 2.71 2.79 2.84 2.88 2.92 2.91 2.86 2.75 0.53 -1.05 -0.75 -0.55 -0.28 -0.15 -0.05 0.07 0.45 0.49 0.01 0.01 0.01 0.01 1.39 3.09 3.71 3.75 3.79 3.82 3.84 3.85 3.83 3.81 3.79 3.78 3.78 3.25 2.79 3.25 2.56 1.47 0.25 0.46 1.21 1.80 2.43 2.80 2.46 1.19 1.26 0.25 0.00 0.00 0.00 0.00 0.00 0.00 0.00 0.00 0.00 0.00
-9999.00 1.02 1.11 1.17 1.24 1.30 1.36 1.43 1.49 1.54 1.59 1.65 1.70 1.76 1.83 2.00 2.08 2.20 2.35 2.49 2.58 2.63 2.70 2.75 2.73 2.75 2.79 2.89 2.96 2.97 2.99 2.98 2.60 -0.90 -0.69 -0.50 -0.22 -0.09 0.01 0.12 0.43 0.41 0.03 0.02 0.02 0.01 1.81 3.48 3.75 3.79 3.83 3.86 3.87 3.87 3.84 3.83 3.81 3.79 3.78 3.76 3.75 3.67 3.30 2.37 0.39 0.44 1.32 1.92 2.55 2.92 2.56 1.25 1.24 0.00 0.00 0.00 0.00 0.00 0.00 0.00 0.00 0.00 0.00 0.00
-9999.00 1.06 1.10 1.15 1.19 1.24 1.30 1.36 1.46 1.53 1.59 1.64 1.70 1.77 1.84 2.05 2.18 2.31 2.42 2.49 2.53 2.55 2.57 2.58 2.61 2.65 2.72 2.84 2.94 2.98 3.03 3.06 3.01 0.52 -0.63 -0.41 -0.11 0.03 0.11 0.19 0.49 0.09 0.03 0.03 0.04 0.00 1.26 3.08 3.77 3.79 3.82 3.85 3.86 3.86 3.85 3.83 3.81 3.80 3.76 3.74 3.73 3.73 3.57 3.25 1.95 0.57 1.42 1.99 2.54 2.99 2.70 1.47 1.29 0.00 0.00 0.00 0.00 0.00 0.00 0.00 0.00 0.00 0.00 0.00
-9999.00 1.07 1.09 1.12 1.16 1.20 1.25 1.32 1.44 1.53 1.60 1.68 1.75 1.82 1.90 2.12 2.22 2.31 2.39 2.41 2.41 2.42 2.49 2.54 2.58 2.64 2.71 2.80 2.93 3.00 3.08 3.14 3.15 3.04 -0.21 -0.05 0.16 0.45 0.52 0.59 0.89 1.15 0.07 0.04 0.07 0.08 1.48 3.00 3.73 3.75 3.79 3.83 3.84 3.84 3.83 3.82 3.81 3.80 2.47 2.75 3.71 3.72 3.73 3.72 3.72 2.57 1.45 2.06 2.61 3.06 2.90 2.07 1.96 0.00 0.00 0.00 0.00 0.00 0.00 0.00 0.00 0.00 0.00 0.00
-9999.00 1.07 1.08 1.10 1.13 1.17 1.23 1.31 1.45 1.55 1.64 1.73 1.82 1.90 1.97 2.13 2.22 2.28 2.30 2.31 2.35 2.40 2.50 2.55 2.61 2.66 2.73 2.88 2.93 3.00 3.08 3.16 3.16 3.11 2.74 0.16 0.39 0.60 0.70 0.80 0.96 0.03 0.11 0.00 0.02 0.63 1.95 3.18 3.69 3.72 3.76 3.80 3.81 3.82 3.82 3.82 3.81 3.80 1.52 1.31 2.30 3.72 3.73 3.72 3.71 3.69 1.70 2.17 2.51 3.12 3.19 2.76 2.50 0.00 0.00 0.00 0.00 0.00 0.00 0.00 0.00 0.00 0.00 0.00
-9999.00 1.06 1.07 1.09 1.12 1.16 1.23 1.32 1.49 1.59 1.69 1.79 1.87 1.94 1.98 2.15 2.21 2.26 2.28 2.32 2.38 2.45 2.50 2.57 2.61 2.66 2.74 2.81 2.91 3.00 3.08 3.16 3.18 3.14 3.07 0.75 0.43 0.66 0.78 0.91 1.13 0.59 0.05 0.01 0.35 1.34 2.82 3.61 3.66 3.69 3.73 3.77 3.79 3.80 3.82 3.82 3.81 2.45 1.01 1.37 1.77 2.28 2.03 2.13 3.63 3.67 2.11 2.08 2.70 3.21 3.09 2.70 2.45 0.00 0.00 0.00 0.00 0.00 0.00 0.00 0.00 0.00 0.00 0.00
-9999.00 1.04 1.06 1.09 1.13 1.19 1.28 1.38 1.54 1.64 1.73 1.81 1.86 1.91 1.97 2.21 2.26 2.29 2.33 2.37 2.42 2.47 2.51 2.57 2.61 2.68 2.75 2.82 2.90 2.96 3.08 3.16 3.18 3.18 3.17 1.80 0.49 0.72 0.87 1.04 1.25 2.35 2.45 1.66 1.17 2.60 3.48 3.58 3.63 3.68 3.71 3.74 3.78 3.79 3.82 3.82 2.91 1.28 1.26 1.76 1.84 1.90 1.80 1.73 3.21 3.64 2.55 2.23 2.80 3.28 3.26 2.71 2.75 1.20 0.00 0.00 0.00 0.00 0.00 0.00 0.00 0.00 0.00 0.00
-9999.00 1.01 1.07 1.11 1.20 1.29 1.39 1.48 1.57 1.68 1.74 1.79 1.84 1.91 2.13 2.27 2.32 2.35 2.38 2.42 2.45 2.49 2.52 2.57 2.62 2.69 2.77 2.87 2.91 2.97 3.09 3.15 3.17 3.18 3.19 2.75 0.62 0.69 0.98 1.16 1.36 2.41 2.69 2.91 3.18 3.34 3.42 3.51 3.58 3.66 3.71 3.74 3.78 3.81 3.82 3.83 2.40 0.95 0.91 1.81 1.90 2.08 1.95 1.87 2.89 3.63 2.99 2.60 3.05 3.35 3.19 2.64 2.86 2.50 1.21 0.00 0.00 0.00 0.00 0.00 0.00 0.00 0.00 0.00
0.98 1.03 1.09 1.16 1.26 1.36 1.46 1.54 1.61 1.69 1.74 1.79 1.85 2.09 2.22 2.34 2.38 2.41 2.44 2.47 2.51 2.54 2.56 2.60 2.66 2.73 2.80 2.89 2.94 3.00 3.11 3.16 3.17 3.20 3.21 3.12 1.28 0.77 1.14 1.36 1.95 2.42 2.69 2.92 3.18 3.31 3.39 3.47 3.56 3.65 3.71 3.75 3.78 3.81 3.83 3.78 1.54 0.85 1.03 1.75 1.84 1.86 1.81 1.75 2.57 3.63 2.20 2.44 2.95 3.42 3.28 2.54 2.65 2.48 2.72 1.61 0.00 0.00 0.00 0.00 0.00 0.00 0.00 0.00
0.98 1.04 1.11 1.21 1.32 1.43 1.52 1.58 1.63 1.71 1.76 1.82 1.92 2.06 2.33 2.40 2.45 2.48 2.52 2.57 2.60 2.62 2.63 2.68 2.73 2.79 2.85 2.93 3.00 3.07 3.16 3.18 3.19 3.24 3.26 3.16 1.96 0.91 1.25 1.66 1.90 2.36 2.67 2.90 3.09 3.27 3.37 3.44 3.55 3.66 3.73 3.76 3.79 3.82 3.83 2.77 1.23 0.78 1.63 1.79 1.89 1.78 1.73 1.81 2.46 3.65 2.13 1.97 2.68 3.70 3.20 2.58 2.50 2.51 2.78 2.68 2.39 1.73 0.00 0.00 0.00 0.00 0.00 0.00
0.99 1.07 1.14 1.25 1.37 1.48 1.56 1.61 1.67 1.76 1.82 1.91 2.04 2.36 2.44 2.47 2.53 2.59 2.65 2.70 2.74 2.76 2.85 2.87 2.92 2.96 2.98 3.02 3.07 3.13 3.19 3.19 3.19 3.24 3.27 3.20 2.34 1.17 1.35 1.74 1.96 2.27 2.61 2.87 3.05 3.22 3.34 3.44 3.56 3.67 3.74 3.78 3.82 3.83 3.84 2.11 0.90 0.95 1.71 1.81 1.81 1.85 2.13 1.79 2.48 3.69 1.79 2.41 2.80 3.71 3.02 2.49 2.45 2.37 2.57 2.42 2.08 1.77 1.58 0.04 0.00 0.00 0.00 0.00
1.01 1.07 1.20 1.31 1.44 1.54 1.60 1.66 1.73 1.84 1.93 2.06 2.24 2.50 2.53 2.59 2.71 2.81 2.90 2.98 3.04 3.07 3.09 3.11 3.15 3.17 3.18 3.18 3.21 3.24 3.26 3.21 3.20 3.25 3.28 3.22 2.39 1.56 1.42 1.65 2.01 2.23 2.55 2.83 3.01 3.18 3.32 3.46 3.57 3.67 3.74 3.78 3.80 3.85 3.76 2.15 0.17 1.15 1.74 1.80 1.75 1.89 1.81 1.65 2.63 1.97 2.20 3.00 3.72 3.72 3.32 2.40 2.28 2.28 2.44 2.40 1.95 1.57 1.71 0.46 0.14 0.00 0.00 0.00
1.06 1.11 1.27 1.40 1.52 1.61 1.67 1.74 1.83 1.99 2.18 2.35 2.49 2.62 2.68 2.78 2.94 3.05 3.14 3.22 3.27 3.31 3.33 3.35 3.38 3.39 3.39 3.41 3.43 3.44 3.40 3.27 3.23 3.26 3.30 3.23 2.35 1.94 1.41 1.72 2.06 2.27 2.51 2.77 2.96 3.13 3.26 3.44 3.57 3.67 3.74 3.80 3.84 3.87 3.25 2.09 0.36 1.58 1.98 1.96 2.21 2.02 1.98 1.81 2.97 1.96 2.14 2.80 3.73 3.73 3.73 2.45 2.34 2.13 2.47 2.39 1.95 1.59 1.43 0.83 0.22 0.00 0.00 0.00
1.12 1.18 1.46 1.60 1.70 1.76 1.84 1.92 2.00 2.09 2.32 2.48 2.61 2.73 3.01 3.10 3.20 3.26 3.30 3.34 3.38 3.42 3.45 3.48 3.50 3.49 3.49 3.53 3.57 3.60 3.58 3.42 3.31 3.30 3.31 3.18 2.38 2.26 1.54 1.78 2.12 2.29 2.47 2.66 2.82 3.00 3.22 3.43 3.59 3.70 3.76 3.83 3.89 3.90 2.92 1.72 0.64 1.74 1.92 2.15 2.26 1.92 1.90 2.01 3.63 2.55 2.30 2.94 3.73 3.73 3.63 2.33 2.93 2.30 2.87 2.65 2.28 1.67 1.41 0.54 0.00 0.00 0.00 0.00
1.42 1.39 1.64 1.78 1.84 1.87 1.92 1.98 2.06 2.20 2.49 2.69 2.90 3.17 3.20 3.23 3.27 3.32 3.35 3.37 3.41 3.45 3.51 3.55 3.59 3.58 3.58 3.62 3.66 3.67 3.66 3.58 3.50 3.52 3.38 2.84 2.37 2.61 2.11 2.00 2.14 2.29 2.44 2.61 2.70 2.79 2.75 3.27 3.67 3.75 3.80 3.85 3.88 3.92 3.34 1.38 0.61 1.56 1.54 2.16 2.02 2.00 2.26 3.14 3.73 1.90 2.61 3.29 3.73 3.74 3.70 2.68 3.10 2.25 2.76 2.31 2.04 1.78 1.34 0.00 0.00 0.00 0.00 0.00
1.59 1.81 1.91 1.93 1.94 1.97 1.97 2.04 2.18 2.42 2.81 3.03 3.16 3.20 3.21 3.24 3.28 3.34 3.37 3.39 3.43 3.48 3.55 3.61 3.65 3.67 3.72 3.75 3.76 3.74 3.72 3.71 3.77 3.78 3.59 2.52 2.26 2.60 2.68 2.03 2.18 2.30 2.41 2.51 2.60 2.40 0.00 2.11 3.58 3.80 3.85 3.87 3.93 3.95 3.97 0.95 0.74 1.49 1.45 1.89 1.99 3.62 3.77 3.75 2.20 1.58 2.36 3.00 3.74 3.74 3.75 3.66 3.05 2.37 2.79 2.35 2.28 2.02 0.00 0.00 0.00 0.00 0.00 0.00
1.70 1.89 1.97 1.95 1.97 2.04 2.03 2.19 2.49 2.83 3.07 3.13 3.17 3.17 3.19 3.24 3.30 3.36 3.39 3.42 3.46 3.51 3.57 3.63 3.68 3.74 3.80 3.82 3.83 3.81 3.78 3.77 3.87 3.97 3.88 2.34 2.19 2.50 2.68 2.49 2.45 2.40 2.41 2.47 1.49 0.00 0.07 2.03 3.18 3.82 3.90 3.91 3.97 3.99 3.99 0.51 0.72 1.40 1.44 1.81 2.09 3.78 3.77 3.76 1.89 2.33 2.33 3.19 3.74 3.74 3.75 3.75 3.10 1.96 2.73 2.57 2.43 1.76 0.00 0.00 0.00 0.00 0.00 0.00
1.77 1.90 1.98 1.99 2.04 2.23 2.68 3.15 3.08 3.04 3.05 3.13 3.17 3.16 3.20 3.26 3.31 3.38 3.41 3.45 3.49 3.53 3.58 3.63 3.68 3.81 3.85 3.87 3.87 3.85 3.84 3.85 3.96 4.08 4.10 2.39 2.24 2.49 2.63 2.62 2.64 2.68 2.55 2.51 0.43 0.23 0.02 1.66 2.40 2.81 3.33 4.01 4.03 4.05 3.28 0.08 0.02 0.79 1.30 1.91 2.02 3.48 3.77 3.76 2.53 2.29 2.32 3.06 3.74 3.75 3.75 3.71 3.08 1.94 2.72 2.67 1.97 0.00 0.00 0.00 0.00 0.00 0.00 0.00
1.95 1.90 1.93 2.09 2.46 3.09 3.24 3.14 3.03 3.03 3.07 3.17 3.20 3.24 3.23 3.28 3.34 3.39 3.43 3.48 3.52 3.57 3.61 3.64 3.69 3.84 3.89 3.91 3.90 3.87 3.87 3.91 4.04 4.13 4.15 2.75 2.40 2.54 2.66 2.66 2.65 2.69 2.77 2.65 0.03 0.02 0.02 1.67 1.71 1.84 2.42 4.08 4.08 4.09 2.47 0.00 0.05 0.12 1.20 1.89 1.97 3.60 3.78 3.77 2.26 2.47 2.48 2.53 3.74 3.75 3.75 3.63 3.32 2.16 2.77 1.69 0.00 0.00 0.00 0.00 0.00 0.00 0.00 0.00
2.00 1.95 1.94 2.43 3.19 3.33 3.20 3.05 3.03 3.06 3.13 3.22 3.26 3.27 3.30 3.33 3.36 3.40 3.47 3.51 3.59 3.61 3.65 3.68 3.71 3.86 3.92 3.94 3.93 3.90 3.89 3.93 4.06 4.15 4.12 3.06 2.71 2.77 2.87 2.77 2.78 2.89 2.97 0.53 0.00 0.00 0.53 1.74 1.78 1.85 2.62 3.89 4.13 4.13 1.73 0.00 0.00 0.37 1.44 1.86 2.32 3.79 3.79 2.67 1.89 2.68 2.60 2.67 3.75 3.75 3.75 3.62 3.35 2.30 1.41 0.00 0.00 0.00 0.00 0.00 0.00 0.00 0.00 0.00
1.89 2.04 2.13 2.71 3.41 3.29 3.07 3.04 3.08 3.14 3.17 3.24 3.29 3.30 3.32 3.34 3.37 3.41 3.49 3.55 3.61 3.66 3.70 3.75 3.79 3.86 3.98 3.96 3.95 3.92 3.91 3.96 4.08 4.14 4.11 3.22 2.82 2.87 2.93 2.90 2.95 2.99 3.06 0.28 0.00 0.33 1.50 1.72 1.75 1.84 2.79 4.20 4.18 4.18 0.96 0.00 0.00 0.86 1.77 1.96 3.07 3.81 3.08 1.88 1.84 2.58 2.37 2.79 3.75 3.75 3.52 3.76 2.64 2.34 0.00 0.00 0.00 0.00 0.00 0.00 0.00 0.00 0.00 0.00
1.31 2.19 2.86 3.34 3.29 3.13 3.07 3.08 3.12 3.15 3.18 3.22 3.31 3.31 3.32 3.34 3.37 3.41 3.49 3.55 3.60 3.64 3.69 3.74 3.88 3.97 3.99 3.99 4.00 4.01 3.97 3.98 4.04 4.12 4.12 3.45 2.90 2.89 2.95 3.03 3.07 3.08 2.98 0.04 0.04 1.03 1.58 1.81 1.83 1.77 2.76 4.23 4.21 4.21 0.50 0.08 0.28 1.42 1.81 2.05 3.24 3.82 3.13 1.97 2.15 2.55 2.15 2.84 3.75 3.75 3.51 3.76 2.84 2.59 0.00 0.00 0.00 0.00 0.00 0.00 0.00 0.00 0.00 0.00
1.01 2.25 3.53 3.56 3.10 3.04 3.09 3.11 3.11 3.12 3.16 3.22 3.31 3.31 3.31 3.33 3.36 3.41 3.49 3.53 3.58 3.62 3.66 3.72 3.80 3.97 4.00 4.01 4.02 4.05 4.07 4.09 4.05 4.10 4.08 3.68 2.98 2.93 3.02 3.09 3.12 3.16 2.77 0.03 0.17 1.43 1.50 1.80 1.83 1.79 2.82 4.22 4.25 3.03 0.06 0.00 0.39 1.44 1.66 1.85 3.76 3.85 3.26 1.92 2.12 2.28 2.29 3.07 3.76 3.76 3.76 3.76 3.09 2.62 1.94 0.00 0.00 0.00 0.00 0.00 0.00 0.00 0.00 0.00
1.40 2.48 3.32 3.47 3.13 3.04 3.02 3.05 3.08 3.09 3.12 3.28 3.31 3.30 3.31 3.33 3.36 3.41 3.46 3.52 3.56 3.59 3.64 3.70 3.86 3.95 3.98 4.00 4.03 4.08 4.12 4.16 4.16 4.12 4.09 3.67 3.08 3.03 3.08 3.15 3.16 3.21 1.90 0.00 0.32 1.52 1.52 1.81 1.87 2.45 4.11 4.19 3.69 0.33 0.10 0.07 0.36 1.18 1.64 2.32 3.86 3.86 3.01 1.90 2.08 1.83 2.03 2.84 3.60 3.64 3.36 3.76 3.76 1.64 0.27 0.00 0.00 0.00 0.00 0.00 0.00 0.00 0.00 0.00
2.10 2.20 2.37 2.90 3.29 3.16 3.02 3.00 3.02 3.07 3.12 3.26 3.30 3.31 3.31 3.33 3.37 3.41 3.45 3.50 3.54 3.57 3.62 3.68 3.75 3.88 3.95 3.99 4.03 4.08 4.14 4.20 4.21 4.16 4.11 3.57 3.12 3.08 3.11 3.14 3.20 2.74 0.03 0.04 1.26 1.50 1.42 1.68 1.94 2.87 4.00 4.11 1.64 0.00 0.09 0.00 0.48 1.25 1.74 2.91 3.88 3.88 2.73 1.78 2.32 2.02 2.35 3.07 2.90 2.58 2.69 3.76 3.26 0.00 0.00 0.00 0.00 0.00 0.00 0.00 0.00 0.00 0.00 0.00
2.07 2.08 2.16 2.35 2.81 3.22 3.14 3.03 3.00 3.02 3.09 3.24 3.28 3.31 3.33 3.34 3.37 3.41 3.44 3.48 3.52 3.56 3.61 3.67 3.73 3.84 3.92 3.97 4.02 4.07 4.14 4.22 4.29 4.30 4.15 3.51 3.11 3.06 3.08 3.14 1.74 0.01 0.00 0.20 1.26 1.50 1.35 1.49 1.85 3.27 3.99 3.54 0.57 0.04 0.06 0.00 0.73 1.44 1.93 3.37 3.89 3.89 2.81 1.90 2.51 2.05 2.61 3.36 3.10 2.24 2.08 2.49 2.13 0.00 0.00 0.00 0.00 0.00 0.00 0.00 0.00 0.00 0.00 0.00
1.98 2.04 2.07 2.11 2.25 2.97 3.18 3.13 3.05 3.02 3.10 3.17 3.26 3.31 3.34 3.36 3.38 3.40 3.42 3.47 3.51 3.56 3.62 3.67 3.75 3.79 3.88 3.95 4.01 4.07 4.14 4.22 4.32 4.37 4.20 3.44 3.06 2.98 3.05 3.11 0.01 0.18 0.00 0.46 1.22 1.54 1.40 1.54 2.45 3.88 3.95 0.71 0.20 0.01 0.06 0.07 0.98 1.50 2.00 3.54 3.90 3.90 3.09 2.36 1.85 2.11 2.83 3.61 2.11 0.00 0.00 0.00 0.00 0.00 0.00 0.00 0.00 0.00 0.00 0.00 0.00 0.00 0.00 0.00
1.93 2.01 2.01 1.99 2.02 2.34 2.84 3.15 3.15 3.09 3.06 3.10 3.22 3.30 3.35 3.39 3.40 3.41 3.42 3.46 3.50 3.56 3.62 3.66 3.73 3.77 3.86 3.93 4.01 4.08 4.16 4.24 4.34 4.42 4.29 3.26 2.89 2.91 3.03 3.08 0.54 0.22 0.00 0.30 1.31 1.62 1.50 1.59 2.70 3.91 1.65 0.61 0.27 0.04 0.04 0.77 1.22 1.67 1.90 3.85 3.92 3.82 3.05 2.30 2.03 2.28 2.70 3.51 0.00 0.00 0.00 0.00 0.00 0.00 0.00 0.00 0.00 0.00 0.00 0.00 0.00 0.00 0.00 0.00
1.91 1.96 1.94 1.92 1.93 2.04 2.24 2.66 3.08 3.15 3.13 3.11 3.15 3.22 3.31 3.38 3.41 3.42 3.43 3.45 3.51 3.56 3.61 3.68 3.72 3.76 3.84 3.92 4.01 4.10 4.17 4.24 4.34 4.47 4.26 2.90 2.75 2.88 3.02 3.03 0.78 0.26 0.00 0.30 1.45 1.69 1.68 1.73 2.13 4.01 0.99 0.68 0.27 0.06 0.02 0.74 1.45 1.72 2.09 2.81 3.95 3.78 3.07 2.22 1.96 2.16 2.45 2.19 0.00 0.00 0.00 0.00 0.00 0.00 0.00 0.00 0.00 0.00 0.00 0.00 0.00 0.00 0.00 0.00
1.89 1.90 1.88 1.86 1.87 1.93 1.99 2.08 2.22 2.53 2.94 3.16 3.17 3.20 3.25 3.31 3.37 3.41 3.45 3.48 3.53 3.57 3.60 3.66 3.70 3.74 3.80 3.91 4.00 4.10 4.18 4.26 4.37 4.48 3.65 2.71 2.74 2.86 2.98 0.57 0.65 0.21 0.13 0.79 1.68 1.84 1.80 1.84 2.21 4.08 0.91 0.68 0.09 0.08 0.07 0.11 1.30 1.76 1.27 2.70 3.97 3.23 2.82 1.98 2.15 2.08 1.97 0.00 0.00 0.00 0.00 0.00 0.00 0.00 0.00 0.00 0.00 0.00 0.00 0.00 0.00 0.00 0.00 0.00
1.83 1.83 1.82 1.82 1.84 1.88 1.95 2.00 2.06 2.15 2.32 3.00 3.19 3.22 3.24 3.28 3.33 3.39 3.45 3.50 3.57 3.59 3.61 3.65 3.69 3.73 3.79 3.91 4.00 4.11 4.22 4.31 4.39 4.23 3.51 2.64 2.63 2.88 1.28 0.05 0.51 0.15 0.27 1.03 1.85 1.96 1.92 1.97 2.40 4.15 0.93 0.69 0.08 0.11 0.05 0.07 1.38 1.49 1.11 3.29 3.99 3.10 1.94 1.96 1.87 1.23 0.00 0.00 0.00 0.00 0.00 0.00 0.00 0.00 0.00 0.00 0.00 0.00 0.00 0.00 0.00 0.00 0.00 0.00
1.79 1.81 1.79 1.80 1.82 1.86 1.92 1.96 2.00 2.06 2.24 2.42 2.70 3.10 3.20 3.25 3.32 3.38 3.45 3.53 3.61 3.63 3.65 3.66 3.71 3.76 3.84 3.94 4.02 4.11 4.20 4.21 4.01 3.76 3.32 2.60 2.60 2.88 2.67 0.36 0.17 0.21 0.32 1.52 2.03 2.15 2.08 2.17 2.84 4.22 0.99 0.77 0.06 0.11 0.04 0.35 1.06 1.01 1.46 3.59 4.03 2.76 1.83 2.27 2.85 0.00 0.00 0.00 0.00 0.00 0.00 0.00 0.00 0.00 0.00 0.00 0.00 0.00 0.00 0.00 0.00 0.00 0.00 0.00
1.77 1.78 1.77 1.78 1.81 1.84 1.89 1.92 1.96 2.02 2.15 2.24 2.32 2.55 2.77 3.00 3.19 3.32 3.43 3.53 3.59 3.63 3.65 3.68 3.74 3.78 3.83 3.90 3.95 3.96 3.90 3.78 3.70 3.63 3.21 2.56 2.59 2.92 3.01 2.84 0.02 0.22 0.40 1.82 2.19 2.64 2.40 2.20 3.36 4.26 1.04 0.90 0.12 0.13 0.09 0.63 0.97 1.62 2.04 3.78 4.08 2.89 1.88 2.56 2.23 0.00 0.00 0.00 0.00 0.00 0.00 0.00 0.00 0.00 0.00 0.00 0.00 0.00 0.00 0.00 0.00 0.00 0.00 0.00
