tsunami_inundation/3360.asc
ncols        89
nrows        96
xllcorner    425855.973699999973
yllcorner    5091051.504999999888
cellsize     55.000000000000
NODATA_value  -9999.00
[rows 37 to 73 of 96, columns 0 to 83 of 89]
1.69 1.74 1.76 1.78 1.80 1.82 1.87 1.90 1.94 2.05 2.11 2.17 2.24 2.30 2.36 2.43 2.52 2.64 2.78 2.94 3.07 3.25 3.42 3.49 3.53 3.56 3.58 3.57 3.57 3.56 3.58 3.62 3.62 3.56 3.01 2.52 2.58 2.94 3.07 3.15 0.21 0.24 0.53 1.84 2.24 2.85 2.75 2.36 4.18 4.30 1.11 0.95 0.08 0.06 0.22 0.47 1.03 1.89 2.02 4.03 4.11 3.47 3.04 2.76 1.45 0.00 0.00 0.00 0.00 0.00 0.00 0.00 0.00 0.00 0.00 0.00 0.00 0.00 0.00 0.00 0.00 0.00 0.00 0.00
1.63 1.71 1.75 1.73 1.75 1.81 1.83 1.89 1.93 2.03 2.08 2.12 2.18 2.27 2.32 2.38 2.44 2.51 2.58 2.64 2.71 2.82 2.98 3.05 3.11 3.16 3.21 3.26 3.36 3.43 3.52 3.58 3.58 3.49 2.78 2.54 2.80 2.99 3.07 2.06 0.01 0.21 0.64 1.89 2.31 2.67 2.36 2.77 4.37 1.44 1.16 0.87 0.07 0.07 0.24 0.28 1.45 2.05 2.22 4.14 4.14 3.72 3.33 2.42 1.98 0.00 0.00 0.00 0.00 0.00 0.00 0.00 0.00 0.00 0.00 0.00 0.00 0.00 0.00 0.00 0.00 0.00 0.00 0.00
1.59 1.67 1.70 1.71 1.73 1.77 1.82 1.89 1.93 2.01 2.04 2.10 2.15 2.24 2.31 2.37 2.43 2.48 2.52 2.56 2.62 2.72 2.87 2.95 3.01 3.07 3.13 3.19 3.32 3.40 3.49 3.54 3.54 3.41 2.61 2.48 2.82 2.99 3.05 1.01 0.00 0.22 1.06 1.95 2.21 2.54 2.42 3.80 4.37 1.44 1.20 0.89 0.10 0.12 0.28 0.43 1.59 2.03 2.56 4.15 4.16 3.75 2.07 2.43 3.11 0.00 0.00 0.00 0.00 0.00 0.00 0.00 0.00 0.00 0.00 0.00 0.00 0.00 0.00 0.00 0.00 0.00 0.00 0.00
1.54 1.62 1.67 1.69 1.71 1.76 1.81 1.89 1.93 1.96 2.03 2.07 2.12 2.19 2.28 2.37 2.43 2.47 2.50 2.53 2.57 2.67 2.84 2.92 2.99 3.05 3.11 3.17 3.30 3.37 3.44 3.45 3.44 3.17 2.52 2.54 2.81 2.97 3.05 0.28 0.03 0.16 1.46 2.05 2.30 2.58 2.64 4.44 4.43 1.43 1.26 0.98 0.12 0.16 0.22 0.77 2.04 2.45 3.59 4.17 4.17 3.66 2.58 2.17 2.62 1.88 0.00 0.00 0.00 0.00 0.00 0.00 0.00 0.00 0.00 0.00 0.00 0.00 0.00 0.00 0.00 0.00 0.00 0.00
1.48 1.58 1.64 1.68 1.70 1.75 1.80 1.88 1.92 1.95 2.03 2.07 2.13 2.18 2.27 2.35 2.38 2.42 2.48 2.49 2.55 2.64 2.72 2.89 2.94 3.01 3.06 3.12 3.21 3.28 3.36 3.40 3.38 3.01 2.48 2.44 2.81 2.96 3.04 0.27 0.07 0.00 1.18 2.15 2.42 2.45 3.25 4.47 4.47 1.31 1.20 0.93 0.15 0.16 0.18 1.38 2.61 3.75 4.17 4.15 4.17 3.98 3.15 2.37 2.26 2.08 2.25 2.37 0.21 0.00 0.00 0.00 0.00 0.00 0.00 0.00 0.00 0.00 0.00 0.00 0.00 0.00 0.00 0.00
1.44 1.54 1.62 1.67 1.70 1.74 1.79 1.86 1.94 1.98 2.03 2.08 2.14 2.19 2.26 2.30 2.34 2.38 2.43 2.48 2.54 2.59 2.76 2.84 2.92 2.98 3.03 3.08 3.17 3.24 3.32 3.36 3.32 2.87 2.45 2.56 2.80 2.93 2.67 0.00 0.21 0.21 1.38 2.15 2.53 2.50 4.08 4.50 4.50 1.57 1.22 0.85 0.13 0.19 0.40 2.04 3.73 4.19 3.07 2.34 3.59 4.20 2.99 2.38 2.28 2.01 2.14 1.34 0.00 0.00 0.00 0.00 0.00 0.00 0.00 0.00 0.00 0.00 0.00 0.00 0.00 0.00 0.00 0.00
1.39 1.51 1.60 1.66 1.70 1.73 1.77 1.81 1.88 1.97 2.03 2.09 2.14 2.19 2.25 2.28 2.32 2.36 2.42 2.47 2.53 2.67 2.73 2.79 2.87 2.93 3.01 3.05 3.11 3.22 3.30 3.31 3.25 2.69 2.40 2.39 2.81 2.92 2.48 0.00 0.34 0.46 1.73 2.20 2.51 2.51 4.53 4.53 3.71 1.61 1.22 1.19 0.93 0.40 1.10 2.08 2.94 3.60 3.00 2.87 3.61 4.21 2.98 2.26 2.31 2.11 2.02 0.00 0.00 0.00 0.00 0.00 0.00 0.00 0.00 0.00 0.00 0.00 0.00 0.00 0.00 0.00 0.00 0.00
1.34 1.46 1.57 1.65 1.69 1.72 1.75 1.79 1.87 1.97 2.03 2.09 2.14 2.18 2.22 2.27 2.30 2.35 2.40 2.46 2.53 2.59 2.72 2.77 2.84 2.90 2.95 3.00 3.08 3.20 3.26 3.22 3.17 2.56 2.37 2.59 2.80 2.92 0.05 0.00 0.07 0.85 2.54 2.43 2.47 2.44 4.56 4.57 2.56 1.56 1.24 1.20 1.10 0.50 1.47 2.10 2.15 2.26 2.23 2.39 2.69 4.23 3.03 2.19 1.55 1.06 0.74 0.00 0.00 0.00 0.00 0.00 0.00 0.00 0.00 0.00 0.00 0.00 0.00 0.00 0.00 0.00 0.00 0.00
1.32 1.43 1.54 1.63 1.68 1.71 1.74 1.78 1.91 1.97 2.03 2.08 2.13 2.17 2.20 2.26 2.29 2.34 2.39 2.45 2.52 2.68 2.72 2.76 2.80 2.86 2.91 2.97 3.02 3.11 3.15 3.14 2.88 2.46 2.32 2.49 2.77 2.90 0.03 0.04 0.16 1.95 2.63 2.39 2.45 2.45 4.59 2.00 1.66 1.52 1.31 1.26 0.95 0.65 1.73 2.07 2.09 2.11 2.08 2.35 3.01 4.23 2.64 1.94 0.00 0.00 0.00 0.00 0.00 0.00 0.00 0.00 0.00 0.00 0.00 0.00 0.00 0.00 0.00 0.00 0.00 0.00 0.00 0.00
1.26 1.40 1.51 1.60 1.66 1.70 1.73 1.76 1.91 1.97 2.03 2.07 2.11 2.15 2.19 2.25 2.29 2.33 2.39 2.45 2.52 2.65 2.72 2.74 2.77 2.81 2.87 2.93 2.97 3.07 3.10 3.07 2.66 2.25 2.21 2.49 2.74 1.63 0.00 0.01 1.19 2.13 2.47 2.59 2.48 2.46 4.63 1.85 1.64 1.47 1.31 1.31 0.82 0.98 1.88 2.17 2.15 2.01 1.96 2.92 4.24 3.53 2.20 0.73 0.00 0.00 0.00 0.00 0.00 0.00 0.00 0.00 0.00 0.00 0.00 0.00 0.00 0.00 0.00 0.00 0.00 0.00 0.00 0.00
1.25 1.37 1.47 1.57 1.63 1.68 1.71 1.76 1.90 1.96 2.01 2.05 2.09 2.12 2.16 2.23 2.28 2.33 2.39 2.45 2.51 2.64 2.71 2.73 2.75 2.79 2.84 2.90 2.94 3.00 3.06 3.01 2.44 2.19 2.16 2.51 2.67 0.56 0.00 0.00 1.25 2.34 2.37 2.55 3.25 3.24 4.67 3.76 1.54 1.48 1.35 1.26 0.75 1.14 1.88 2.23 2.12 1.95 2.09 4.26 2.98 2.24 0.61 0.00 0.00 0.00 0.00 0.00 0.00 0.00 0.00 0.00 0.00 0.00 0.00 0.00 0.00 0.00 0.00 0.00 0.00 0.00 0.00 0.00
1.24 1.35 1.44 1.53 1.61 1.66 1.71 1.75 1.89 1.93 1.98 2.02 2.05 2.09 2.13 2.21 2.27 2.33 2.39 2.44 2.50 2.56 2.70 2.73 2.74 2.77 2.81 2.87 2.91 2.97 3.02 2.93 2.28 2.11 2.12 2.50 2.64 0.28 0.00 0.02 1.39 2.38 2.25 2.50 2.86 2.71 4.73 1.71 1.59 1.50 1.37 0.96 0.67 1.11 1.83 2.08 2.05 2.16 2.64 4.30 2.65 1.97 0.00 0.00 0.00 0.00 0.00 0.00 0.00 0.00 0.00 0.00 0.00 0.00 0.00 0.00 0.00 0.00 0.00 0.00 0.00 0.00 0.00 0.00
1.24 1.33 1.41 1.48 1.57 1.65 1.71 1.76 1.87 1.91 1.95 1.99 2.03 2.08 2.12 2.17 2.26 2.32 2.38 2.44 2.49 2.60 2.68 2.71 2.73 2.74 2.78 2.83 2.88 2.94 2.99 2.78 2.16 2.06 2.08 2.49 2.57 0.00 0.00 0.32 2.10 2.60 2.51 2.61 2.60 2.70 4.78 3.96 1.61 1.61 1.38 0.59 0.62 1.11 1.90 2.07 2.07 2.32 2.52 3.93 2.68 1.82 0.00 0.00 0.00 0.00 0.00 0.00 0.00 0.00 0.00 0.00 0.00 0.00 0.00 0.00 0.00 0.00 0.00 0.00 0.00 0.00 0.00 0.00
1.24 1.31 1.37 1.46 1.55 1.64 1.71 1.76 1.85 1.88 1.92 1.97 2.02 2.06 2.11 2.16 2.25 2.30 2.36 2.42 2.48 2.58 2.65 2.69 2.71 2.72 2.74 2.79 2.86 2.91 2.92 2.58 2.09 2.02 2.31 2.46 1.38 0.12 0.27 1.11 2.24 2.54 2.60 2.69 2.69 2.83 4.81 1.81 1.68 1.73 1.27 1.25 1.41 1.40 1.94 2.17 2.14 2.40 2.48 4.04 4.35 1.41 0.00 0.00 0.00 0.00 0.00 0.00 0.00 0.00 0.00 0.00 0.00 0.00 0.00 0.00 0.00 0.00 0.00 0.00 0.00 0.00 0.00 0.00
1.24 1.28 1.37 1.45 1.54 1.63 1.72 1.80 1.84 1.87 1.91 1.95 2.01 2.06 2.11 2.16 2.24 2.30 2.35 2.41 2.51 2.56 2.60 2.67 2.69 2.70 2.72 2.75 2.82 2.86 2.81 2.33 2.00 2.02 2.31 2.36 0.29 0.27 0.70 1.26 1.78 2.20 2.24 2.15 2.47 3.40 4.84 1.89 1.82 1.78 1.31 1.67 1.41 1.54 2.08 2.26 2.10 2.22 2.37 3.51 4.40 0.00 0.00 0.00 0.00 0.00 0.00 0.00 0.00 0.00 0.00 0.00 0.00 0.00 0.00 0.00 0.00 0.00 0.00 0.00 0.00 0.00 0.00 0.00
1.23 1.28 1.36 1.44 1.53 1.63 1.71 1.81 1.84 1.87 1.90 1.95 2.00 2.05 2.11 2.16 2.24 2.29 2.34 2.39 2.49 2.53 2.57 2.63 2.66 2.68 2.69 2.73 2.79 2.82 2.81 2.21 1.94 2.02 2.29 2.09 0.00 0.50 1.42 1.15 1.26 1.52 1.59 1.84 2.65 4.21 4.35 1.94 1.89 1.71 1.35 1.56 1.45 1.71 2.12 2.42 2.21 2.24 2.51 4.43 2.31 0.00 0.00 0.00 0.00 0.00 0.00 0.00 0.00 0.00 0.00 0.00 0.00 0.00 0.00 0.00 0.00 0.00 0.00 0.00 0.00 0.00 0.00 0.00
1.22 1.27 1.36 1.44 1.53 1.62 1.70 1.81 1.84 1.88 1.91 1.95 2.00 2.05 2.10 2.16 2.24 2.29 2.34 2.38 2.43 2.51 2.55 2.60 2.64 2.66 2.67 2.71 2.77 2.79 2.75 2.12 1.86 1.88 2.21 0.99 0.43 0.58 1.53 0.88 0.60 0.80 1.42 2.33 3.06 4.85 4.87 1.84 1.91 1.68 1.46 1.58 1.61 2.01 2.20 2.21 2.36 2.58 2.80 3.46 1.10 0.00 0.00 0.00 0.00 0.00 0.00 0.00 0.00 0.00 0.00 0.00 0.00 0.00 0.00 0.00 0.00 0.00 0.00 0.00 0.00 0.00 0.00 0.00
1.21 1.27 1.37 1.44 1.52 1.60 1.75 1.81 1.86 1.91 1.94 1.97 2.02 2.06 2.11 2.16 2.22 2.29 2.34 2.38 2.46 2.50 2.53 2.58 2.62 2.65 2.67 2.70 2.73 2.74 2.68 2.02 1.78 1.81 2.14 0.73 0.43 0.41 1.60 0.77 0.63 0.87 1.73 2.54 3.35 4.87 4.04 1.71 1.88 1.67 1.64 1.63 1.62 2.14 2.29 2.37 2.82 3.34 3.76 4.47 0.00 0.00 0.00 0.00 0.00 0.00 0.00 0.00 0.00 0.00 0.00 0.00 0.00 0.00 0.00 0.00 0.00 0.00 0.00 0.00 0.00 0.00 0.00 0.00
1.20 1.27 1.37 1.44 1.51 1.58 1.65 1.79 1.85 1.92 1.96 2.00 2.04 2.08 2.12 2.17 2.22 2.29 2.33 2.41 2.44 2.48 2.51 2.55 2.59 2.64 2.66 2.68 2.69 2.70 2.62 1.89 1.71 1.95 2.04 0.07 0.39 0.45 1.40 0.64 0.91 1.61 2.34 2.66 4.37 4.86 3.77 1.77 1.96 1.66 1.44 1.58 1.81 2.31 2.49 2.53 3.01 4.29 4.46 3.27 0.00 0.00 0.00 0.00 0.00 0.00 0.00 0.00 0.00 0.00 0.00 0.00 0.00 0.00 0.00 0.00 0.00 0.00 0.00 0.00 0.00 0.00 0.00 0.00
1.21 1.28 1.35 1.44 1.50 1.56 1.69 1.76 1.83 1.93 1.99 2.03 2.07 2.10 2.14 2.18 2.23 2.29 2.33 2.36 2.43 2.46 2.50 2.52 2.57 2.61 2.65 2.65 2.65 2.64 2.55 1.72 1.63 1.88 0.59 0.26 0.28 0.94 1.27 0.63 0.99 1.79 2.47 2.75 4.85 4.86 2.87 1.85 2.02 1.42 1.19 1.51 1.97 2.39 2.65 3.28 4.31 4.45 4.47 4.25 0.00 0.00 0.00 0.00 0.00 0.00 0.00 0.00 0.00 0.00 0.00 0.00 0.00 0.00 0.00 0.00 0.00 0.00 0.00 0.00 0.00 0.00 0.00 0.00
1.22 1.29 1.36 1.44 1.49 1.54 1.67 1.75 1.82 1.93 2.01 2.07 2.11 2.14 2.17 2.20 2.24 2.29 2.32 2.35 2.41 2.45 2.48 2.50 2.53 2.56 2.59 2.61 2.60 2.56 2.44 1.80 1.68 1.93 0.53 0.20 0.17 1.05 1.05 0.66 1.05 2.08 2.64 3.35 4.85 4.86 1.88 1.87 1.91 1.12 1.37 1.49 1.80 2.59 3.65 4.41 4.62 4.59 4.56 3.05 1.12 0.00 0.00 0.00 0.00 0.00 0.00 0.00 0.00 0.00 0.00 0.00 0.00 0.00 0.00 0.00 0.00 0.00 0.00 0.00 0.00 0.00 0.00 0.00
1.22 1.29 1.36 1.45 1.50 1.55 1.61 1.75 1.82 1.90 2.02 2.09 2.15 2.19 2.21 2.24 2.26 2.29 2.32 2.38 2.41 2.43 2.46 2.49 2.51 2.53 2.55 2.57 2.58 2.54 2.38 1.68 1.69 1.83 0.04 0.27 0.22 1.12 0.90 0.75 1.61 2.43 2.87 4.06 4.85 4.86 1.82 1.85 1.79 1.00 1.35 1.61 2.14 3.19 4.42 4.60 4.63 4.62 3.54 2.57 2.18 0.00 0.00 0.00 0.00 0.00 0.00 0.00 0.00 0.00 0.00 0.00 0.00 0.00 0.00 0.00 0.00 0.00 0.00 0.00 0.00 0.00 0.00 0.00
1.23 1.30 1.36 1.46 1.51 1.57 1.71 1.78 1.85 1.93 2.03 2.10 2.16 2.21 2.26 2.30 2.31 2.32 2.34 2.39 2.42 2.44 2.47 2.49 2.50 2.51 2.53 2.55 2.57 2.54 2.29 1.53 1.48 1.76 0.03 0.38 0.46 1.05 0.94 0.99 2.36 2.80 3.11 3.99 4.85 4.86 1.74 1.78 1.55 0.81 1.35 2.05 2.73 4.48 4.65 4.65 4.65 4.28 2.99 2.33 2.31 1.10 0.00 0.00 0.00 0.00 0.00 0.00 0.00 0.00 0.00 0.00 0.00 0.00 0.00 0.00 0.00 0.00 0.00 0.00 0.00 0.00 0.00 0.00
1.27 1.32 1.38 1.44 1.54 1.61 1.74 1.81 1.88 1.95 2.05 2.12 2.17 2.22 2.27 2.31 2.33 2.37 2.40 2.42 2.44 2.47 2.49 2.50 2.50 2.51 2.53 2.56 2.57 2.52 2.09 1.39 1.39 1.08 0.28 0.42 0.63 1.24 0.92 1.89 2.80 3.00 3.24 4.48 4.85 2.63 1.98 1.97 1.54 1.05 1.58 2.43 3.47 4.59 4.54 4.58 4.57 4.29 4.15 2.35 2.26 2.35 2.15 0.07 0.00 0.00 0.00 0.00 0.00 0.00 0.00 0.00 0.00 0.00 0.00 0.00 0.00 0.00 0.00 0.00 0.00 0.00 0.00 0.00
1.29 1.34 1.40 1.46 1.56 1.63 1.77 1.84 1.92 1.99 2.09 2.15 2.21 2.26 2.30 2.34 2.37 2.39 2.43 2.45 2.47 2.49 2.50 2.51 2.52 2.52 2.54 2.55 2.56 2.48 1.88 1.29 1.31 0.31 0.40 0.36 1.04 1.15 1.11 2.35 2.61 2.70 3.22 4.48 4.85 3.00 2.02 1.85 1.34 1.50 1.91 2.76 4.10 4.42 4.40 4.69 4.63 4.43 2.81 2.50 2.34 2.27 1.76 0.00 0.00 0.00 0.00 0.00 0.00 0.00 0.00 0.00 0.00 0.00 0.00 0.00 0.00 0.00 0.00 0.00 0.00 0.00 0.00 0.00
1.29 1.37 1.43 1.49 1.59 1.67 1.81 1.88 1.95 2.02 2.09 2.19 2.25 2.31 2.36 2.39 2.41 2.43 2.44 2.45 2.47 2.48 2.49 2.50 2.51 2.53 2.50 2.49 2.48 2.39 1.89 1.15 0.45 0.14 0.41 0.32 1.16 1.05 1.51 2.49 2.56 2.73 2.69 3.44 4.84 3.99 1.87 1.77 1.62 1.77 2.26 2.87 4.37 4.46 4.74 4.73 4.26 3.94 3.07 2.01 1.90 0.19 0.00 0.00 0.00 0.00 0.00 0.00 0.00 0.00 0.00 0.00 0.00 0.00 0.00 0.00 0.00 0.00 0.00 0.00 0.00 0.00 0.00 0.00
1.27 1.37 1.46 1.54 1.63 1.70 1.85 1.92 1.99 2.06 2.13 2.23 2.30 2.36 2.41 2.45 2.50 2.52 2.50 2.49 2.49 2.49 2.49 2.50 2.50 2.50 2.50 2.48 2.46 2.35 1.56 0.99 0.05 0.18 0.42 0.34 0.99 1.22 1.88 2.70 2.65 3.22 2.74 4.35 4.84 4.38 1.90 1.77 1.68 2.16 2.43 2.85 4.28 4.54 4.77 4.29 2.54 1.22 0.00 0.00 0.00 0.00 0.00 0.00 0.00 0.00 0.00 0.00 0.00 0.00 0.00 0.00 0.00 0.00 0.00 0.00 0.00 0.00 0.00 0.00 0.00 0.00 0.00 0.00
1.24 1.36 1.47 1.56 1.68 1.75 1.88 1.95 2.02 2.09 2.16 2.27 2.34 2.40 2.45 2.50 2.54 2.56 2.57 2.56 2.55 2.54 2.53 2.52 2.50 2.50 2.50 2.49 2.46 2.26 1.17 0.84 0.05 0.33 0.38 0.52 0.56 1.27 2.15 2.79 3.18 3.73 3.70 4.43 4.83 4.48 1.78 1.70 2.11 2.45 2.81 3.97 4.52 4.71 4.08 1.89 0.00 0.00 0.00 0.00 0.00 0.00 0.00 0.00 0.00 0.00 0.00 0.00 0.00 0.00 0.00 0.00 0.00 0.00 0.00 0.00 0.00 0.00 0.00 0.00 0.00 0.00 0.00 0.00
1.18 1.31 1.43 1.53 1.64 1.85 1.92 1.99 2.05 2.11 2.17 2.27 2.34 2.40 2.45 2.50 2.54 2.57 2.61 2.62 2.61 2.59 2.57 2.55 2.52 2.51 2.50 2.49 2.43 1.95 0.95 0.82 0.23 0.39 0.28 0.39 0.51 2.00 2.57 2.85 2.69 3.68 3.46 3.56 4.83 3.64 1.85 2.44 2.88 3.14 4.18 4.56 4.69 4.81 3.22 0.70 0.00 0.00 0.00 0.00 0.00 0.00 0.00 0.00 0.00 0.00 0.00 0.00 0.00 0.00 0.00 0.00 0.00 0.00 0.00 0.00 0.00 0.00 0.00 0.00 0.00 0.00 0.00 0.00
1.05 1.18 1.30 1.43 1.74 1.84 1.92 2.00 2.07 2.13 2.19 2.27 2.33 2.38 2.43 2.47 2.51 2.55 2.63 2.65 2.66 2.64 2.61 2.58 2.55 2.52 2.49 2.45 2.31 1.52 0.83 0.95 0.05 0.43 0.55 0.51 0.99 2.34 2.64 2.61 2.68 2.65 2.70 3.05 2.33 1.88 2.26 2.70 3.27 3.60 4.35 4.55 4.66 4.67 2.66 0.00 0.00 0.00 0.00 0.00 0.00 0.00 0.00 0.00 0.00 0.00 0.00 0.00 0.00 0.00 0.00 0.00 0.00 0.00 0.00 0.00 0.00 0.00 0.00 0.00 0.00 0.00 0.00 0.00
0.96 1.08 1.20 1.32 1.44 1.78 1.89 2.00 2.08 2.14 2.20 2.25 2.33 2.37 2.42 2.46 2.50 2.54 2.63 2.67 2.68 2.68 2.66 2.62 2.59 2.56 2.43 2.28 2.11 0.99 0.61 1.31 0.00 0.39 0.60 0.60 1.38 2.39 2.60 2.61 2.56 2.63 2.65 3.40 1.81 2.49 2.54 2.58 2.81 3.27 4.15 4.59 4.68 4.58 3.25 0.00 0.00 0.00 0.00 0.00 0.00 0.00 0.00 0.00 0.00 0.00 0.00 0.00 0.00 0.00 0.00 0.00 0.00 0.00 0.00 0.00 0.00 0.00 0.00 0.00 0.00 0.00 0.00 0.00
0.88 1.00 1.13 1.24 1.54 1.66 1.80 1.94 2.05 2.13 2.19 2.25 2.33 2.37 2.42 2.46 2.51 2.61 2.65 2.69 2.72 2.73 2.72 2.67 2.58 2.44 2.27 2.19 1.95 0.61 0.76 1.48 0.00 0.22 0.55 0.76 1.71 2.34 2.55 2.54 2.54 2.57 2.74 3.60 2.01 2.50 2.54 2.51 2.75 2.96 3.07 3.85 4.64 4.58 3.61 0.00 0.00 0.00 0.00 0.00 0.00 0.00 0.00 0.00 0.00 0.00 0.00 0.00 0.00 0.00 0.00 0.00 0.00 0.00 0.00 0.00 0.00 0.00 0.00 0.00 0.00 0.00 0.00 0.00
0.82 0.94 1.06 1.19 1.32 1.58 1.69 1.80 1.91 2.01 2.11 2.19 2.29 2.36 2.39 2.46 2.51 2.61 2.66 2.70 2.70 2.70 2.66 2.57 2.42 2.31 2.22 2.14 1.47 0.47 0.97 1.56 0.04 0.03 0.37 1.01 1.67 2.11 2.43 2.47 2.46 2.63 3.02 3.11 2.21 2.48 2.52 2.52 2.66 2.92 2.90 3.11 4.53 4.42 3.50 0.00 0.00 0.00 0.00 0.00 0.00 0.00 0.00 0.00 0.00 0.00 0.00 0.00 0.00 0.00 0.00 0.00 0.00 0.00 0.00 0.00 0.00 0.00 0.00 0.00 0.00 0.00 0.00 0.00
0.78 0.89 1.02 1.15 1.40 1.54 1.62 1.68 1.76 1.83 1.91 1.99 2.12 2.21 2.29 2.37 2.43 2.48 2.58 2.60 2.59 2.54 2.49 2.42 2.33 2.28 2.22 2.09 0.84 0.47 1.14 1.54 0.04 0.00 0.39 0.98 1.63 1.72 2.22 2.37 2.45 2.69 3.32 1.69 2.22 2.45 2.55 2.57 2.55 2.70 2.86 3.08 4.53 4.75 3.83 2.13 0.00 0.04 0.00 0.00 0.00 0.00 0.00 0.00 0.00 0.00 0.00 0.00 0.00 0.00 0.00 0.00 0.00 0.00 0.00 0.00 0.00 0.00 0.00 0.00 0.00 0.00 0.00 0.00
0.76 0.86 0.97 1.09 1.34 1.49 1.58 1.65 1.72 1.79 1.86 1.93 2.04 2.11 2.18 2.25 2.30 2.36 2.45 2.48 2.46 2.42 2.38 2.35 2.31 2.24 2.18 1.87 0.62 0.55 0.66 1.14 0.03 0.21 0.65 1.05 1.64 1.61 1.90 2.24 2.38 2.93 3.65 1.53 2.05 2.33 2.45 2.54 3.43 3.62 3.61 3.95 4.73 4.61 4.01 3.75 2.73 2.40 1.82 0.06 0.00 0.00 0.00 0.00 0.00 0.00 0.00 0.00 0.00 0.00 0.00 0.00 0.00 0.00 0.00 0.00 0.00 0.00 0.00 0.00 0.00 0.00 0.00 0.00
0.76 0.85 0.95 1.17 1.28 1.45 1.55 1.64 1.71 1.78 1.84 1.91 1.97 2.07 2.13 2.19 2.25 2.35 2.39 2.41 2.40 2.38 2.35 2.33 2.29 2.18 2.12 1.50 0.61 0.62 0.76 0.14 0.24 0.27 0.70 0.80 1.29 1.55 1.96 2.26 2.45 3.11 3.85 2.07 2.24 2.27 2.31 2.62 3.91 4.83 4.84 4.85 4.75 4.02 3.85 3.74 3.41 2.43 2.16 1.39 0.13 0.00 0.00 0.00 0.00 0.00 0.00 0.00 0.00 0.00 0.00 0.00 0.00 0.00 0.00 0.00 0.00 0.00 0.00 0.00 0.00 0.00 0.00 0.00
0.75 0.83 0.93 1.13 1.23 1.40 1.50 1.60 1.69 1.77 1.84 1.90 1.97 2.06 2.13 2.19 2.30 2.35 2.38 2.39 2.39 2.38 2.35 2.31 2.23 2.09 2.03 1.10 0.59 0.63 1.04 0.03 0.12 0.24 0.70 0.69 0.99 1.58 2.12 2.55 2.76 3.10 3.73 1.75 4.01 3.13 2.42 2.65 3.67 4.84 4.85 4.85 4.74 3.91 3.72 3.73 3.60 2.43 1.11 0.31 0.13 0.02 0.00 0.00 0.00 0.00 0.00 0.00 0.00 0.00 0.00 0.00 0.00 0.00 0.00 0.00 0.00 0.00 0.00 0.00 0.00 0.00 0.00 0.00
