tsunami_inundation/3390.asc
ncols        89
nrows        96
xllcorner    425855.973699999973
yllcorner    5091051.504999999888
cellsize     55.000000000000
NODATA_value  -9999.00
[rows 0 to 36 of 96, columns 0 to 83 of 89]
-9999.00 0.68 0.66 0.69 0.67 0.72 0.78 0.82 0.86 0.92 0.97 1.01 1.06 1.11 1.20 1.29 1.38 1.47 1.51 1.54 1.58 1.64 1.68 1.72 1.77 1.82 1.88 1.94 2.01 2.07 2.19 2.22 2.22 2.22 2.16 -0.59 -1.08 -0.87 -0.62 0.11 0.92 0.08 0.01 0.32 0.28 0.01 0.00 0.00 0.03 1.53 3.41 3.72 3.75 3.77 3.79 3.79 3.79 3.78 3.77 1.83 2.49 2.61 2.22 1.64 0.00 0.00 0.12 1.36 2.25 2.46 1.86 1.80 1.33 1.69 1.37 0.00 0.00 0.00 0.00 0.00 0.00 0.00 0.00 0.00
-9999.00 0.65 0.64 0.65 0.68 0.71 0.77 0.81 0.90 0.98 1.01 1.08 1.15 1.23 1.34 1.38 1.42 1.44 1.46 1.48 1.51 1.59 1.64 1.69 1.75 1.81 1.87 1.94 2.11 2.19 2.27 2.30 2.30 2.30 2.28 1.18 -1.00 -0.82 -0.63 -0.02 0.91 0.00 0.02 0.07 0.31 0.19 0.06 0.03 1.87 3.34 3.72 3.74 3.76 3.77 3.78 3.79 3.80 3.79 3.77 1.90 2.52 2.69 2.53 1.69 0.03 0.01 0.12 1.66 2.40 2.52 2.00 1.37 1.38 1.57 1.44 0.00 0.00 0.00 0.00 0.00 0.00 0.00 0.00 0.00
-9999.00 0.64 0.66 0.68 0.71 0.75 0.79 0.87 0.94 1.01 1.08 1.14 1.23 1.28 1.35 1.37 1.37 1.39 1.41 1.45 1.50 1.58 1.64 1.70 1.77 1.84 1.91 1.98 2.04 2.24 2.30 2.34 2.37 2.38 2.38 2.35 -0.39 -0.79 -0.63 -0.16 0.78 0.00 0.00 0.00 0.10 0.30 0.19 1.60 3.19 3.71 3.73 3.74 3.76 3.77 3.78 3.79 3.79 3.79 3.56 2.24 2.43 2.81 2.69 1.66 0.74 0.01 0.32 1.74 2.16 2.62 2.22 0.96 1.02 1.35 0.00 0.00 0.00 0.00 0.00 0.00 0.00 0.00 0.00 0.00
-9999.00 0.64 0.69 0.73 0.77 0.81 0.85 0.92 0.97 1.02 1.08 1.15 1.22 1.27 1.33 1.34 1.37 1.39 1.42 1.47 1.53 1.62 1.68 1.74 1.81 1.88 1.96 2.02 2.19 2.26 2.32 2.36 2.38 2.40 2.40 2.36 1.28 -0.68 -0.61 -0.24 0.34 0.20 0.00 0.01 0.01 0.08 0.21 2.56 3.62 3.71 3.72 3.73 3.74 3.76 3.77 3.79 3.79 3.78 3.66 2.70 2.53 2.83 2.65 1.57 0.76 0.51 1.25 2.11 2.50 2.75 2.38 1.18 1.17 1.06 0.00 0.00 0.00 0.00 0.00 0.00 0.00 0.00 0.00 0.00
-9999.00 0.63 0.73 0.78 0.83 0.86 0.89 0.94 0.97 1.02 1.08 1.15 1.22 1.28 1.33 1.47 1.51 1.55 1.58 1.57 1.65 1.68 1.73 1.78 1.84 1.91 1.97 2.03 2.09 2.25 2.30 2.35 2.38 2.40 2.38 2.33 2.03 -0.31 -0.43 -0.33 0.29 0.47 0.01 0.01 0.01 0.00 1.42 3.12 3.71 3.71 3.70 3.71 3.73 3.75 3.78 3.79 3.79 3.77 3.76 3.22 2.77 3.24 2.58 1.56 0.52 0.52 1.26 1.85 2.47 2.83 2.49 1.22 1.29 0.28 0.00 0.00 0.00 0.00 0.00 0.00 0.00 0.00 0.00 0.00
-9999.00 0.65 0.75 0.80 0.84 0.87 0.90 0.93 0.98 1.05 1.13 1.20 1.26 1.31 1.37 1.51 1.55 1.58 1.62 1.66 1.69 1.73 1.76 1.80 1.88 1.93 1.97 2.02 2.18 2.24 2.29 2.33 2.38 2.40 2.36 2.30 2.14 0.16 -0.24 -0.22 0.22 0.38 0.02 0.02 0.02 0.00 1.84 3.48 3.71 3.70 3.69 3.70 3.71 3.73 3.76 3.77 3.77 3.76 3.75 3.73 3.74 3.68 3.33 2.43 0.43 0.52 1.39 1.98 2.58 2.95 2.59 1.28 1.27 0.00 0.00 0.00 0.00 0.00 0.00 0.00 0.00 0.00 0.00 0.00
-9999.00 0.74 0.76 0.79 0.82 0.84 0.87 0.91 1.02 1.12 1.20 1.26 1.31 1.36 1.42 1.54 1.58 1.63 1.67 1.72 1.76 1.79 1.84 1.88 1.92 1.95 1.99 2.02 2.14 2.23 2.27 2.33 2.36 2.36 2.31 2.27 2.20 1.13 -0.17 -0.07 0.32 0.11 0.03 0.03 0.04 0.00 1.25 3.04 3.71 3.70 3.69 3.70 3.70 3.72 3.73 3.75 3.76 3.75 3.72 3.72 3.73 3.75 3.61 3.30 1.99 0.70 1.52 2.07 2.57 3.02 2.72 1.50 1.32 0.00 0.00 0.00 0.00 0.00 0.00 0.00 0.00 0.00 0.00 0.00
-9999.00 0.77 0.77 0.79 0.81 0.83 0.87 0.95 1.11 1.22 1.29 1.33 1.37 1.42 1.48 1.61 1.66 1.71 1.76 1.81 1.85 1.89 1.94 1.97 2.00 2.02 2.04 2.08 2.18 2.23 2.26 2.28 2.29 2.28 2.27 2.26 2.25 2.07 0.09 0.09 0.69 1.09 0.05 0.03 0.07 0.08 1.44 2.97 3.69 3.69 3.69 3.70 3.70 3.71 3.73 3.73 3.73 3.73 2.42 2.73 3.72 3.74 3.77 3.78 3.79 2.66 1.56 2.16 2.64 3.09 2.93 2.10 1.99 0.00 0.00 0.00 0.00 0.00 0.00 0.00 0.00 0.00 0.00 0.00
-9999.00 0.77 0.79 0.81 0.83 0.88 0.95 1.06 1.25 1.34 1.38 1.41 1.45 1.49 1.56 1.71 1.77 1.83 1.89 1.95 2.00 2.05 2.11 2.14 2.26 2.25 2.25 2.26 2.26 2.25 2.26 2.29 2.30 2.28 2.27 2.26 2.31 2.24 1.14 0.22 0.66 0.03 0.10 0.00 0.01 0.57 1.94 3.15 3.65 3.67 3.68 3.69 3.69 3.70 3.71 3.71 3.71 3.70 1.45 1.29 2.32 3.75 3.77 3.78 3.79 3.80 1.84 2.24 2.54 3.14 3.22 2.78 2.52 0.00 0.00 0.00 0.00 0.00 0.00 0.00 0.00 0.00 0.00 0.00
-9999.00 0.76 0.81 0.85 0.89 0.96 1.08 1.22 1.38 1.43 1.45 1.48 1.55 1.63 1.72 1.91 1.97 2.14 2.19 2.23 2.27 2.33 2.39 2.45 2.47 2.47 2.45 2.44 2.38 2.33 2.32 2.33 2.33 2.31 2.30 2.34 2.36 2.32 1.65 0.33 0.77 0.41 0.03 0.00 0.25 1.32 2.79 3.58 3.62 3.64 3.65 3.67 3.68 3.68 3.69 3.69 3.68 2.33 0.95 1.36 1.78 2.30 2.05 2.20 3.74 3.81 2.23 2.15 2.74 3.23 3.10 2.72 2.47 0.00 0.00 0.00 0.00 0.00 0.00 0.00 0.00 0.00 0.00 0.00
-9999.00 0.79 0.85 0.91 0.98 1.09 1.22 1.35 1.44 1.47 1.53 1.77 1.89 1.98 2.04 2.15 2.19 2.23 2.25 2.28 2.31 2.36 2.42 2.50 2.53 2.55 2.55 2.55 2.50 2.47 2.45 2.44 2.40 2.36 2.36 2.40 2.43 2.41 2.01 0.49 0.86 2.15 2.27 1.49 1.11 2.56 3.45 3.54 3.58 3.61 3.63 3.64 3.66 3.66 3.65 3.65 2.74 1.13 1.21 1.74 1.83 1.89 1.79 1.80 3.35 3.82 2.70 2.29 2.83 3.30 3.27 2.73 2.76 1.20 0.00 0.00 0.00 0.00 0.00 0.00 0.00 0.00 0.00 0.00
-9999.00 0.86 0.93 0.99 1.12 1.25 1.37 1.46 1.55 1.74 1.85 1.90 1.94 1.98 2.07 2.13 2.18 2.22 2.24 2.27 2.31 2.36 2.41 2.48 2.52 2.55 2.57 2.56 2.54 2.54 2.57 2.58 2.53 2.45 2.44 2.48 2.51 2.53 2.28 0.69 0.93 2.21 2.52 2.77 3.11 3.30 3.40 3.47 3.52 3.57 3.58 3.59 3.61 3.63 3.64 3.63 2.21 0.79 0.85 1.79 1.90 2.09 1.97 1.98 3.07 3.82 3.08 2.64 3.07 3.37 3.20 2.65 2.87 2.51 1.21 0.00 0.00 0.00 0.00 0.00 0.00 0.00 0.00 0.00
0.98 0.98 1.01 1.10 1.26 1.43 1.58 1.69 1.76 1.80 1.83 1.85 1.89 1.96 2.01 2.09 2.14 2.18 2.22 2.26 2.30 2.35 2.39 2.46 2.51 2.56 2.61 2.61 2.59 2.58 2.61 2.64 2.63 2.60 2.58 2.65 2.63 2.65 2.57 1.00 1.65 2.21 2.54 2.81 3.14 3.29 3.38 3.43 3.49 3.54 3.57 3.58 3.59 3.62 3.61 3.56 1.32 0.70 0.99 1.74 1.85 1.90 1.86 1.90 2.77 3.83 2.25 2.47 2.96 3.43 3.29 2.55 2.66 2.49 2.72 1.61 0.00 0.00 0.00 0.00 0.00 0.00 0.00 0.00
1.00 1.03 1.13 1.33 1.57 1.74 1.78 1.76 1.75 1.76 1.78 1.80 1.83 1.87 1.96 2.02 2.10 2.15 2.19 2.24 2.29 2.34 2.38 2.44 2.50 2.56 2.62 2.66 2.68 2.69 2.70 2.70 2.71 2.76 2.82 2.82 2.74 2.73 2.71 1.24 1.53 2.15 2.53 2.81 3.07 3.26 3.35 3.40 3.47 3.53 3.56 3.58 3.59 3.61 3.62 2.54 1.01 0.66 1.59 1.78 1.89 1.82 1.81 1.98 2.65 3.83 2.16 1.98 2.68 3.70 3.21 2.58 2.50 2.52 2.79 2.68 2.39 1.72 0.00 0.00 0.00 0.00 0.00 0.00
1.03 1.20 1.45 1.73 1.83 1.82 1.78 1.74 1.72 1.72 1.75 1.78 1.81 1.90 1.95 2.00 2.08 2.12 2.18 2.23 2.29 2.34 2.38 2.42 2.49 2.55 2.61 2.70 2.73 2.76 2.79 2.78 2.79 2.84 2.93 2.96 2.89 2.84 2.85 1.34 1.60 1.99 2.46 2.82 3.03 3.22 3.33 3.39 3.44 3.52 3.56 3.58 3.60 3.61 3.61 1.88 0.68 0.87 1.65 1.77 1.79 1.85 2.20 1.93 2.61 3.80 1.85 2.42 2.80 3.71 3.02 2.49 2.46 2.38 2.57 2.42 2.08 1.77 1.57 0.04 0.00 0.00 0.00 0.00
1.14 1.42 1.84 1.87 1.85 1.81 1.76 1.72 1.71 1.73 1.76 1.79 1.82 1.90 1.95 2.00 2.06 2.11 2.17 2.24 2.30 2.35 2.40 2.44 2.52 2.57 2.61 2.71 2.77 2.83 2.87 2.88 2.90 2.94 3.02 3.07 3.06 2.97 2.99 1.56 1.66 1.94 2.39 2.77 2.99 3.16 3.28 3.38 3.43 3.50 3.55 3.58 3.60 3.63 3.53 1.89 0.00 1.09 1.69 1.75 1.71 1.88 1.89 1.78 2.75 2.01 2.22 3.01 3.73 3.72 3.32 2.41 2.29 2.28 2.45 2.41 1.95 1.56 1.70 0.41 0.17 0.00 0.00 0.00
1.52 1.86 1.89 1.86 1.83 1.80 1.76 1.74 1.75 1.80 1.82 1.84 1.86 1.94 1.98 2.02 2.08 2.13 2.19 2.25 2.31 2.37 2.42 2.47 2.55 2.60 2.64 2.75 2.82 2.89 2.93 2.96 3.00 3.07 3.13 3.16 3.19 3.10 3.05 1.98 1.74 2.01 2.34 2.70 2.94 3.08 3.18 3.34 3.43 3.50 3.55 3.59 3.62 3.65 3.02 1.85 0.20 1.52 1.93 1.91 2.16 2.00 2.05 1.94 3.08 2.00 2.16 2.81 3.73 3.73 3.73 2.46 2.35 2.14 2.48 2.39 1.94 1.58 1.41 0.78 0.19 0.00 0.00 0.00
1.95 1.94 1.84 1.84 1.85 1.84 1.82 1.82 1.83 1.84 1.86 1.87 1.89 1.92 1.99 2.03 2.10 2.15 2.21 2.26 2.32 2.38 2.44 2.51 2.60 2.64 2.73 2.79 2.87 2.94 2.99 3.03 3.08 3.15 3.20 3.25 3.30 3.25 3.10 2.39 2.02 2.13 2.33 2.54 2.74 2.88 3.10 3.29 3.46 3.53 3.58 3.63 3.67 3.67 2.69 1.46 0.56 1.69 1.87 2.09 2.21 1.91 1.98 2.12 3.74 2.63 2.32 2.95 3.74 3.74 3.64 2.34 2.94 2.31 2.88 2.65 2.27 1.65 1.40 0.49 0.00 0.00 0.00 0.00
1.88 1.85 1.84 1.87 1.88 1.87 1.85 1.86 1.87 1.88 1.89 1.90 1.92 1.98 2.01 2.05 2.10 2.17 2.23 2.28 2.33 2.39 2.46 2.53 2.64 2.69 2.73 2.84 2.91 2.98 3.03 3.08 3.13 3.21 3.25 3.33 3.47 3.57 3.16 2.39 2.33 2.41 2.47 2.56 2.59 2.58 2.54 3.16 3.54 3.60 3.63 3.65 3.68 3.71 3.11 1.09 0.63 1.53 1.49 2.10 1.98 2.00 2.34 3.25 3.84 1.98 2.63 3.31 3.74 3.75 3.71 2.69 3.11 2.26 2.78 2.32 2.04 1.77 1.33 0.00 0.00 0.00 0.00 0.00
1.88 1.90 1.95 1.95 1.91 1.88 1.86 1.86 1.88 1.89 1.91 1.92 1.94 2.00 2.03 2.07 2.12 2.19 2.24 2.29 2.34 2.40 2.47 2.55 2.63 2.77 2.85 2.91 2.97 3.03 3.08 3.16 3.23 3.25 3.28 3.35 3.49 3.78 3.23 2.41 2.48 2.52 2.64 2.69 2.62 2.24 0.00 2.11 3.50 3.66 3.67 3.68 3.73 3.74 3.75 0.67 0.78 1.48 1.41 1.84 1.96 3.65 3.85 3.85 2.30 1.62 2.38 3.02 3.75 3.75 3.76 3.67 3.07 2.39 2.82 2.37 2.29 2.03 0.00 0.00 0.00 0.00 0.00 0.00
1.92 1.96 1.97 1.96 1.92 1.90 1.87 1.87 1.88 1.90 1.92 1.94 1.96 2.02 2.05 2.09 2.14 2.21 2.26 2.30 2.36 2.42 2.50 2.57 2.63 2.73 2.88 2.96 3.02 3.07 3.12 3.18 3.28 3.28 3.31 3.38 3.54 3.82 3.25 2.60 2.62 2.64 2.67 2.70 1.63 0.00 0.05 2.14 3.13 3.68 3.71 3.71 3.76 3.78 3.78 0.37 0.78 1.38 1.41 1.77 2.07 3.84 3.85 3.85 1.97 2.35 2.35 3.21 3.75 3.76 3.76 3.76 3.12 1.98 2.75 2.59 2.44 1.77 0.00 0.00 0.00 0.00 0.00 0.00
1.94 1.96 1.97 1.97 1.95 1.93 1.91 1.90 1.90 1.91 1.92 1.95 2.03 2.04 2.08 2.12 2.17 2.24 2.28 2.32 2.38 2.44 2.51 2.57 2.64 2.81 2.90 2.98 3.04 3.10 3.15 3.23 3.32 3.32 3.33 3.39 3.62 3.85 2.47 2.61 2.64 2.64 2.63 2.70 0.49 0.21 0.02 1.87 2.39 2.66 3.13 3.80 3.82 3.83 3.05 0.07 0.01 0.76 1.28 1.91 2.04 3.55 3.85 3.84 2.59 2.31 2.33 3.08 3.76 3.76 3.77 3.73 3.10 1.97 2.75 2.69 1.99 0.00 0.00 0.00 0.00 0.00 0.00 0.00
1.91 1.92 1.94 1.97 1.97 1.96 1.94 1.93 1.92 1.92 1.93 1.97 2.00 2.07 2.10 2.14 2.20 2.24 2.29 2.34 2.39 2.46 2.52 2.58 2.64 2.82 2.90 2.98 3.05 3.11 3.18 3.27 3.37 3.36 3.34 3.39 3.60 3.85 2.54 2.56 2.57 2.56 2.58 2.55 0.02 0.02 0.05 1.88 1.85 1.74 2.20 3.86 3.87 3.86 2.21 0.00 0.05 0.17 1.23 1.94 2.02 3.67 3.85 3.83 2.31 2.49 2.50 2.55 3.76 3.76 3.77 3.64 3.33 2.18 2.79 1.72 0.00 0.00 0.00 0.00 0.00 0.00 0.00 0.00
1.87 1.89 1.92 1.96 1.96 1.95 1.95 1.95 1.95 1.94 1.95 1.97 2.04 2.08 2.12 2.16 2.21 2.25 2.32 2.35 2.42 2.47 2.53 2.58 2.64 2.82 2.90 2.97 3.04 3.11 3.20 3.30 3.40 3.39 3.37 3.39 3.49 3.63 3.42 2.45 2.51 2.56 2.57 0.15 0.00 0.00 0.47 1.94 1.96 1.85 2.43 3.66 3.91 3.90 1.45 0.00 0.00 0.42 1.49 1.92 2.37 3.85 3.83 2.71 1.91 2.70 2.61 2.68 3.77 3.77 3.77 3.64 3.37 2.33 1.43 0.00 0.00 0.00 0.00 0.00 0.00 0.00 0.00 0.00
1.85 1.87 1.90 1.93 1.94 1.94 1.94 1.95 1.96 1.96 1.96 1.98 2.04 2.08 2.12 2.16 2.21 2.26 2.33 2.38 2.43 2.48 2.53 2.59 2.65 2.72 2.89 2.96 3.03 3.11 3.20 3.30 3.39 3.41 3.42 3.41 3.42 3.43 2.85 2.47 2.58 2.62 2.65 0.05 0.00 0.27 1.42 1.90 1.95 1.92 2.61 3.98 3.95 3.94 0.67 0.00 0.00 0.89 1.81 2.00 3.11 3.84 3.11 1.89 1.85 2.59 2.39 2.81 3.77 3.77 3.54 3.78 2.66 2.36 0.00 0.00 0.00 0.00 0.00 0.00 0.00 0.00 0.00 0.00
1.83 1.85 1.88 1.91 1.91 1.91 1.92 1.94 1.95 1.97 1.98 1.99 2.05 2.08 2.12 2.16 2.21 2.26 2.34 2.39 2.43 2.48 2.53 2.59 2.73 2.82 2.88 2.95 3.00 3.09 3.19 3.29 3.35 3.39 3.42 3.43 3.42 3.39 3.34 2.54 2.64 2.69 2.60 0.00 0.02 0.93 1.51 1.96 2.05 1.92 2.64 4.02 3.99 3.96 0.22 0.07 0.29 1.44 1.83 2.07 3.26 3.84 3.14 1.97 2.15 2.56 2.17 2.86 3.77 3.78 3.53 3.78 2.87 2.61 0.00 0.00 0.00 0.00 0.00 0.00 0.00 0.00 0.00 0.00
1.82 1.83 1.86 1.89 1.89 1.89 1.90 1.92 1.94 1.96 1.98 2.00 2.07 2.10 2.12 2.15 2.20 2.26 2.34 2.39 2.44 2.48 2.53 2.59 2.66 2.82 2.87 2.93 3.00 3.08 3.17 3.25 3.32 3.33 3.39 3.46 3.45 3.41 2.95 2.60 2.68 2.73 2.34 0.02 0.23 1.38 1.46 1.91 2.07 2.00 2.83 4.06 4.03 2.76 0.05 0.00 0.41 1.46 1.67 1.86 3.77 3.85 3.27 1.93 2.13 2.29 2.30 3.08 3.77 3.78 3.78 3.78 3.12 2.65 1.96 0.00 0.00 0.00 0.00 0.00 0.00 0.00 0.00 0.00
1.79 1.81 1.84 1.86 1.88 1.88 1.88 1.88 1.90 1.93 1.96 2.06 2.09 2.11 2.13 2.16 2.20 2.26 2.31 2.39 2.44 2.48 2.54 2.60 2.72 2.81 2.87 2.93 3.00 3.08 3.16 3.23 3.27 3.31 3.36 3.44 3.50 3.50 2.95 2.66 2.70 2.75 1.43 0.00 0.43 1.53 1.50 1.86 2.08 2.67 4.12 4.11 3.55 0.26 0.09 0.07 0.38 1.20 1.65 2.32 3.87 3.87 3.01 1.91 2.08 1.84 2.04 2.85 3.62 3.66 3.38 3.78 3.78 1.66 0.29 0.00 0.00 0.00 0.00 0.00 0.00 0.00 0.00 0.00
1.72 1.76 1.80 1.83 1.87 1.87 1.87 1.87 1.88 1.91 1.95 2.07 2.10 2.13 2.15 2.18 2.22 2.26 2.31 2.39 2.43 2.49 2.55 2.61 2.66 2.77 2.86 2.93 3.00 3.08 3.14 3.19 3.22 3.29 3.34 3.42 3.49 3.52 2.85 2.65 2.72 2.28 0.03 0.03 1.24 1.57 1.51 1.75 2.03 3.06 4.15 4.15 1.65 0.00 0.08 0.00 0.49 1.26 1.75 2.91 3.88 3.88 2.74 1.78 2.32 2.02 2.36 3.08 2.91 2.59 2.71 3.78 3.28 0.00 0.00 0.00 0.00 0.00 0.00 0.00 0.00 0.00 0.00 0.00
1.69 1.71 1.76 1.81 1.85 1.86 1.86 1.86 1.86 1.89 1.94 2.06 2.10 2.13 2.17 2.20 2.24 2.28 2.32 2.38 2.44 2.50 2.56 2.62 2.67 2.77 2.85 2.92 2.99 3.05 3.09 3.12 3.16 3.24 3.34 3.40 3.48 3.52 2.81 2.64 1.28 0.03 0.00 0.15 1.22 1.54 1.40 1.66 2.00 3.45 4.16 3.66 0.72 0.02 0.05 0.00 0.74 1.45 1.93 3.38 3.89 3.89 2.81 1.90 2.51 2.05 2.62 3.37 3.11 2.26 2.10 2.51 2.15 0.00 0.00 0.00 0.00 0.00 0.00 0.00 0.00 0.00 0.00 0.00
1.66 1.68 1.72 1.78 1.83 1.86 1.85 1.85 1.86 1.89 1.97 2.02 2.09 2.13 2.18 2.22 2.26 2.29 2.32 2.38 2.44 2.50 2.57 2.62 2.71 2.75 2.85 2.92 2.98 3.03 3.06 3.08 3.15 3.23 3.34 3.40 3.47 3.51 2.73 2.60 0.00 0.13 0.00 0.41 1.19 1.51 1.39 1.63 2.66 4.09 4.16 0.98 0.49 0.00 0.06 0.07 0.98 1.50 2.00 3.55 3.91 3.91 3.09 2.36 1.85 2.11 2.84 3.62 2.11 0.00 0.00 0.00 0.00 0.00 0.00 0.00 0.00 0.00 0.00 0.00 0.00 0.00 0.00 0.00
1.62 1.66 1.70 1.74 1.79 1.84 1.85 1.86 1.87 1.89 1.96 2.00 2.07 2.13 2.18 2.23 2.28 2.31 2.34 2.39 2.44 2.50 2.57 2.62 2.70 2.75 2.85 2.92 2.97 3.01 3.03 3.07 3.14 3.22 3.34 3.41 3.47 3.45 2.62 2.51 0.21 0.16 0.00 0.27 1.29 1.61 1.50 1.63 2.86 4.08 1.89 0.70 0.24 0.02 0.04 0.78 1.22 1.67 1.90 3.86 3.92 3.82 3.05 2.30 2.04 2.29 2.70 3.51 0.00 0.00 0.00 0.00 0.00 0.00 0.00 0.00 0.00 0.00 0.00 0.00 0.00 0.00 0.00 0.00
1.54 1.61 1.67 1.71 1.74 1.81 1.84 1.87 1.88 1.89 1.94 1.98 2.06 2.11 2.17 2.22 2.27 2.31 2.35 2.39 2.45 2.50 2.55 2.64 2.69 2.74 2.84 2.91 2.95 2.99 3.02 3.07 3.14 3.22 3.34 3.41 3.49 3.36 2.49 2.41 0.33 0.11 0.00 0.31 1.45 1.69 1.69 1.74 2.17 4.09 1.04 0.68 0.24 0.04 0.00 0.74 1.45 1.72 2.09 2.81 3.95 3.78 3.07 2.23 1.97 2.18 2.45 2.18 0.00 0.00 0.00 0.00 0.00 0.00 0.00 0.00 0.00 0.00 0.00 0.00 0.00 0.00 0.00 0.00
1.50 1.53 1.60 1.62 1.68 1.76 1.81 1.86 1.88 1.90 1.91 1.98 2.05 2.11 2.16 2.21 2.26 2.31 2.36 2.40 2.46 2.50 2.54 2.63 2.68 2.74 2.80 2.89 2.93 2.96 3.01 3.07 3.14 3.22 3.35 3.43 3.56 3.01 2.38 0.13 0.52 0.09 0.09 0.79 1.69 1.85 1.81 1.84 2.21 4.10 0.94 0.70 0.08 0.07 0.06 0.11 1.30 1.76 1.28 2.71 3.97 3.24 2.82 1.99 2.17 2.09 1.98 0.00 0.00 0.00 0.00 0.00 0.00 0.00 0.00 0.00 0.00 0.00 0.00 0.00 0.00 0.00 0.00 0.00
1.57 1.53 1.52 1.55 1.61 1.69 1.80 1.85 1.88 1.90 1.92 1.99 2.06 2.10 2.15 2.19 2.24 2.30 2.36 2.41 2.47 2.49 2.52 2.62 2.68 2.74 2.80 2.87 2.91 2.95 3.00 3.07 3.14 3.23 3.32 3.46 3.58 2.40 0.69 0.02 0.41 0.06 0.20 1.03 1.84 1.96 1.91 1.96 2.38 4.14 0.96 0.73 0.07 0.10 0.04 0.07 1.39 1.50 1.12 3.30 4.00 3.11 1.95 1.97 1.88 1.24 0.00 0.00 0.00 0.00 0.00 0.00 0.00 0.00 0.00 0.00 0.00 0.00 0.00 0.00 0.00 0.00 0.00 0.00
1.58 1.58 1.56 1.55 1.57 1.63 1.76 1.83 1.88 1.91 1.96 2.00 2.04 2.10 2.14 2.18 2.23 2.29 2.35 2.41 2.47 2.49 2.51 2.56 2.67 2.74 2.78 2.84 2.88 2.93 2.99 3.07 3.16 3.24 3.32 3.50 3.63 2.27 2.04 0.08 0.10 0.13 0.26 1.51 2.02 2.12 2.06 2.14 2.81 4.19 1.00 0.83 0.07 0.10 0.02 0.35 1.06 1.02 1.47 3.60 4.03 2.77 1.84 2.28 2.87 0.00 0.00 0.00 0.00 0.00 0.00 0.00 0.00 0.00 0.00 0.00 0.00 0.00 0.00 0.00 0.00 0.00 0.00 0.00
1.18 1.52 1.61 1.60 1.60 1.62 1.70 1.77 1.84 1.90 1.98 2.01 2.05 2.10 2.14 2.18 2.23 2.28 2.34 2.40 2.46 2.48 2.51 2.55 2.67 2.72 2.76 2.82 2.87 2.92 2.99 3.07 3.15 3.23 3.32 3.49 3.49 2.25 2.35 2.13 0.02 0.15 0.38 1.80 2.16 2.59 2.35 2.17 3.33 4.23 1.05 0.97 0.14 0.12 0.08 0.63 0.98 1.62 2.05 3.79 4.09 2.90 1.89 2.57 2.24 0.00 0.00 0.00 0.00 0.00 0.00 0.00 0.00 0.00 0.00 0.00 0.00 0.00 0.00 0.00 0.00 0.00 0.00 0.00
