tsunami_inundation/3390.asc
ncols        89
nrows        96
xllcorner    425855.973699999973
yllcorner    5091051.504999999888
cellsize     55.000000000000
NODATA_value  -9999.00
[rows 37 to 73 of 96, columns 0 to 83 of 89]
0.54 0.63 1.39 1.60 1.66 1.66 1.68 1.73 1.79 1.94 1.99 2.03 2.07 2.12 2.16 2.19 2.23 2.28 2.33 2.37 2.42 2.48 2.56 2.61 2.66 2.71 2.75 2.80 2.85 2.91 2.98 3.06 3.14 3.22 3.31 3.37 3.11 2.24 2.35 2.42 0.09 0.16 0.52 1.82 2.20 2.81 2.71 2.33 4.15 4.27 1.12 1.02 0.14 0.04 0.21 0.47 1.03 1.90 2.03 4.04 4.12 3.48 3.05 2.77 1.45 0.00 0.00 0.00 0.00 0.00 0.00 0.00 0.00 0.00 0.00 0.00 0.00 0.00 0.00 0.00 0.00 0.00 0.00 0.00
0.50 0.54 0.80 0.66 0.76 1.65 1.27 1.76 1.79 1.89 1.95 2.01 2.07 2.14 2.18 2.22 2.26 2.29 2.32 2.35 2.39 2.47 2.56 2.61 2.65 2.68 2.71 2.75 2.84 2.91 2.98 3.06 3.14 3.23 3.26 2.82 2.19 2.25 2.32 1.27 0.00 0.14 0.62 1.86 2.29 2.64 2.33 2.74 4.33 1.42 1.15 0.94 0.12 0.06 0.23 0.28 1.45 2.06 2.22 4.14 4.14 3.73 3.33 2.42 1.98 0.00 0.00 0.00 0.00 0.00 0.00 0.00 0.00 0.00 0.00 0.00 0.00 0.00 0.00 0.00 0.00 0.00 0.00 0.00
0.49 0.52 0.56 0.61 0.66 0.74 0.86 1.69 1.80 1.85 1.92 1.99 2.04 2.13 2.19 2.24 2.27 2.30 2.32 2.34 2.38 2.45 2.56 2.60 2.63 2.65 2.68 2.73 2.84 2.91 2.98 3.05 3.11 3.11 2.98 2.89 2.18 2.26 2.31 0.36 0.00 0.16 1.05 1.94 2.20 2.52 2.39 3.76 4.33 1.42 1.20 0.96 0.17 0.11 0.27 0.43 1.59 2.04 2.57 4.16 4.16 3.76 2.07 2.44 3.11 0.00 0.00 0.00 0.00 0.00 0.00 0.00 0.00 0.00 0.00 0.00 0.00 0.00 0.00 0.00 0.00 0.00 0.00 0.00
0.48 0.51 0.54 0.59 0.64 0.70 0.77 0.90 1.01 1.18 1.65 1.85 1.98 2.10 2.19 2.24 2.28 2.31 2.33 2.35 2.39 2.47 2.57 2.61 2.63 2.64 2.68 2.74 2.86 2.92 2.93 2.75 2.69 2.69 2.78 2.39 2.14 2.25 2.35 0.10 0.03 0.09 1.47 2.05 2.28 2.54 2.60 4.39 4.39 1.41 1.26 1.04 0.23 0.14 0.21 0.78 2.04 2.45 3.59 4.17 4.17 3.67 2.59 2.17 2.62 1.88 0.00 0.00 0.00 0.00 0.00 0.00 0.00 0.00 0.00 0.00 0.00 0.00 0.00 0.00 0.00 0.00 0.00 0.00
0.48 0.50 0.53 0.58 0.63 0.69 0.75 0.83 0.90 0.97 1.18 1.34 1.54 1.75 2.01 2.25 2.21 2.27 2.36 2.32 2.44 2.51 2.56 2.62 2.62 2.62 2.63 2.64 2.59 2.53 2.50 2.52 2.56 2.64 2.76 2.80 2.13 2.25 2.32 0.13 0.05 0.00 1.24 2.14 2.39 2.41 3.20 4.42 4.41 1.29 1.21 0.97 0.25 0.15 0.17 1.39 2.62 3.75 4.18 4.16 4.18 3.99 3.16 2.37 2.26 2.08 2.25 2.37 0.22 0.00 0.00 0.00 0.00 0.00 0.00 0.00 0.00 0.00 0.00 0.00 0.00 0.00 0.00 0.00
0.48 0.50 0.53 0.58 0.62 0.68 0.73 0.81 0.92 0.98 1.06 1.11 1.18 1.26 1.38 1.47 1.56 1.67 1.77 1.86 2.38 1.98 2.45 2.44 2.42 2.37 2.31 2.27 2.30 2.35 2.41 2.47 2.53 2.61 2.71 2.06 2.13 2.26 1.87 0.00 0.15 0.23 1.42 2.13 2.48 2.45 4.02 4.44 4.44 1.54 1.23 0.87 0.24 0.19 0.40 2.05 3.73 4.19 3.07 2.34 3.59 4.20 2.99 2.38 2.29 2.02 2.14 1.34 0.00 0.00 0.00 0.00 0.00 0.00 0.00 0.00 0.00 0.00 0.00 0.00 0.00 0.00 0.00 0.00
0.49 0.51 0.54 0.58 0.63 0.67 0.72 0.77 0.84 0.96 1.03 1.08 1.14 1.20 1.29 1.36 1.44 1.52 1.60 1.67 1.73 1.81 1.83 1.87 1.93 1.99 2.09 2.12 2.19 2.33 2.40 2.45 2.50 2.56 2.65 2.68 2.14 2.29 1.73 0.00 0.27 0.52 1.75 2.17 2.46 2.46 4.47 4.46 3.64 1.56 1.23 1.23 1.03 0.48 1.12 2.08 2.94 3.60 3.00 2.87 3.61 4.21 2.98 2.26 2.31 2.11 2.02 0.00 0.00 0.00 0.00 0.00 0.00 0.00 0.00 0.00 0.00 0.00 0.00 0.00 0.00 0.00 0.00 0.00
0.50 0.53 0.57 0.60 0.64 0.68 0.72 0.77 0.84 0.96 1.02 1.07 1.12 1.17 1.23 1.33 1.40 1.47 1.54 1.60 1.65 1.69 1.78 1.83 1.90 1.97 2.03 2.08 2.18 2.31 2.36 2.35 2.44 2.51 2.61 1.97 2.16 2.32 0.00 0.00 0.02 0.94 2.55 2.41 2.43 2.38 4.49 4.50 2.49 1.52 1.26 1.24 1.18 0.58 1.50 2.11 2.15 2.26 2.23 2.39 2.69 4.23 3.03 2.20 1.55 1.06 0.74 0.00 0.00 0.00 0.00 0.00 0.00 0.00 0.00 0.00 0.00 0.00 0.00 0.00 0.00 0.00 0.00 0.00
0.51 0.54 0.58 0.61 0.64 0.68 0.73 0.77 0.91 0.97 1.02 1.06 1.11 1.16 1.22 1.32 1.38 1.45 1.50 1.55 1.60 1.71 1.75 1.80 1.86 1.94 2.01 2.06 2.11 2.18 2.24 2.30 2.35 2.48 2.54 1.93 2.16 2.33 0.03 0.03 0.21 1.98 2.64 2.36 2.40 2.39 4.52 1.93 1.60 1.48 1.32 1.29 1.03 0.72 1.76 2.08 2.09 2.11 2.08 2.34 3.01 4.23 2.64 1.94 0.00 0.00 0.00 0.00 0.00 0.00 0.00 0.00 0.00 0.00 0.00 0.00 0.00 0.00 0.00 0.00 0.00 0.00 0.00 0.00
0.51 0.55 0.59 0.62 0.65 0.69 0.74 0.79 0.92 0.97 1.02 1.06 1.11 1.16 1.21 1.30 1.36 1.42 1.47 1.51 1.55 1.64 1.70 1.76 1.82 1.90 1.98 2.05 2.08 2.15 2.21 2.27 2.33 2.41 2.46 1.84 2.13 1.07 0.01 0.01 1.26 2.16 2.47 2.56 2.41 2.39 4.55 1.78 1.58 1.44 1.32 1.35 0.90 1.04 1.91 2.18 2.15 2.01 1.95 2.92 4.23 3.52 2.20 0.73 0.00 0.00 0.00 0.00 0.00 0.00 0.00 0.00 0.00 0.00 0.00 0.00 0.00 0.00 0.00 0.00 0.00 0.00 0.00 0.00
0.52 0.57 0.60 0.63 0.66 0.71 0.76 0.81 0.94 0.98 1.03 1.07 1.12 1.17 1.22 1.30 1.35 1.38 1.42 1.45 1.49 1.59 1.68 1.74 1.81 1.89 1.97 2.04 2.07 2.11 2.19 2.25 2.31 2.39 2.43 1.87 2.07 0.12 0.00 0.02 1.30 2.34 2.35 2.50 3.19 3.16 4.59 3.68 1.49 1.45 1.35 1.29 0.83 1.20 1.92 2.24 2.12 1.94 2.08 4.25 2.97 2.23 0.61 0.00 0.00 0.00 0.00 0.00 0.00 0.00 0.00 0.00 0.00 0.00 0.00 0.00 0.00 0.00 0.00 0.00 0.00 0.00 0.00 0.00
0.54 0.58 0.61 0.64 0.68 0.72 0.78 0.83 0.95 1.00 1.05 1.09 1.14 1.19 1.24 1.30 1.34 1.37 1.40 1.43 1.47 1.51 1.66 1.73 1.79 1.87 1.95 2.01 2.06 2.09 2.16 2.23 2.30 2.36 2.36 1.89 2.06 0.05 0.00 0.04 1.40 2.37 2.22 2.46 2.79 2.63 4.65 1.64 1.53 1.47 1.35 0.99 0.75 1.18 1.88 2.10 2.05 2.15 2.63 4.29 2.64 1.96 0.00 0.00 0.00 0.00 0.00 0.00 0.00 0.00 0.00 0.00 0.00 0.00 0.00 0.00 0.00 0.00 0.00 0.00 0.00 0.00 0.00 0.00
0.55 0.59 0.62 0.66 0.70 0.75 0.81 0.86 0.97 1.02 1.06 1.11 1.17 1.21 1.26 1.29 1.33 1.36 1.38 1.41 1.45 1.55 1.64 1.71 1.78 1.85 1.92 1.99 2.04 2.07 2.14 2.21 2.27 2.32 2.24 1.91 1.98 0.02 0.00 0.43 2.11 2.58 2.48 2.56 2.52 2.61 4.69 3.87 1.55 1.55 1.34 0.64 0.72 1.19 1.95 2.10 2.08 2.31 2.51 3.92 2.67 1.81 0.00 0.00 0.00 0.00 0.00 0.00 0.00 0.00 0.00 0.00 0.00 0.00 0.00 0.00 0.00 0.00 0.00 0.00 0.00 0.00 0.00 0.00
0.57 0.60 0.63 0.67 0.72 0.78 0.83 0.87 0.98 1.03 1.08 1.14 1.19 1.24 1.28 1.31 1.34 1.35 1.38 1.41 1.44 1.54 1.63 1.70 1.77 1.83 1.90 1.95 2.02 2.06 2.10 2.18 2.24 2.29 1.77 1.92 0.88 0.07 0.25 1.15 2.22 2.52 2.56 2.63 2.61 2.73 4.72 1.73 1.61 1.68 1.24 1.27 1.44 1.44 2.00 2.23 2.18 2.40 2.47 4.03 4.34 1.39 0.00 0.00 0.00 0.00 0.00 0.00 0.00 0.00 0.00 0.00 0.00 0.00 0.00 0.00 0.00 0.00 0.00 0.00 0.00 0.00 0.00 0.00
0.58 0.60 0.65 0.69 0.75 0.80 0.84 0.93 1.00 1.05 1.10 1.16 1.22 1.26 1.30 1.32 1.34 1.36 1.38 1.41 1.50 1.55 1.61 1.70 1.76 1.82 1.88 1.92 2.00 2.04 2.07 2.14 2.20 1.68 1.77 1.83 0.00 0.20 0.68 1.26 1.76 2.16 2.19 2.08 2.39 3.30 4.74 1.80 1.75 1.73 1.29 1.68 1.42 1.56 2.15 2.35 2.17 2.24 2.36 3.50 4.39 0.00 0.00 0.00 0.00 0.00 0.00 0.00 0.00 0.00 0.00 0.00 0.00 0.00 0.00 0.00 0.00 0.00 0.00 0.00 0.00 0.00 0.00 0.00
0.58 0.61 0.67 0.71 0.76 0.81 0.86 0.93 1.01 1.06 1.12 1.19 1.24 1.28 1.31 1.33 1.36 1.37 1.40 1.43 1.52 1.58 1.63 1.70 1.76 1.82 1.87 1.92 1.99 2.04 2.05 2.13 2.17 1.57 1.73 1.51 0.00 0.43 1.38 1.13 1.23 1.46 1.53 1.77 2.57 4.12 4.24 1.85 1.81 1.65 1.33 1.57 1.46 1.73 2.19 2.52 2.31 2.28 2.54 4.42 2.30 0.00 0.00 0.00 0.00 0.00 0.00 0.00 0.00 0.00 0.00 0.00 0.00 0.00 0.00 0.00 0.00 0.00 0.00 0.00 0.00 0.00 0.00 0.00
0.59 0.62 0.69 0.73 0.78 0.82 0.86 0.94 0.99 1.08 1.14 1.21 1.26 1.29 1.32 1.34 1.38 1.41 1.43 1.46 1.50 1.60 1.64 1.71 1.76 1.82 1.87 1.91 1.99 2.04 2.05 2.12 2.12 2.05 1.68 0.54 0.39 0.50 1.47 0.84 0.58 0.74 1.35 2.25 2.98 4.76 4.76 1.73 1.82 1.62 1.44 1.57 1.64 2.06 2.29 2.35 2.52 2.70 2.87 3.49 1.10 0.00 0.00 0.00 0.00 0.00 0.00 0.00 0.00 0.00 0.00 0.00 0.00 0.00 0.00 0.00 0.00 0.00 0.00 0.00 0.00 0.00 0.00 0.00
0.59 0.64 0.70 0.74 0.78 0.82 0.91 0.96 1.02 1.11 1.17 1.22 1.27 1.30 1.33 1.36 1.39 1.43 1.46 1.49 1.57 1.61 1.66 1.72 1.77 1.83 1.87 1.92 1.98 2.04 2.07 2.11 2.10 1.98 1.61 0.35 0.37 0.32 1.53 0.72 0.60 0.83 1.67 2.47 3.27 4.77 3.93 1.60 1.78 1.59 1.61 1.62 1.64 2.16 2.37 2.49 2.96 3.46 3.85 4.49 0.00 0.00 0.00 0.00 0.00 0.00 0.00 0.00 0.00 0.00 0.00 0.00 0.00 0.00 0.00 0.00 0.00 0.00 0.00 0.00 0.00 0.00 0.00 0.00
0.59 0.64 0.71 0.74 0.78 0.82 0.87 0.98 1.04 1.13 1.19 1.24 1.28 1.31 1.34 1.38 1.41 1.46 1.49 1.55 1.59 1.63 1.67 1.74 1.78 1.83 1.87 1.92 1.98 2.03 2.08 2.11 2.10 1.46 1.47 0.03 0.29 0.37 1.33 0.58 0.86 1.57 2.30 2.59 4.29 4.77 3.67 1.66 1.86 1.57 1.40 1.55 1.80 2.30 2.52 2.62 3.12 4.40 4.55 3.32 0.00 0.00 0.00 0.00 0.00 0.00 0.00 0.00 0.00 0.00 0.00 0.00 0.00 0.00 0.00 0.00 0.00 0.00 0.00 0.00 0.00 0.00 0.00 0.00
0.54 0.61 0.67 0.74 0.78 0.83 0.93 0.99 1.06 1.15 1.21 1.26 1.30 1.34 1.38 1.41 1.45 1.50 1.53 1.56 1.62 1.65 1.69 1.74 1.80 1.85 1.89 1.94 1.98 2.03 2.09 2.14 2.12 1.39 0.21 0.21 0.20 0.87 1.20 0.57 0.93 1.74 2.42 2.69 4.78 4.78 2.77 1.73 1.91 1.32 1.13 1.46 1.93 2.37 2.66 3.32 4.39 4.54 4.55 4.32 0.00 0.00 0.00 0.00 0.00 0.00 0.00 0.00 0.00 0.00 0.00 0.00 0.00 0.00 0.00 0.00 0.00 0.00 0.00 0.00 0.00 0.00 0.00 0.00
0.51 0.58 0.65 0.73 0.78 0.83 0.94 1.00 1.07 1.16 1.22 1.27 1.32 1.36 1.41 1.46 1.50 1.55 1.58 1.61 1.66 1.69 1.72 1.76 1.84 1.89 1.94 1.98 2.02 2.06 2.12 2.15 1.64 1.42 0.19 0.14 0.09 0.99 0.98 0.60 1.00 2.02 2.59 3.29 4.78 4.78 1.77 1.75 1.78 1.00 1.29 1.42 1.75 2.58 3.67 4.45 4.68 4.67 4.64 3.14 1.21 0.00 0.00 0.00 0.00 0.00 0.00 0.00 0.00 0.00 0.00 0.00 0.00 0.00 0.00 0.00 0.00 0.00 0.00 0.00 0.00 0.00 0.00 0.00
0.46 0.53 0.60 0.71 0.77 0.82 0.88 1.00 1.05 1.11 1.20 1.27 1.33 1.38 1.44 1.50 1.55 1.62 1.69 1.74 1.76 1.77 1.78 1.81 1.87 1.92 1.97 2.02 2.05 2.08 2.14 2.16 1.50 1.27 0.04 0.19 0.15 1.05 0.82 0.70 1.55 2.37 2.81 3.99 4.78 4.78 1.71 1.72 1.66 0.88 1.27 1.56 2.12 3.21 4.46 4.65 4.68 4.68 3.61 2.65 2.27 0.00 0.00 0.00 0.00 0.00 0.00 0.00 0.00 0.00 0.00 0.00 0.00 0.00 0.00 0.00 0.00 0.00 0.00 0.00 0.00 0.00 0.00 0.00
0.41 0.47 0.55 0.67 0.74 0.80 0.90 0.95 1.01 1.06 1.16 1.22 1.30 1.39 1.45 1.53 1.60 1.66 1.75 1.82 1.84 1.85 1.85 1.86 1.90 1.94 2.00 2.04 2.08 2.10 2.14 2.17 2.11 1.19 0.03 0.31 0.42 1.00 0.87 0.95 2.31 2.74 3.04 3.92 4.78 4.78 1.62 1.65 1.42 0.71 1.31 2.05 2.75 4.52 4.70 4.70 4.69 4.33 3.06 2.41 2.39 1.11 0.00 0.00 0.00 0.00 0.00 0.00 0.00 0.00 0.00 0.00 0.00 0.00 0.00 0.00 0.00 0.00 0.00 0.00 0.00 0.00 0.00 0.00
0.32 0.38 0.46 0.54 0.67 0.75 0.88 0.93 0.97 1.03 1.12 1.19 1.27 1.35 1.44 1.52 1.61 1.69 1.80 1.89 1.92 1.93 1.93 1.93 1.94 1.97 2.01 2.06 2.10 2.12 2.14 2.17 2.11 0.68 0.23 0.37 0.61 1.20 0.88 1.84 2.74 2.93 3.16 4.40 4.77 2.54 1.87 1.85 1.43 0.97 1.57 2.46 3.52 4.62 4.57 4.61 4.61 4.33 4.18 2.44 2.33 2.36 2.13 0.04 0.00 0.00 0.00 0.00 0.00 0.00 0.00 0.00 0.00 0.00 0.00 0.00 0.00 0.00 0.00 0.00 0.00 0.00 0.00 0.00
0.28 0.34 0.41 0.49 0.62 0.70 0.84 0.90 0.95 1.01 1.10 1.17 1.24 1.33 1.42 1.51 1.60 1.68 1.86 1.92 1.96 1.99 1.99 1.99 2.00 2.01 2.03 2.07 2.10 2.12 2.13 2.17 2.13 0.23 0.32 0.34 1.04 1.13 1.08 2.29 2.55 2.63 3.15 4.40 4.76 2.90 1.91 1.74 1.25 1.47 1.95 2.83 4.15 4.44 4.41 4.70 4.64 4.45 2.85 2.59 2.40 2.28 1.74 0.00 0.00 0.00 0.00 0.00 0.00 0.00 0.00 0.00 0.00 0.00 0.00 0.00 0.00 0.00 0.00 0.00 0.00 0.00 0.00 0.00
0.25 0.31 0.38 0.45 0.57 0.64 0.80 0.87 0.93 0.99 1.06 1.16 1.23 1.32 1.41 1.49 1.58 1.66 1.78 1.90 1.96 2.01 2.05 2.09 2.12 2.06 2.13 2.12 2.11 2.11 2.14 2.18 0.61 0.09 0.34 0.32 1.15 1.04 1.47 2.42 2.49 2.66 2.61 3.36 4.76 3.89 1.77 1.67 1.56 1.78 2.34 2.94 4.40 4.48 4.74 4.72 4.25 3.94 3.07 2.10 1.97 0.21 0.00 0.00 0.00 0.00 0.00 0.00 0.00 0.00 0.00 0.00 0.00 0.00 0.00 0.00 0.00 0.00 0.00 0.00 0.00 0.00 0.00 0.00
0.24 0.29 0.35 0.42 0.52 0.59 0.74 0.82 0.90 0.98 1.06 1.17 1.24 1.32 1.41 1.49 1.57 1.64 1.82 1.88 1.95 2.00 2.05 2.10 2.14 2.18 2.17 2.16 2.14 2.11 2.13 2.16 0.11 0.12 0.35 0.36 0.98 1.19 1.82 2.63 2.58 3.15 2.67 4.27 4.75 4.28 1.79 1.68 1.66 2.21 2.51 2.90 4.30 4.55 4.74 4.26 2.50 1.14 0.00 0.00 0.00 0.00 0.00 0.00 0.00 0.00 0.00 0.00 0.00 0.00 0.00 0.00 0.00 0.00 0.00 0.00 0.00 0.00 0.00 0.00 0.00 0.00 0.00 0.00
0.24 0.29 0.34 0.40 0.48 0.54 0.69 0.78 0.87 0.95 1.04 1.18 1.27 1.35 1.43 1.50 1.58 1.65 1.72 1.89 1.95 2.01 2.06 2.11 2.16 2.21 2.22 2.20 2.17 2.13 2.12 2.16 0.05 0.27 0.32 0.52 0.51 1.22 2.09 2.73 3.12 3.67 3.63 4.35 4.74 4.37 1.67 1.63 2.10 2.49 2.85 3.99 4.53 4.69 4.05 1.86 0.00 0.00 0.00 0.00 0.00 0.00 0.00 0.00 0.00 0.00 0.00 0.00 0.00 0.00 0.00 0.00 0.00 0.00 0.00 0.00 0.00 0.00 0.00 0.00 0.00 0.00 0.00 0.00
0.25 0.29 0.33 0.37 0.42 0.57 0.64 0.73 0.83 0.93 1.02 1.17 1.27 1.35 1.44 1.52 1.59 1.66 1.83 1.90 1.97 2.03 2.08 2.12 2.17 2.21 2.25 2.23 2.18 2.13 2.12 2.31 0.16 0.34 0.25 0.37 0.45 1.95 2.53 2.80 2.64 3.62 3.39 3.48 4.74 3.52 1.75 2.37 2.86 3.15 4.19 4.55 4.65 4.77 3.20 0.70 0.00 0.00 0.00 0.00 0.00 0.00 0.00 0.00 0.00 0.00 0.00 0.00 0.00 0.00 0.00 0.00 0.00 0.00 0.00 0.00 0.00 0.00 0.00 0.00 0.00 0.00 0.00 0.00
0.27 0.29 0.32 0.36 0.48 0.55 0.63 0.72 0.82 0.92 1.01 1.15 1.25 1.34 1.43 1.52 1.60 1.67 1.85 1.92 1.98 2.04 2.09 2.13 2.17 2.20 2.24 2.23 2.18 2.12 2.11 2.34 0.00 0.38 0.51 0.46 0.94 2.29 2.60 2.57 2.63 2.60 2.63 2.96 2.22 1.76 2.15 2.63 3.25 3.61 4.34 4.51 4.59 4.60 2.61 0.00 0.00 0.00 0.00 0.00 0.00 0.00 0.00 0.00 0.00 0.00 0.00 0.00 0.00 0.00 0.00 0.00 0.00 0.00 0.00 0.00 0.00 0.00 0.00 0.00 0.00 0.00 0.00 0.00
0.27 0.29 0.32 0.35 0.39 0.54 0.62 0.72 0.82 0.92 1.01 1.10 1.24 1.32 1.41 1.50 1.59 1.67 1.86 1.92 1.98 2.04 2.08 2.12 2.14 2.17 2.22 2.22 2.17 2.14 2.18 1.30 0.05 0.34 0.56 0.56 1.33 2.34 2.55 2.56 2.50 2.57 2.58 3.32 1.71 2.38 2.43 2.52 2.81 3.30 4.15 4.54 4.59 4.49 3.15 0.00 0.00 0.00 0.00 0.00 0.00 0.00 0.00 0.00 0.00 0.00 0.00 0.00 0.00 0.00 0.00 0.00 0.00 0.00 0.00 0.00 0.00 0.00 0.00 0.00 0.00 0.00 0.00 0.00
0.27 0.29 0.32 0.35 0.48 0.54 0.62 0.73 0.83 0.92 1.01 1.10 1.23 1.32 1.40 1.49 1.57 1.73 1.81 1.91 1.95 2.00 2.04 2.08 2.12 2.15 2.19 2.21 2.18 2.16 2.10 1.25 0.05 0.17 0.51 0.71 1.65 2.28 2.49 2.48 2.48 2.50 2.67 3.52 1.92 2.40 2.45 2.46 2.75 3.01 3.09 3.82 4.55 4.44 3.46 0.00 0.00 0.00 0.00 0.00 0.00 0.00 0.00 0.00 0.00 0.00 0.00 0.00 0.00 0.00 0.00 0.00 0.00 0.00 0.00 0.00 0.00 0.00 0.00 0.00 0.00 0.00 0.00 0.00
0.29 0.30 0.32 0.36 0.41 0.56 0.64 0.74 0.84 0.93 1.02 1.11 1.24 1.32 1.41 1.49 1.57 1.71 1.78 1.87 1.93 1.98 2.03 2.08 2.13 2.16 2.19 2.22 2.21 2.16 1.36 1.36 0.04 0.00 0.30 0.95 1.61 2.05 2.37 2.41 2.39 2.56 2.94 3.03 2.12 2.39 2.43 2.46 2.66 2.97 2.94 3.11 4.47 4.30 3.36 0.00 0.00 0.00 0.00 0.00 0.00 0.00 0.00 0.00 0.00 0.00 0.00 0.00 0.00 0.00 0.00 0.00 0.00 0.00 0.00 0.00 0.00 0.00 0.00 0.00 0.00 0.00 0.00 0.00
0.32 0.33 0.36 0.39 0.50 0.58 0.66 0.77 0.87 0.95 1.04 1.13 1.26 1.34 1.42 1.49 1.56 1.63 1.75 1.85 1.90 1.97 2.02 2.08 2.13 2.17 2.19 2.23 2.21 2.12 0.98 1.36 0.05 0.00 0.33 0.91 1.57 1.66 2.16 2.31 2.38 2.61 3.24 1.60 2.13 2.36 2.47 2.51 2.53 2.73 2.91 3.11 4.51 4.67 3.70 1.92 0.00 0.22 0.00 0.00 0.00 0.00 0.00 0.00 0.00 0.00 0.00 0.00 0.00 0.00 0.00 0.00 0.00 0.00 0.00 0.00 0.00 0.00 0.00 0.00 0.00 0.00 0.00 0.00
0.34 0.39 0.43 0.48 0.58 0.66 0.73 0.81 0.90 0.98 1.06 1.15 1.27 1.34 1.41 1.48 1.54 1.60 1.71 1.80 1.87 1.94 2.01 2.08 2.15 2.20 2.23 2.22 2.13 2.00 1.90 0.94 0.03 0.16 0.58 0.98 1.59 1.56 1.85 2.17 2.31 2.85 3.58 1.45 1.98 2.26 2.39 2.49 3.41 3.63 3.65 4.00 4.76 4.59 3.96 3.67 2.78 2.67 2.15 0.31 0.00 0.00 0.00 0.00 0.00 0.00 0.00 0.00 0.00 0.00 0.00 0.00 0.00 0.00 0.00 0.00 0.00 0.00 0.00 0.00 0.00 0.00 0.00 0.00
0.34 0.40 0.45 0.58 0.64 0.73 0.79 0.86 0.94 1.01 1.09 1.17 1.25 1.34 1.40 1.45 1.51 1.61 1.67 1.77 1.84 1.92 2.00 2.08 2.17 2.23 2.24 2.09 1.96 1.88 1.54 0.14 0.19 0.22 0.63 0.73 1.24 1.50 1.91 2.20 2.38 3.04 3.78 2.00 2.19 2.21 2.25 2.58 3.89 4.83 4.88 4.90 4.80 4.06 3.88 3.75 3.41 2.72 2.49 1.62 0.17 0.00 0.00 0.00 0.00 0.00 0.00 0.00 0.00 0.00 0.00 0.00 0.00 0.00 0.00 0.00 0.00 0.00 0.00 0.00 0.00 0.00 0.00 0.00
0.26 0.33 0.42 0.60 0.67 0.78 0.85 0.92 0.99 1.06 1.14 1.21 1.27 1.35 1.40 1.45 1.55 1.60 1.66 1.73 1.84 1.91 1.99 2.08 2.17 2.10 2.02 1.90 1.83 1.76 1.06 0.00 0.08 0.20 0.64 0.61 0.94 1.53 2.08 2.50 2.70 3.04 3.67 1.69 3.96 3.08 2.38 2.61 3.64 4.83 4.87 4.90 4.81 3.99 3.81 3.81 3.69 2.82 1.54 0.44 0.12 0.01 0.00 0.00 0.00 0.00 0.00 0.00 0.00 0.00 0.00 0.00 0.00 0.00 0.00 0.00 0.00 0.00 0.00 0.00 0.00 0.00 0.00 0.00
