tsunami_inundation/3420.asc
ncols        89
nrows        96
xllcorner    425855.973699999973
yllcorner    5091051.504999999888
cellsize     55.000000000000
NODATA_value  -9999.00
[rows 0 to 36 of 96, columns 0 to 82 of 89]
-9999.00 0.50 0.43 0.33 0.39 0.31 0.30 0.30 0.30 0.35 0.37 0.40 0.42 0.44 0.50 0.54 0.59 0.71 0.77 0.82 0.87 0.93 0.97 1.01 1.05 1.09 1.13 1.19 1.29 1.35 1.47 1.53 1.58 1.61 1.65 1.73 1.80 1.91 2.17 2.20 0.93 0.08 0.01 0.32 0.27 0.01 0.02 0.03 0.03 1.68 3.47 3.74 3.72 3.72 3.72 3.73 3.76 3.78 3.78 1.88 2.54 2.66 2.27 1.71 0.17 0.00 0.14 1.38 2.27 2.48 1.88 1.82 1.35 1.71 1.39 0.00 0.00 0.00 0.00 0.00 0.00 0.00 0.00
-9999.00 0.55 0.51 0.51 0.52 0.51 0.48 0.40 0.50 0.52 0.46 0.48 0.50 0.52 0.58 0.63 0.74 0.80 0.86 0.91 0.96 1.03 1.06 1.10 1.12 1.16 1.20 1.24 1.37 1.42 1.48 1.53 1.56 1.59 1.64 1.74 1.80 1.88 2.13 2.38 1.12 0.06 0.02 0.07 0.30 0.18 0.06 0.03 1.97 3.41 3.74 3.71 3.70 3.69 3.70 3.71 3.74 3.77 3.77 1.94 2.58 2.77 2.61 1.76 0.02 0.01 0.14 1.69 2.42 2.55 2.03 1.40 1.40 1.59 1.46 0.00 0.00 0.00 0.00 0.00 0.00 0.00 0.00
-9999.00 0.65 0.66 0.67 0.66 0.63 0.59 0.57 0.59 0.63 0.68 0.57 0.79 0.85 0.72 0.82 0.88 0.94 1.00 1.06 1.11 1.18 1.21 1.24 1.26 1.27 1.30 1.33 1.36 1.44 1.48 1.52 1.55 1.60 1.65 1.70 1.76 1.81 2.00 2.26 1.66 0.00 0.00 0.00 0.09 0.29 0.20 1.64 3.22 3.74 3.72 3.70 3.68 3.67 3.68 3.71 3.72 3.75 3.56 2.28 2.52 2.92 2.78 1.70 0.72 0.01 0.35 1.78 2.19 2.65 2.25 0.98 1.05 1.38 0.00 0.00 0.00 0.00 0.00 0.00 0.00 0.00 0.00
-9999.00 0.81 0.84 0.83 0.78 0.73 0.70 0.72 0.77 0.83 0.90 0.95 0.99 1.02 0.93 0.99 1.09 1.14 1.20 1.25 1.30 1.37 1.41 1.44 1.46 1.47 1.58 1.57 1.53 1.52 1.53 1.54 1.58 1.62 1.67 1.70 1.73 1.78 1.91 2.09 2.01 0.15 0.00 0.01 0.01 0.08 0.23 2.56 3.62 3.72 3.70 3.67 3.66 3.66 3.66 3.69 3.71 3.74 3.64 2.74 2.62 2.93 2.72 1.58 0.72 0.57 1.31 2.16 2.54 2.78 2.41 1.21 1.19 1.08 0.00 0.00 0.00 0.00 0.00 0.00 0.00 0.00 0.00
-9999.00 0.98 1.00 0.95 0.91 0.90 0.92 0.98 0.99 0.99 1.00 1.01 1.03 1.06 1.09 1.19 1.23 1.28 1.33 1.37 1.44 1.49 1.54 1.58 1.63 1.67 1.71 1.73 1.72 1.66 1.64 1.63 1.63 1.66 1.69 1.70 1.74 1.78 1.85 1.96 1.97 0.50 0.01 0.01 0.01 0.01 1.39 3.09 3.70 3.69 3.67 3.66 3.64 3.64 3.65 3.67 3.69 3.72 3.75 3.26 2.83 3.30 2.61 1.52 0.46 0.59 1.33 1.91 2.52 2.88 2.52 1.25 1.31 0.30 0.00 0.00 0.00 0.00 0.00 0.00 0.00 0.00 0.00
-9999.00 1.12 1.14 1.13 1.15 1.16 1.13 1.07 1.04 1.03 1.02 1.02 1.03 1.06 1.09 1.19 1.24 1.29 1.34 1.39 1.44 1.49 1.55 1.59 1.63 1.67 1.72 1.75 1.80 1.81 1.80 1.77 1.74 1.73 1.72 1.72 1.77 1.83 1.86 1.90 1.86 0.47 0.02 0.02 0.01 0.01 1.78 3.43 3.67 3.66 3.64 3.62 3.62 3.61 3.62 3.64 3.67 3.71 3.74 3.76 3.79 3.72 3.34 2.41 0.41 0.58 1.45 2.04 2.64 3.00 2.63 1.31 1.29 0.00 0.00 0.00 0.00 0.00 0.00 0.00 0.00 0.00 0.00
-9999.00 1.40 1.36 1.32 1.27 1.20 1.14 1.09 1.05 1.03 1.02 1.02 1.03 1.06 1.09 1.19 1.23 1.28 1.33 1.38 1.43 1.49 1.55 1.59 1.63 1.68 1.74 1.77 1.85 1.88 1.89 1.89 1.88 1.85 1.80 1.78 1.82 1.87 1.91 1.92 1.90 0.12 0.02 0.03 0.04 0.00 1.17 2.96 3.62 3.61 3.61 3.60 3.60 3.59 3.60 3.63 3.65 3.68 3.73 3.76 3.78 3.78 3.62 3.30 1.99 0.73 1.56 2.12 2.65 3.09 2.77 1.52 1.34 0.00 0.00 0.00 0.00 0.00 0.00 0.00 0.00 0.00 0.00
-9999.00 1.39 1.34 1.30 1.25 1.19 1.14 1.09 1.06 1.04 1.03 1.03 1.04 1.06 1.09 1.18 1.23 1.27 1.32 1.37 1.43 1.48 1.56 1.60 1.65 1.70 1.75 1.81 1.94 2.01 2.06 2.06 2.06 2.05 1.93 1.89 1.88 1.91 1.93 2.04 2.19 1.24 0.03 0.03 0.06 0.06 1.36 2.87 3.58 3.58 3.58 3.58 3.57 3.57 3.59 3.61 3.64 3.67 2.43 2.79 3.77 3.78 3.79 3.79 3.80 2.68 1.61 2.21 2.72 3.16 2.98 2.12 2.00 0.00 0.00 0.00 0.00 0.00 0.00 0.00 0.00 0.00 0.00
-9999.00 1.33 1.30 1.27 1.24 1.20 1.16 1.13 1.09 1.08 1.06 1.06 1.06 1.08 1.10 1.19 1.23 1.28 1.33 1.38 1.44 1.49 1.57 1.62 1.69 1.73 1.77 1.89 1.96 2.05 2.10 2.14 2.15 2.13 2.10 2.06 2.11 2.04 2.00 2.08 2.21 0.00 0.09 0.00 0.01 0.50 1.83 3.04 3.54 3.54 3.55 3.55 3.56 3.56 3.57 3.60 3.62 3.64 1.46 1.34 2.37 3.78 3.80 3.80 3.81 3.82 1.88 2.31 2.62 3.22 3.27 2.80 2.54 0.00 0.00 0.00 0.00 0.00 0.00 0.00 0.00 0.00 0.00
-9999.00 1.35 1.28 1.27 1.25 1.23 1.20 1.17 1.14 1.12 1.11 1.10 1.10 1.11 1.14 1.22 1.26 1.32 1.37 1.41 1.47 1.52 1.58 1.66 1.71 1.76 1.80 1.84 1.96 2.06 2.12 2.18 2.21 2.21 2.15 2.13 2.15 2.13 2.08 2.12 2.37 0.30 0.02 0.00 0.27 1.24 2.69 3.46 3.49 3.51 3.52 3.54 3.54 3.54 3.56 3.58 3.60 2.27 0.95 1.39 1.82 2.34 2.10 2.24 3.77 3.84 2.29 2.22 2.82 3.30 3.15 2.74 2.48 0.00 0.00 0.00 0.00 0.00 0.00 0.00 0.00 0.00 0.00
-9999.00 1.39 1.29 1.28 1.27 1.25 1.22 1.20 1.17 1.16 1.14 1.15 1.15 1.17 1.19 1.27 1.31 1.35 1.39 1.43 1.48 1.53 1.59 1.67 1.73 1.77 1.82 1.87 1.97 2.03 2.13 2.21 2.25 2.25 2.22 2.21 2.21 2.21 2.20 2.22 2.43 2.04 2.21 1.41 1.06 2.48 3.34 3.42 3.46 3.49 3.51 3.51 3.52 3.53 3.54 3.55 2.66 1.05 1.21 1.75 1.86 1.93 1.86 1.86 3.39 3.85 2.75 2.38 2.92 3.37 3.32 2.75 2.78 1.21 0.00 0.00 0.00 0.00 0.00 0.00 0.00 0.00 0.00
-9999.00 1.42 1.30 1.28 1.26 1.24 1.22 1.20 1.19 1.18 1.18 1.18 1.18 1.20 1.24 1.29 1.32 1.36 1.40 1.44 1.48 1.53 1.59 1.67 1.73 1.78 1.84 1.95 2.00 2.05 2.14 2.21 2.25 2.26 2.27 2.30 2.30 2.28 2.32 2.36 2.47 2.13 2.47 2.72 3.04 3.20 3.30 3.37 3.41 3.46 3.47 3.48 3.49 3.52 3.52 3.53 2.11 0.68 0.82 1.78 1.90 2.11 2.02 2.04 3.11 3.86 3.18 2.75 3.16 3.43 3.24 2.67 2.88 2.52 1.22 0.00 0.00 0.00 0.00 0.00 0.00 0.00 0.00
1.42 1.32 1.29 1.26 1.24 1.21 1.19 1.18 1.18 1.18 1.18 1.18 1.19 1.22 1.25 1.29 1.32 1.36 1.40 1.44 1.48 1.53 1.58 1.66 1.72 1.78 1.85 1.99 2.03 2.07 2.14 2.20 2.23 2.27 2.32 2.40 2.43 2.44 2.53 2.56 2.16 2.13 2.50 2.77 3.07 3.21 3.28 3.33 3.39 3.44 3.47 3.48 3.49 3.50 3.49 3.45 1.18 0.58 0.94 1.71 1.82 1.88 1.87 1.94 2.80 3.86 2.37 2.59 3.05 3.48 3.31 2.56 2.67 2.50 2.73 1.62 0.00 0.00 0.00 0.00 0.00 0.00 0.00
1.40 1.31 1.27 1.24 1.21 1.19 1.17 1.15 1.15 1.15 1.16 1.17 1.19 1.20 1.24 1.27 1.32 1.35 1.39 1.43 1.47 1.52 1.58 1.65 1.71 1.78 1.86 2.01 2.04 2.08 2.13 2.17 2.22 2.30 2.40 2.46 2.51 2.56 2.68 2.66 2.22 2.04 2.48 2.76 3.02 3.19 3.27 3.32 3.38 3.44 3.47 3.49 3.49 3.48 3.48 2.39 0.85 0.55 1.53 1.73 1.84 1.77 1.77 1.98 2.66 3.87 2.31 2.12 2.75 3.73 3.22 2.59 2.51 2.53 2.80 2.69 2.39 1.73 0.00 0.00 0.00 0.00 0.00
1.37 1.28 1.25 1.23 1.20 1.18 1.16 1.14 1.13 1.14 1.15 1.16 1.18 1.21 1.23 1.26 1.31 1.34 1.38 1.42 1.47 1.53 1.57 1.62 1.71 1.78 1.85 1.97 2.02 2.07 2.13 2.17 2.23 2.33 2.44 2.52 2.58 2.68 2.87 2.84 2.39 1.84 2.39 2.76 2.96 3.15 3.26 3.32 3.37 3.44 3.48 3.49 3.48 3.47 3.46 1.70 0.50 0.81 1.59 1.72 1.74 1.80 2.16 1.94 2.66 3.88 1.98 2.51 2.83 3.73 3.03 2.50 2.46 2.38 2.58 2.43 2.08 1.77 1.56 0.03 0.00 0.00 0.00
1.34 1.27 1.23 1.21 1.19 1.17 1.16 1.14 1.14 1.14 1.14 1.16 1.17 1.22 1.24 1.27 1.32 1.35 1.38 1.43 1.48 1.52 1.57 1.61 1.69 1.76 1.82 1.92 1.99 2.05 2.11 2.17 2.25 2.36 2.47 2.56 2.65 2.79 3.04 3.12 2.54 1.76 2.29 2.70 2.91 3.08 3.19 3.31 3.36 3.43 3.47 3.49 3.49 3.47 3.35 1.71 0.00 1.06 1.64 1.70 1.66 1.82 1.84 1.77 2.80 2.14 2.35 3.05 3.75 3.73 3.33 2.41 2.29 2.29 2.45 2.41 1.95 1.56 1.69 0.36 0.14 0.00 0.00
1.28 1.22 1.18 1.16 1.16 1.15 1.15 1.14 1.14 1.14 1.15 1.15 1.16 1.21 1.24 1.27 1.32 1.35 1.38 1.42 1.47 1.50 1.54 1.58 1.66 1.72 1.77 1.89 1.96 2.04 2.10 2.18 2.27 2.38 2.50 2.61 2.73 2.90 3.07 3.31 2.70 2.03 2.31 2.67 2.88 2.97 3.04 3.21 3.32 3.41 3.45 3.49 3.50 3.48 2.84 1.66 0.16 1.49 1.89 1.86 2.11 1.95 2.00 1.92 3.11 2.11 2.27 2.86 3.75 3.75 3.74 2.47 2.36 2.15 2.48 2.39 1.94 1.58 1.39 0.74 0.16 0.00 0.00
1.20 1.14 1.06 1.05 1.05 1.06 1.07 1.09 1.10 1.12 1.13 1.13 1.13 1.15 1.21 1.24 1.29 1.33 1.36 1.40 1.43 1.46 1.50 1.55 1.63 1.69 1.79 1.86 1.95 2.02 2.08 2.18 2.30 2.42 2.53 2.66 2.80 2.98 3.16 3.39 2.87 2.47 2.51 2.64 2.78 2.78 2.89 3.10 3.31 3.41 3.47 3.50 3.51 3.50 2.51 1.28 0.58 1.68 1.84 2.06 2.17 1.86 1.95 2.11 3.75 2.68 2.42 2.99 3.76 3.76 3.65 2.35 2.95 2.32 2.88 2.65 2.27 1.65 1.38 0.44 0.00 0.00 0.00
1.05 1.03 0.99 0.98 0.98 0.99 1.00 1.02 1.05 1.07 1.09 1.09 1.10 1.14 1.17 1.20 1.24 1.29 1.33 1.37 1.40 1.43 1.47 1.52 1.61 1.66 1.72 1.85 1.93 2.00 2.06 2.19 2.33 2.48 2.60 2.74 2.88 3.03 3.21 3.67 2.91 2.58 2.61 2.67 2.67 2.59 2.29 2.93 3.36 3.47 3.51 3.52 3.53 3.53 2.94 0.90 0.64 1.53 1.49 2.09 1.95 1.97 2.32 3.23 3.84 2.02 2.73 3.35 3.77 3.76 3.73 2.71 3.12 2.27 2.78 2.31 2.03 1.76 1.32 0.00 0.00 0.00 0.00
1.00 0.94 0.90 0.87 0.87 0.88 0.94 0.97 0.99 1.02 1.05 1.06 1.07 1.11 1.13 1.16 1.20 1.27 1.31 1.34 1.38 1.41 1.46 1.51 1.56 1.70 1.76 1.84 1.92 1.99 2.06 2.23 2.38 2.52 2.65 2.80 2.93 3.02 3.14 3.51 3.11 2.61 2.64 2.67 2.65 2.31 0.01 1.86 3.33 3.53 3.54 3.54 3.55 3.55 3.55 0.49 0.78 1.48 1.41 1.83 1.94 3.63 3.83 3.84 2.30 1.68 2.46 3.05 3.77 3.77 3.78 3.69 3.08 2.39 2.81 2.36 2.28 2.01 0.00 0.00 0.00 0.00 0.00
0.96 0.91 0.87 0.84 0.84 0.84 0.89 0.92 0.94 0.97 0.96 1.03 1.06 1.10 1.12 1.14 1.18 1.25 1.29 1.33 1.36 1.40 1.46 1.51 1.55 1.63 1.77 1.85 1.92 1.99 2.07 2.18 2.40 2.54 2.69 2.86 2.99 3.04 3.10 3.71 3.52 2.69 2.62 2.67 1.62 0.03 0.04 1.93 2.96 3.55 3.58 3.56 3.57 3.57 3.57 0.19 0.77 1.38 1.41 1.76 2.05 3.83 3.84 3.85 1.99 2.44 2.42 3.24 3.78 3.78 3.78 3.78 3.13 1.98 2.75 2.58 2.43 1.76 0.00 0.00 0.00 0.00 0.00
0.93 0.88 0.85 0.82 0.82 0.82 0.84 0.85 0.87 0.89 0.92 1.01 1.05 1.09 1.12 1.14 1.18 1.23 1.27 1.30 1.35 1.40 1.45 1.50 1.55 1.69 1.77 1.85 1.92 1.99 2.08 2.19 2.40 2.55 2.72 2.89 3.03 3.08 3.19 3.49 3.50 2.87 2.59 2.67 0.49 0.20 0.01 1.70 2.25 2.54 2.99 3.60 3.61 3.61 2.82 0.07 0.01 0.75 1.27 1.89 2.03 3.54 3.85 3.86 2.62 2.38 2.39 3.11 3.78 3.78 3.78 3.75 3.11 1.97 2.75 2.68 1.98 0.00 0.00 0.00 0.00 0.00 0.00
0.89 0.85 0.82 0.80 0.80 0.81 0.83 0.84 0.86 0.88 0.90 0.95 1.00 1.08 1.12 1.16 1.20 1.23 1.26 1.30 1.34 1.40 1.45 1.50 1.55 1.70 1.78 1.85 1.92 2.00 2.09 2.20 2.39 2.55 2.72 2.90 3.03 3.09 3.18 3.40 3.41 2.85 2.55 2.50 0.02 0.02 0.17 1.82 1.79 1.64 2.03 3.65 3.65 3.64 1.97 0.00 0.05 0.15 1.21 1.92 2.01 3.67 3.86 3.86 2.36 2.55 2.55 2.58 3.78 3.78 3.78 3.66 3.35 2.19 2.79 1.72 0.00 0.00 0.00 0.00 0.00 0.00 0.00
0.88 0.83 0.80 0.78 0.79 0.81 0.83 0.84 0.86 0.88 0.90 0.95 1.03 1.08 1.13 1.18 1.21 1.25 1.28 1.30 1.35 1.40 1.45 1.50 1.56 1.72 1.78 1.85 1.92 2.00 2.10 2.20 2.38 2.54 2.72 2.88 2.98 3.05 3.08 3.22 3.19 2.60 2.42 0.07 0.00 0.00 0.79 1.90 1.87 1.71 2.24 3.46 3.70 3.68 1.21 0.00 0.00 0.44 1.48 1.91 2.38 3.86 3.86 2.75 1.98 2.76 2.65 2.71 3.79 3.79 3.79 3.65 3.38 2.33 1.43 0.00 0.00 0.00 0.00 0.00 0.00 0.00 0.00
0.86 0.82 0.79 0.78 0.78 0.80 0.82 0.85 0.87 0.89 0.91 0.95 1.02 1.07 1.13 1.18 1.22 1.26 1.30 1.33 1.37 1.41 1.46 1.52 1.58 1.65 1.80 1.85 1.92 2.01 2.10 2.21 2.38 2.53 2.69 2.84 2.93 2.99 3.14 3.12 3.06 2.53 2.42 0.06 0.00 0.48 1.67 1.83 1.81 1.75 2.41 3.78 3.74 3.73 0.45 0.00 0.00 0.92 1.83 2.02 3.13 3.87 3.15 1.96 1.92 2.63 2.41 2.83 3.79 3.79 3.55 3.79 2.67 2.37 0.00 0.00 0.00 0.00 0.00 0.00 0.00 0.00 0.00
0.84 0.80 0.77 0.76 0.77 0.80 0.82 0.85 0.87 0.90 0.92 0.94 1.03 1.07 1.12 1.17 1.22 1.27 1.34 1.37 1.41 1.44 1.48 1.54 1.67 1.76 1.81 1.86 1.95 2.03 2.11 2.21 2.31 2.51 2.67 2.81 2.90 2.95 3.01 3.08 2.99 2.52 2.28 0.03 0.00 1.08 1.71 1.90 1.89 1.74 2.44 3.82 3.78 3.76 0.12 0.07 0.33 1.47 1.86 2.10 3.29 3.88 3.19 2.03 2.18 2.58 2.19 2.87 3.79 3.79 3.55 3.79 2.88 2.63 0.00 0.00 0.00 0.00 0.00 0.00 0.00 0.00 0.00
0.82 0.79 0.76 0.75 0.76 0.79 0.82 0.85 0.88 0.90 0.93 0.95 1.04 1.08 1.12 1.16 1.22 1.27 1.35 1.39 1.43 1.46 1.50 1.55 1.61 1.76 1.82 1.89 1.96 2.04 2.12 2.20 2.30 2.48 2.62 2.76 2.88 2.92 3.04 3.05 2.97 2.54 1.95 0.02 0.18 1.49 1.64 1.91 1.91 1.82 2.66 3.87 3.82 2.57 0.04 0.00 0.42 1.48 1.69 1.89 3.81 3.89 3.30 1.96 2.14 2.31 2.32 3.10 3.79 3.80 3.79 3.80 3.13 2.66 1.98 0.00 0.00 0.00 0.00 0.00 0.00 0.00 0.00
0.80 0.77 0.75 0.74 0.75 0.78 0.81 0.85 0.88 0.91 0.94 1.01 1.05 1.08 1.12 1.16 1.21 1.27 1.33 1.40 1.44 1.48 1.52 1.57 1.68 1.77 1.83 1.90 1.97 2.04 2.12 2.20 2.30 2.46 2.60 2.72 2.80 2.87 3.01 3.01 2.96 2.56 1.03 0.00 0.39 1.60 1.68 1.92 1.96 2.53 3.97 3.94 3.36 0.11 0.09 0.06 0.39 1.20 1.66 2.34 3.89 3.89 3.03 1.92 2.09 1.85 2.06 2.86 3.64 3.68 3.40 3.80 3.80 1.68 0.30 0.00 0.00 0.00 0.00 0.00 0.00 0.00 0.00
0.78 0.75 0.72 0.72 0.73 0.77 0.81 0.84 0.87 0.90 0.94 1.02 1.05 1.08 1.12 1.16 1.22 1.27 1.32 1.40 1.45 1.50 1.55 1.59 1.64 1.74 1.84 1.91 1.98 2.04 2.11 2.19 2.27 2.43 2.57 2.66 2.75 2.84 2.97 3.01 2.98 2.13 0.03 0.03 1.34 1.63 1.69 1.94 2.04 2.95 4.05 4.00 1.45 0.00 0.08 0.00 0.50 1.27 1.76 2.92 3.89 3.89 2.75 1.79 2.33 2.04 2.37 3.10 2.93 2.61 2.73 3.80 3.30 0.00 0.00 0.00 0.00 0.00 0.00 0.00 0.00 0.00 0.00
0.76 0.73 0.71 0.70 0.71 0.76 0.80 0.83 0.86 0.90 0.94 1.03 1.06 1.09 1.12 1.17 1.22 1.27 1.32 1.39 1.45 1.51 1.56 1.61 1.65 1.74 1.85 1.92 1.98 2.03 2.09 2.15 2.24 2.37 2.53 2.62 2.72 2.91 2.96 3.04 1.79 0.02 0.00 0.16 1.34 1.63 1.54 1.80 2.09 3.40 4.10 3.56 0.62 0.03 0.05 0.00 0.75 1.45 1.94 3.39 3.90 3.90 2.82 1.90 2.52 2.06 2.62 3.38 3.12 2.28 2.12 2.53 2.17 0.00 0.00 0.00 0.00 0.00 0.00 0.00 0.00 0.00 0.00
0.74 0.71 0.69 0.69 0.70 0.75 0.78 0.81 0.85 0.89 0.97 1.01 1.06 1.09 1.13 1.18 1.23 1.27 1.31 1.38 1.44 1.51 1.57 1.62 1.70 1.75 1.85 1.92 1.97 2.02 2.07 2.14 2.25 2.36 2.50 2.59 2.69 2.89 2.95 3.11 0.00 0.10 0.00 0.41 1.25 1.63 1.55 1.78 2.76 4.17 4.14 1.06 0.54 0.00 0.06 0.08 0.99 1.51 2.01 3.55 3.91 3.91 3.09 2.36 1.85 2.12 2.84 3.63 2.13 0.00 0.00 0.00 0.00 0.00 0.00 0.00 0.00 0.00 0.00 0.00 0.00 0.00 0.00
0.72 0.69 0.68 0.68 0.69 0.73 0.77 0.80 0.84 0.88 0.97 1.00 1.05 1.09 1.13 1.18 1.23 1.27 1.31 1.37 1.43 1.50 1.56 1.62 1.71 1.76 1.85 1.91 1.96 2.00 2.06 2.14 2.25 2.34 2.47 2.56 2.66 2.84 2.95 3.25 0.98 0.13 0.00 0.26 1.31 1.67 1.63 1.78 2.98 4.18 1.99 0.90 0.46 0.00 0.03 0.78 1.23 1.68 1.91 3.86 3.92 3.83 3.06 2.31 2.04 2.29 2.70 3.51 0.00 0.00 0.00 0.00 0.00 0.00 0.00 0.00 0.00 0.00 0.00 0.00 0.00 0.00 0.00
0.70 0.68 0.66 0.66 0.67 0.71 0.75 0.79 0.83 0.88 0.95 0.99 1.05 1.10 1.14 1.18 1.23 1.27 1.31 1.35 1.43 1.48 1.55 1.67 1.72 1.77 1.85 1.90 1.94 1.99 2.05 2.15 2.24 2.31 2.44 2.54 2.63 2.85 3.07 3.38 0.98 0.04 0.00 0.31 1.45 1.69 1.71 1.82 2.27 4.19 1.18 0.79 0.28 0.03 0.00 0.75 1.45 1.73 2.10 2.82 3.95 3.78 3.07 2.23 1.97 2.18 2.44 2.18 0.00 0.00 0.00 0.00 0.00 0.00 0.00 0.00 0.00 0.00 0.00 0.00 0.00 0.00 0.00
0.68 0.66 0.65 0.64 0.64 0.68 0.73 0.77 0.82 0.86 0.90 0.98 1.05 1.10 1.14 1.18 1.22 1.26 1.31 1.35 1.42 1.47 1.53 1.67 1.73 1.78 1.83 1.88 1.92 1.98 2.05 2.15 2.23 2.28 2.41 2.51 2.73 2.97 3.31 1.16 0.37 0.05 0.07 0.79 1.66 1.82 1.79 1.86 2.28 4.18 1.01 0.73 0.09 0.06 0.06 0.12 1.30 1.76 1.28 2.71 3.97 3.24 2.83 1.99 2.16 2.09 1.98 0.00 0.00 0.00 0.00 0.00 0.00 0.00 0.00 0.00 0.00 0.00 0.00 0.00 0.00 0.00 0.00
0.68 0.65 0.63 0.62 0.62 0.65 0.71 0.76 0.81 0.85 0.88 0.97 1.05 1.10 1.14 1.18 1.22 1.26 1.31 1.36 1.42 1.47 1.52 1.67 1.74 1.79 1.82 1.87 1.91 1.97 2.05 2.14 2.20 2.25 2.33 2.50 2.61 3.05 1.83 0.02 0.33 0.00 0.16 1.01 1.82 1.93 1.89 1.95 2.41 4.19 0.98 0.74 0.09 0.09 0.03 0.07 1.39 1.50 1.12 3.30 4.00 3.11 1.96 1.97 1.89 1.24 0.00 0.00 0.00 0.00 0.00 0.00 0.00 0.00 0.00 0.00 0.00 0.00 0.00 0.00 0.00 0.00 0.00
0.68 0.65 0.62 0.60 0.60 0.63 0.70 0.75 0.79 0.83 0.92 0.97 1.02 1.09 1.13 1.17 1.21 1.26 1.31 1.36 1.42 1.46 1.52 1.59 1.73 1.78 1.81 1.85 1.90 1.97 2.04 2.12 2.18 2.25 2.34 2.51 2.61 2.97 2.93 0.23 0.05 0.08 0.24 1.50 2.00 2.11 2.04 2.12 2.81 4.20 1.00 0.83 0.10 0.09 0.02 0.36 1.07 1.02 1.47 3.60 4.04 2.77 1.84 2.29 2.87 0.00 0.00 0.00 0.00 0.00 0.00 0.00 0.00 0.00 0.00 0.00 0.00 0.00 0.00 0.00 0.00 0.00 0.00
0.69 0.65 0.61 0.59 0.59 0.62 0.69 0.74 0.78 0.82 0.91 0.96 1.01 1.08 1.12 1.16 1.21 1.26 1.31 1.35 1.41 1.46 1.51 1.58 1.71 1.76 1.79 1.85 1.90 1.96 2.03 2.10 2.17 2.24 2.34 2.53 2.63 2.83 3.00 2.42 0.01 0.11 0.37 1.80 2.16 2.59 2.34 2.14 3.31 4.22 1.04 0.97 0.19 0.11 0.08 0.63 0.98 1.63 2.05 3.79 4.09 2.90 1.89 2.57 2.25 0.00 0.00 0.00 0.00 0.00 0.00 0.00 0.00 0.00 0.00 0.00 0.00 0.00 0.00 0.00 0.00 0.00 0.00
