tsunami_inundation/3420.asc
ncols        89
nrows        96
xllcorner    425855.973699999973
yllcorner    5091051.504999999888
cellsize     55.000000000000
NODATA_value  -9999.00
[rows 37 to 73 of 96, columns 0 to 82 of 89]
0.68 0.65 0.62 0.59 0.59 0.62 0.68 0.72 0.77 0.86 0.90 0.95 0.99 1.05 1.10 1.14 1.19 1.24 1.29 1.33 1.38 1.45 1.57 1.63 1.69 1.73 1.77 1.84 1.90 1.96 2.02 2.09 2.16 2.25 2.34 2.54 2.66 2.83 2.86 2.37 0.07 0.11 0.53 1.82 2.19 2.80 2.69 2.30 4.12 4.25 1.11 1.02 0.18 0.03 0.21 0.48 1.04 1.90 2.03 4.04 4.12 3.48 3.05 2.77 1.45 0.00 0.00 0.00 0.00 0.00 0.00 0.00 0.00 0.00 0.00 0.00 0.00 0.00 0.00 0.00 0.00 0.00 0.00
0.66 0.66 0.62 0.62 0.61 0.62 0.65 0.71 0.75 0.85 0.89 0.93 0.96 1.03 1.08 1.13 1.18 1.23 1.27 1.32 1.37 1.45 1.56 1.61 1.66 1.70 1.75 1.81 1.90 1.95 2.01 2.07 2.15 2.25 2.35 2.66 2.75 2.84 2.68 0.94 0.00 0.10 0.64 1.87 2.28 2.62 2.30 2.71 4.30 1.40 1.15 0.94 0.16 0.05 0.22 0.28 1.46 2.06 2.23 4.14 4.15 3.73 3.33 2.42 1.98 0.00 0.00 0.00 0.00 0.00 0.00 0.00 0.00 0.00 0.00 0.00 0.00 0.00 0.00 0.00 0.00 0.00 0.00
0.62 0.63 0.64 0.64 0.64 0.64 0.66 0.71 0.75 0.83 0.87 0.91 0.95 1.02 1.07 1.11 1.16 1.21 1.25 1.30 1.35 1.44 1.54 1.59 1.63 1.68 1.74 1.81 1.90 1.95 2.00 2.06 2.14 2.24 2.36 2.47 2.73 2.69 2.19 0.12 0.00 0.12 1.07 1.94 2.18 2.50 2.36 3.73 4.30 1.39 1.19 0.94 0.21 0.11 0.26 0.44 1.60 2.04 2.57 4.16 4.16 3.76 2.07 2.43 3.11 0.00 0.00 0.00 0.00 0.00 0.00 0.00 0.00 0.00 0.00 0.00 0.00 0.00 0.00 0.00 0.00 0.00 0.00
0.61 0.60 0.61 0.63 0.65 0.67 0.69 0.74 0.77 0.80 0.87 0.90 0.94 0.99 1.05 1.10 1.14 1.18 1.23 1.28 1.34 1.42 1.52 1.56 1.61 1.66 1.73 1.80 1.90 1.95 1.99 2.04 2.12 2.23 2.35 2.61 2.60 2.43 2.09 0.07 0.03 0.07 1.48 2.05 2.27 2.52 2.57 4.35 4.35 1.39 1.25 1.02 0.26 0.15 0.21 0.78 2.05 2.46 3.60 4.18 4.17 3.67 2.59 2.17 2.62 1.87 0.00 0.00 0.00 0.00 0.00 0.00 0.00 0.00 0.00 0.00 0.00 0.00 0.00 0.00 0.00 0.00 0.00
0.65 0.61 0.60 0.61 0.63 0.67 0.72 0.76 0.79 0.81 0.87 0.91 0.95 0.99 1.04 1.08 1.11 1.15 1.21 1.25 1.32 1.40 1.45 1.54 1.59 1.66 1.72 1.80 1.89 1.93 1.97 2.04 2.12 2.22 2.35 2.47 2.41 2.32 2.01 0.10 0.03 0.00 1.23 2.14 2.38 2.38 3.16 4.38 4.37 1.26 1.19 0.95 0.28 0.16 0.18 1.40 2.62 3.76 4.18 4.16 4.18 3.99 3.15 2.37 2.25 2.07 2.24 2.36 0.20 0.00 0.00 0.00 0.00 0.00 0.00 0.00 0.00 0.00 0.00 0.00 0.00 0.00 0.00
0.70 0.67 0.64 0.62 0.63 0.66 0.70 0.76 0.84 0.87 0.90 0.96 0.98 1.01 1.05 1.07 1.11 1.15 1.20 1.24 1.31 1.33 1.46 1.52 1.59 1.65 1.72 1.78 1.86 1.92 1.98 2.04 2.13 2.24 2.33 2.27 2.40 2.27 1.52 0.00 0.11 0.26 1.43 2.14 2.47 2.42 3.99 4.40 4.40 1.50 1.21 0.86 0.28 0.23 0.42 2.07 3.74 4.20 3.07 2.35 3.59 4.20 2.99 2.38 2.28 2.00 2.13 1.32 0.00 0.00 0.00 0.00 0.00 0.00 0.00 0.00 0.00 0.00 0.00 0.00 0.00 0.00 0.00
0.59 0.66 0.67 0.67 0.67 0.68 0.70 0.73 0.79 0.89 0.94 0.98 1.01 1.04 1.07 1.09 1.12 1.15 1.19 1.23 1.26 1.37 1.43 1.49 1.57 1.63 1.70 1.75 1.81 1.93 2.00 2.06 2.12 2.16 2.12 2.10 2.38 2.17 1.38 0.00 0.26 0.55 1.76 2.17 2.45 2.43 4.43 4.42 3.59 1.52 1.21 1.22 1.05 0.52 1.14 2.11 2.96 3.61 3.00 2.87 3.61 4.21 2.98 2.26 2.30 2.10 2.00 0.00 0.00 0.00 0.00 0.00 0.00 0.00 0.00 0.00 0.00 0.00 0.00 0.00 0.00 0.00 0.00
-0.02 0.09 0.28 0.49 0.63 0.68 0.70 0.73 0.80 0.91 0.96 0.99 1.03 1.05 1.08 1.12 1.15 1.17 1.20 1.22 1.26 1.30 1.43 1.50 1.57 1.63 1.68 1.73 1.81 1.94 1.97 1.70 1.93 1.91 2.05 2.26 2.33 2.13 0.04 0.00 0.01 0.93 2.55 2.40 2.42 2.36 4.46 4.45 2.44 1.48 1.24 1.24 1.20 0.60 1.52 2.14 2.18 2.28 2.23 2.39 2.69 4.22 3.03 2.19 1.55 1.05 0.73 0.00 0.00 0.00 0.00 0.00 0.00 0.00 0.00 0.00 0.00 0.00 0.00 0.00 0.00 0.00 0.00
-0.08 -0.06 -0.01 0.08 0.21 0.38 0.55 0.68 0.85 0.91 0.96 1.00 1.05 1.09 1.13 1.17 1.20 1.22 1.23 1.25 1.28 1.41 1.47 1.53 1.58 1.60 1.60 1.56 1.49 1.45 1.53 1.60 1.70 1.83 1.95 2.16 2.21 2.03 0.03 0.03 0.25 1.98 2.65 2.36 2.39 2.36 4.48 1.87 1.55 1.44 1.29 1.28 1.03 0.73 1.78 2.11 2.13 2.13 2.08 2.34 3.00 4.22 2.64 1.93 0.00 0.00 0.00 0.00 0.00 0.00 0.00 0.00 0.00 0.00 0.00 0.00 0.00 0.00 0.00 0.00 0.00 0.00 0.00
-0.09 -0.08 -0.06 -0.03 -0.01 0.04 0.13 0.27 0.67 0.81 0.91 0.98 1.03 1.09 1.14 1.20 1.23 1.25 1.27 1.29 1.32 1.40 1.40 1.37 1.26 1.16 1.14 1.18 1.25 1.43 1.53 1.61 1.69 1.80 1.90 2.11 2.10 0.75 0.01 0.00 1.26 2.18 2.49 2.57 2.41 2.36 4.51 1.72 1.53 1.38 1.28 1.33 0.90 1.05 1.95 2.23 2.19 2.04 1.95 2.91 4.23 3.52 2.20 0.72 0.00 0.00 0.00 0.00 0.00 0.00 0.00 0.00 0.00 0.00 0.00 0.00 0.00 0.00 0.00 0.00 0.00 0.00 0.00
-0.10 -0.09 -0.07 -0.05 -0.04 -0.01 0.02 0.07 0.24 0.35 0.49 0.64 0.80 0.94 1.04 1.14 1.02 1.06 1.09 1.11 1.13 1.12 1.06 1.01 0.98 1.00 1.06 1.14 1.25 1.37 1.52 1.60 1.67 1.78 1.89 2.12 1.90 0.04 0.00 0.02 1.30 2.35 2.37 2.50 3.17 3.13 4.54 3.62 1.42 1.38 1.29 1.26 0.83 1.22 1.96 2.30 2.17 1.98 2.08 4.24 2.96 2.22 0.60 0.00 0.00 0.00 0.00 0.00 0.00 0.00 0.00 0.00 0.00 0.00 0.00 0.00 0.00 0.00 0.00 0.00 0.00 0.00 0.00
-0.10 -0.10 -0.08 -0.06 -0.04 -0.02 0.01 0.05 0.14 0.19 0.26 0.33 0.41 0.49 0.55 0.64 0.69 0.74 0.79 0.83 0.86 0.88 0.91 0.92 0.93 0.98 1.04 1.12 1.23 1.34 1.49 1.58 1.67 1.77 1.88 2.10 1.83 0.05 0.00 0.04 1.40 2.37 2.22 2.45 2.76 2.58 4.58 1.56 1.45 1.40 1.29 0.95 0.76 1.20 1.92 2.16 2.11 2.20 2.64 4.30 2.63 1.95 0.00 0.00 0.00 0.00 0.00 0.00 0.00 0.00 0.00 0.00 0.00 0.00 0.00 0.00 0.00 0.00 0.00 0.00 0.00 0.00 0.00
-0.11 -0.11 -0.10 -0.07 -0.04 -0.00 0.03 0.06 0.14 0.19 0.26 0.33 0.40 0.46 0.52 0.57 0.65 0.70 0.74 0.79 0.83 0.87 0.89 0.91 0.93 0.97 1.02 1.09 1.20 1.32 1.47 1.58 1.67 1.76 1.86 2.05 1.82 0.02 0.00 0.41 2.09 2.57 2.46 2.53 2.47 2.55 4.62 3.79 1.46 1.46 1.27 0.60 0.71 1.21 1.99 2.15 2.13 2.36 2.55 3.93 2.66 1.80 0.00 0.00 0.00 0.00 0.00 0.00 0.00 0.00 0.00 0.00 0.00 0.00 0.00 0.00 0.00 0.00 0.00 0.00 0.00 0.00 0.00
-0.12 -0.13 -0.11 -0.08 -0.04 0.00 0.03 0.06 0.15 0.21 0.27 0.34 0.41 0.47 0.53 0.58 0.66 0.71 0.76 0.80 0.84 0.88 0.89 0.91 0.94 0.97 1.02 1.08 1.20 1.31 1.45 1.59 1.68 1.76 1.98 1.95 0.62 0.05 0.27 1.14 2.21 2.50 2.54 2.60 2.56 2.67 4.64 1.63 1.51 1.58 1.16 1.24 1.43 1.47 2.04 2.28 2.24 2.47 2.56 4.07 4.36 1.39 0.00 0.00 0.00 0.00 0.00 0.00 0.00 0.00 0.00 0.00 0.00 0.00 0.00 0.00 0.00 0.00 0.00 0.00 0.00 0.00 0.00
-0.13 -0.14 -0.12 -0.08 -0.04 -0.00 0.03 0.10 0.17 0.22 0.29 0.36 0.42 0.48 0.54 0.60 0.69 0.74 0.79 0.84 0.89 0.89 0.90 0.92 0.95 0.99 1.03 1.09 1.20 1.30 1.44 1.60 1.71 1.87 1.97 1.85 0.03 0.21 0.68 1.25 1.75 2.14 2.16 2.04 2.33 3.23 4.66 1.71 1.64 1.63 1.21 1.65 1.42 1.60 2.18 2.38 2.21 2.31 2.46 3.56 4.47 0.00 0.00 0.00 0.00 0.00 0.00 0.00 0.00 0.00 0.00 0.00 0.00 0.00 0.00 0.00 0.00 0.00 0.00 0.00 0.00 0.00 0.00
-0.14 -0.15 -0.14 -0.10 -0.06 -0.02 0.02 0.10 0.17 0.23 0.29 0.36 0.42 0.49 0.55 0.62 0.72 0.78 0.84 0.88 0.94 0.94 0.95 0.96 0.98 1.03 1.07 1.11 1.21 1.31 1.39 1.61 1.72 1.86 1.93 1.46 0.02 0.43 1.37 1.11 1.20 1.43 1.48 1.71 2.50 4.04 4.15 1.74 1.70 1.55 1.25 1.52 1.46 1.73 2.20 2.53 2.32 2.34 2.62 4.54 2.42 0.00 0.00 0.00 0.00 0.00 0.00 0.00 0.00 0.00 0.00 0.00 0.00 0.00 0.00 0.00 0.00 0.00 0.00 0.00 0.00 0.00 0.00
-0.15 -0.17 -0.16 -0.12 -0.08 -0.04 0.00 0.09 0.14 0.23 0.29 0.36 0.42 0.49 0.55 0.63 0.75 0.83 0.89 0.94 0.97 1.00 1.00 1.00 1.02 1.06 1.10 1.15 1.24 1.32 1.40 1.60 1.72 1.78 1.89 0.48 0.35 0.50 1.46 0.81 0.53 0.68 1.29 2.18 2.90 4.68 4.68 1.63 1.71 1.52 1.35 1.51 1.59 2.02 2.26 2.33 2.49 2.71 2.93 3.59 1.23 0.00 0.00 0.00 0.00 0.00 0.00 0.00 0.00 0.00 0.00 0.00 0.00 0.00 0.00 0.00 0.00 0.00 0.00 0.00 0.00 0.00 0.00
-0.16 -0.19 -0.19 -0.15 -0.12 -0.07 0.03 0.07 0.13 0.21 0.28 0.34 0.41 0.48 0.55 0.63 0.72 0.83 0.90 0.95 1.03 1.06 1.06 1.06 1.07 1.10 1.12 1.18 1.27 1.35 1.43 1.60 1.71 1.77 1.87 0.33 0.32 0.30 1.51 0.69 0.55 0.76 1.60 2.39 3.19 4.69 3.85 1.50 1.68 1.49 1.51 1.53 1.59 2.13 2.35 2.49 2.95 3.48 3.90 4.62 0.00 0.00 0.00 0.00 0.00 0.00 0.00 0.00 0.00 0.00 0.00 0.00 0.00 0.00 0.00 0.00 0.00 0.00 0.00 0.00 0.00 0.00 0.00
-0.17 -0.21 -0.22 -0.20 -0.16 -0.11 -0.05 0.06 0.12 0.20 0.26 0.33 0.39 0.47 0.55 0.63 0.71 0.82 0.89 1.00 1.05 1.09 1.12 1.13 1.13 1.15 1.16 1.22 1.31 1.38 1.46 1.61 1.71 1.83 1.96 0.02 0.21 0.34 1.30 0.55 0.81 1.49 2.21 2.51 4.21 4.69 3.59 1.56 1.75 1.46 1.30 1.47 1.76 2.28 2.52 2.62 3.13 4.42 4.61 3.45 0.00 0.00 0.00 0.00 0.00 0.00 0.00 0.00 0.00 0.00 0.00 0.00 0.00 0.00 0.00 0.00 0.00 0.00 0.00 0.00 0.00 0.00 0.00
-0.18 -0.21 -0.23 -0.22 -0.18 -0.13 -0.01 0.05 0.10 0.19 0.25 0.31 0.38 0.46 0.54 0.62 0.70 0.81 0.87 0.93 1.05 1.11 1.16 1.19 1.21 1.21 1.21 1.27 1.35 1.42 1.49 1.64 1.71 1.93 0.72 0.15 0.16 0.85 1.17 0.53 0.88 1.66 2.33 2.60 4.69 4.69 2.69 1.63 1.80 1.21 1.05 1.41 1.92 2.36 2.66 3.32 4.39 4.56 4.61 4.42 0.00 0.00 0.00 0.00 0.00 0.00 0.00 0.00 0.00 0.00 0.00 0.00 0.00 0.00 0.00 0.00 0.00 0.00 0.00 0.00 0.00 0.00 0.00
-0.19 -0.21 -0.23 -0.23 -0.19 -0.14 -0.03 0.04 0.09 0.18 0.24 0.31 0.38 0.45 0.53 0.61 0.68 0.78 0.85 0.91 1.05 1.12 1.18 1.24 1.33 1.35 1.35 1.36 1.41 1.48 1.56 1.64 1.82 2.00 0.63 0.09 0.05 0.96 0.94 0.55 0.93 1.94 2.50 3.20 4.69 4.70 1.68 1.65 1.68 0.90 1.24 1.40 1.75 2.57 3.66 4.43 4.67 4.68 4.69 3.25 1.32 0.00 0.00 0.00 0.00 0.00 0.00 0.00 0.00 0.00 0.00 0.00 0.00 0.00 0.00 0.00 0.00 0.00 0.00 0.00 0.00 0.00 0.00
-0.20 -0.22 -0.23 -0.22 -0.19 -0.15 -0.10 0.02 0.07 0.13 0.24 0.31 0.38 0.45 0.53 0.60 0.66 0.76 0.82 0.97 1.05 1.13 1.20 1.27 1.37 1.42 1.44 1.45 1.48 1.52 1.60 1.68 1.87 2.03 0.03 0.15 0.12 1.02 0.78 0.64 1.48 2.29 2.73 3.91 4.70 4.70 1.62 1.64 1.56 0.79 1.25 1.56 2.12 3.20 4.45 4.63 4.67 4.67 3.67 2.74 2.37 0.00 0.00 0.00 0.00 0.00 0.00 0.00 0.00 0.00 0.00 0.00 0.00 0.00 0.00 0.00 0.00 0.00 0.00 0.00 0.00 0.00 0.00
-0.22 -0.22 -0.22 -0.21 -0.18 -0.15 -0.06 -0.01 0.06 0.13 0.24 0.32 0.38 0.45 0.52 0.57 0.64 0.71 0.81 0.97 1.05 1.13 1.21 1.29 1.39 1.47 1.52 1.54 1.56 1.58 1.63 1.70 1.79 2.22 0.02 0.29 0.40 0.98 0.84 0.87 2.23 2.67 2.96 3.83 4.69 4.70 1.54 1.57 1.35 0.68 1.35 2.05 2.74 4.50 4.68 4.68 4.68 4.32 3.09 2.48 2.48 1.23 0.00 0.00 0.00 0.00 0.00 0.00 0.00 0.00 0.00 0.00 0.00 0.00 0.00 0.00 0.00 0.00 0.00 0.00 0.00 0.00 0.00
-0.25 -0.23 -0.22 -0.21 -0.19 -0.16 -0.07 -0.01 0.05 0.13 0.24 0.31 0.38 0.44 0.50 0.56 0.63 0.70 0.81 0.97 1.06 1.14 1.22 1.30 1.41 1.49 1.57 1.62 1.65 1.66 1.68 1.73 1.89 1.77 0.14 0.36 0.60 1.19 0.83 1.77 2.67 2.86 3.09 4.33 4.69 2.46 1.80 1.79 1.39 1.01 1.59 2.45 3.49 4.60 4.55 4.60 4.60 4.33 4.19 2.48 2.41 2.48 2.27 0.16 0.00 0.00 0.00 0.00 0.00 0.00 0.00 0.00 0.00 0.00 0.00 0.00 0.00 0.00 0.00 0.00 0.00 0.00 0.00
-0.27 -0.24 -0.22 -0.21 -0.19 -0.17 -0.08 -0.02 0.05 0.13 0.24 0.31 0.37 0.43 0.49 0.56 0.62 0.69 0.89 0.98 1.07 1.15 1.23 1.31 1.39 1.50 1.59 1.67 1.73 1.75 1.76 1.81 2.21 0.89 0.28 0.34 1.02 1.09 1.02 2.22 2.48 2.55 3.07 4.33 4.69 2.83 1.85 1.70 1.24 1.49 1.93 2.78 4.11 4.41 4.39 4.68 4.64 4.46 2.86 2.61 2.47 2.40 1.88 0.00 0.00 0.00 0.00 0.00 0.00 0.00 0.00 0.00 0.00 0.00 0.00 0.00 0.00 0.00 0.00 0.00 0.00 0.00 0.00
-0.27 -0.25 -0.23 -0.22 -0.20 -0.18 -0.08 -0.02 0.05 0.12 0.20 0.30 0.36 0.42 0.49 0.55 0.62 0.69 0.81 0.98 1.08 1.17 1.26 1.34 1.42 1.52 1.63 1.73 1.84 1.87 1.93 2.53 2.20 0.02 0.31 0.32 1.12 0.99 1.41 2.36 2.42 2.59 2.54 3.29 4.69 3.83 1.72 1.65 1.55 1.76 2.28 2.88 4.35 4.43 4.71 4.71 4.25 3.95 3.08 2.12 2.03 0.38 0.00 0.00 0.00 0.00 0.00 0.00 0.00 0.00 0.00 0.00 0.00 0.00 0.00 0.00 0.00 0.00 0.00 0.00 0.00 0.00 0.00
-0.27 -0.25 -0.23 -0.22 -0.21 -0.18 -0.08 -0.02 0.05 0.12 0.19 0.29 0.35 0.42 0.48 0.54 0.61 0.68 0.89 0.99 1.09 1.18 1.28 1.36 1.43 1.55 1.64 1.75 1.87 1.95 2.34 2.75 0.96 0.00 0.33 0.34 0.94 1.13 1.77 2.57 2.51 3.08 2.59 4.21 4.69 4.22 1.76 1.67 1.64 2.15 2.43 2.84 4.24 4.49 4.71 4.24 2.51 1.18 0.00 0.00 0.00 0.00 0.00 0.00 0.00 0.00 0.00 0.00 0.00 0.00 0.00 0.00 0.00 0.00 0.00 0.00 0.00 0.00 0.00 0.00 0.00 0.00 0.00
-0.26 -0.24 -0.23 -0.22 -0.20 -0.17 -0.07 -0.01 0.05 0.12 0.18 0.27 0.33 0.40 0.47 0.53 0.60 0.68 0.76 0.99 1.09 1.19 1.29 1.37 1.45 1.57 1.66 1.78 1.92 2.13 2.50 2.89 0.59 0.24 0.30 0.49 0.48 1.17 2.03 2.66 3.05 3.59 3.56 4.28 4.68 4.32 1.65 1.63 2.08 2.43 2.78 3.92 4.45 4.60 3.98 1.79 0.00 0.00 0.00 0.00 0.00 0.00 0.00 0.00 0.00 0.00 0.00 0.00 0.00 0.00 0.00 0.00 0.00 0.00 0.00 0.00 0.00 0.00 0.00 0.00 0.00 0.00 0.00
-0.26 -0.24 -0.23 -0.21 -0.20 -0.11 -0.06 0.00 0.06 0.11 0.17 0.26 0.32 0.39 0.46 0.53 0.60 0.67 0.89 0.99 1.09 1.19 1.29 1.37 1.46 1.54 1.69 1.82 1.98 2.24 2.55 2.91 0.00 0.31 0.22 0.34 0.42 1.90 2.47 2.74 2.57 3.55 3.32 3.42 4.68 3.49 1.77 2.38 2.82 3.09 4.11 4.45 4.56 4.68 3.11 0.56 0.00 0.00 0.00 0.00 0.00 0.00 0.00 0.00 0.00 0.00 0.00 0.00 0.00 0.00 0.00 0.00 0.00 0.00 0.00 0.00 0.00 0.00 0.00 0.00 0.00 0.00 0.00
-0.28 -0.25 -0.22 -0.20 -0.14 -0.10 -0.05 0.00 0.06 0.11 0.16 0.25 0.31 0.38 0.45 0.52 0.60 0.67 0.88 0.98 1.08 1.18 1.27 1.36 1.45 1.55 1.71 1.86 2.04 2.30 2.56 2.89 0.13 0.35 0.48 0.42 0.90 2.24 2.54 2.50 2.57 2.54 2.58 2.92 2.19 1.75 2.18 2.64 3.22 3.53 4.25 4.42 4.49 4.50 2.51 0.00 0.00 0.00 0.00 0.00 0.00 0.00 0.00 0.00 0.00 0.00 0.00 0.00 0.00 0.00 0.00 0.00 0.00 0.00 0.00 0.00 0.00 0.00 0.00 0.00 0.00 0.00 0.00
-0.32 -0.28 -0.24 -0.20 -0.17 -0.09 -0.05 0.01 0.06 0.10 0.15 0.21 0.30 0.37 0.45 0.52 0.60 0.67 0.88 0.97 1.06 1.16 1.25 1.34 1.44 1.55 1.74 1.92 2.12 2.32 2.53 2.87 0.03 0.31 0.53 0.51 1.29 2.29 2.50 2.50 2.45 2.52 2.54 3.29 1.69 2.39 2.47 2.53 2.77 3.21 4.05 4.45 4.49 4.38 3.05 0.00 0.00 0.00 0.00 0.00 0.00 0.00 0.00 0.00 0.00 0.00 0.00 0.00 0.00 0.00 0.00 0.00 0.00 0.00 0.00 0.00 0.00 0.00 0.00 0.00 0.00 0.00 0.00
-0.37 -0.33 -0.28 -0.23 -0.12 -0.09 -0.05 0.00 0.06 0.10 0.15 0.20 0.30 0.38 0.45 0.53 0.60 0.75 0.83 0.96 1.04 1.14 1.23 1.33 1.44 1.56 1.78 1.96 2.14 2.34 2.70 2.89 0.03 0.14 0.47 0.67 1.61 2.24 2.45 2.43 2.44 2.46 2.63 3.49 1.89 2.41 2.49 2.48 2.72 2.92 3.00 3.73 4.45 4.33 3.37 0.00 0.00 0.00 0.00 0.00 0.00 0.00 0.00 0.00 0.00 0.00 0.00 0.00 0.00 0.00 0.00 0.00 0.00 0.00 0.00 0.00 0.00 0.00 0.00 0.00 0.00 0.00 0.00
-0.43 -0.39 -0.33 -0.28 -0.23 -0.12 -0.07 -0.01 0.05 0.10 0.15 0.21 0.32 0.39 0.47 0.55 0.62 0.76 0.84 0.96 1.04 1.14 1.24 1.33 1.45 1.58 1.81 1.99 2.16 2.31 2.68 2.89 0.03 0.00 0.26 0.90 1.57 2.01 2.32 2.37 2.36 2.53 2.91 3.00 2.11 2.40 2.48 2.51 2.65 2.89 2.84 3.03 4.40 4.24 3.32 0.00 0.00 0.00 0.00 0.00 0.00 0.00 0.00 0.00 0.00 0.00 0.00 0.00 0.00 0.00 0.00 0.00 0.00 0.00 0.00 0.00 0.00 0.00 0.00 0.00 0.00 0.00 0.00
-0.50 -0.45 -0.39 -0.34 -0.23 -0.17 -0.11 -0.06 0.02 0.09 0.16 0.23 0.35 0.42 0.50 0.58 0.65 0.72 0.86 0.98 1.06 1.15 1.25 1.34 1.46 1.58 1.72 1.98 2.17 2.30 2.64 2.87 0.03 0.00 0.27 0.87 1.53 1.61 2.11 2.27 2.34 2.58 3.21 1.58 2.13 2.37 2.52 2.58 2.56 2.69 2.84 3.04 4.47 4.65 3.71 2.02 0.11 0.41 0.00 0.00 0.00 0.00 0.00 0.00 0.00 0.00 0.00 0.00 0.00 0.00 0.00 0.00 0.00 0.00 0.00 0.00 0.00 0.00 0.00 0.00 0.00 0.00 0.00
-0.55 -0.53 -0.47 -0.42 -0.31 -0.24 -0.18 -0.10 -0.02 0.06 0.14 0.23 0.36 0.44 0.53 0.61 0.69 0.75 0.89 1.01 1.09 1.17 1.26 1.35 1.46 1.57 1.70 1.97 2.17 2.31 2.38 2.74 0.03 0.11 0.53 0.94 1.54 1.51 1.80 2.13 2.28 2.83 3.55 1.44 1.97 2.27 2.43 2.57 3.46 3.63 3.62 3.97 4.74 4.59 4.01 3.78 3.03 2.91 2.40 0.64 0.00 0.00 0.00 0.00 0.00 0.00 0.00 0.00 0.00 0.00 0.00 0.00 0.00 0.00 0.00 0.00 0.00 0.00 0.00 0.00 0.00 0.00 0.00
-0.61 -0.57 -0.52 -0.41 -0.36 -0.28 -0.21 -0.13 -0.05 0.03 0.12 0.21 0.30 0.44 0.53 0.62 0.71 0.85 0.93 1.03 1.11 1.18 1.26 1.34 1.44 1.55 1.69 1.97 2.16 2.30 2.37 0.81 0.15 0.17 0.58 0.69 1.20 1.45 1.86 2.15 2.34 3.01 3.75 1.97 2.18 2.21 2.28 2.65 3.95 4.87 4.88 4.89 4.81 4.08 3.93 3.85 3.56 2.89 2.70 1.95 0.69 0.00 0.00 0.00 0.00 0.00 0.00 0.00 0.00 0.00 0.00 0.00 0.00 0.00 0.00 0.00 0.00 0.00 0.00 0.00 0.00 0.00 0.00
-0.65 -0.61 -0.56 -0.46 -0.40 -0.31 -0.23 -0.15 -0.07 0.02 0.10 0.19 0.29 0.43 0.52 0.62 0.80 0.88 0.95 1.02 1.12 1.18 1.25 1.33 1.44 1.58 1.72 1.97 2.16 2.31 2.31 0.15 0.08 0.16 0.58 0.57 0.90 1.48 2.02 2.45 2.66 3.00 3.64 1.67 3.94 3.07 2.39 2.67 3.71 4.89 4.91 4.92 4.82 4.00 3.85 3.87 3.74 2.87 1.62 0.84 0.49 0.02 0.00 0.00 0.00 0.00 0.00 0.00 0.00 0.00 0.00 0.00 0.00 0.00 0.00 0.00 0.00 0.00 0.00 0.00 0.00 0.00 0.00
