tsunami_inundation/3450.asc
ncols        89
nrows        96
xllcorner    425855.973699999973
yllcorner    5091051.504999999888
cellsize     55.000000000000
NODATA_value  -9999.00
[rows 0 to 35 of 96, columns 0 to 82 of 89]
-9999.00 1.11 1.00 0.89 0.82 0.78 0.65 0.57 0.49 0.45 0.39 0.35 0.31 0.29 0.30 0.31 0.33 0.38 0.41 0.45 0.50 0.57 0.62 0.68 0.73 0.79 0.85 0.90 1.00 1.05 1.16 1.22 1.26 1.29 1.34 1.59 1.91 2.29 3.12 3.49 3.70 0.00 0.01 0.31 0.26 0.01 0.02 0.03 0.04 1.59 3.39 3.68 3.68 3.68 3.67 3.66 3.67 3.70 3.73 1.87 2.58 2.70 2.31 1.73 0.11 0.00 0.17 1.41 2.30 2.51 1.91 1.84 1.38 1.73 1.41 0.00 0.00 0.00 0.00 0.00 0.00 0.00 0.00
-9999.00 1.13 1.03 0.87 0.82 0.78 0.70 0.61 0.59 0.53 0.43 0.39 0.35 0.33 0.33 0.34 0.37 0.40 0.43 0.46 0.51 0.58 0.63 0.69 0.75 0.81 0.86 0.92 1.09 1.14 1.20 1.27 1.34 1.40 1.47 1.68 1.93 2.32 3.08 3.40 3.62 0.00 0.02 0.06 0.30 0.17 0.06 0.03 1.90 3.34 3.68 3.68 3.68 3.68 3.67 3.66 3.67 3.70 3.73 1.93 2.58 2.76 2.60 1.76 0.00 0.01 0.16 1.73 2.46 2.59 2.06 1.42 1.43 1.62 1.49 0.00 0.00 0.00 0.00 0.00 0.00 0.00 0.00
-9999.00 1.18 0.97 0.89 0.83 0.78 0.73 0.66 0.62 0.57 0.53 0.44 0.44 0.41 0.36 0.38 0.39 0.42 0.44 0.48 0.52 0.59 0.64 0.70 0.76 0.82 0.88 0.94 1.01 1.17 1.25 1.33 1.43 1.48 1.55 1.66 1.96 2.29 3.05 3.40 3.63 0.00 0.00 0.00 0.09 0.28 0.18 1.59 3.16 3.68 3.68 3.68 3.68 3.68 3.67 3.66 3.67 3.70 3.51 2.25 2.48 2.87 2.75 1.68 0.68 0.01 0.39 1.82 2.24 2.70 2.30 1.02 1.07 1.40 0.00 0.00 0.00 0.00 0.00 0.00 0.00 0.00 0.00
-9999.00 1.22 1.01 0.91 0.82 0.76 0.71 0.65 0.62 0.59 0.55 0.51 0.48 0.45 0.40 0.40 0.42 0.44 0.47 0.50 0.54 0.61 0.67 0.72 0.78 0.84 0.92 0.98 1.13 1.20 1.28 1.37 1.47 1.55 1.60 1.67 1.94 2.20 3.02 3.44 3.62 1.18 0.00 0.01 0.01 0.07 0.20 2.51 3.56 3.66 3.66 3.66 3.67 3.67 3.66 3.66 3.67 3.69 3.60 2.70 2.56 2.88 2.69 1.58 0.69 0.62 1.35 2.20 2.58 2.83 2.47 1.26 1.21 1.10 0.00 0.00 0.00 0.00 0.00 0.00 0.00 0.00 0.00
-9999.00 1.24 1.04 0.92 0.82 0.75 0.69 0.64 0.61 0.59 0.56 0.53 0.50 0.48 0.47 0.47 0.48 0.50 0.53 0.54 0.61 0.66 0.71 0.76 0.82 0.88 0.95 1.01 1.07 1.22 1.29 1.38 1.47 1.56 1.64 1.70 1.93 2.13 2.71 3.43 3.53 2.58 0.01 0.01 0.01 0.01 1.34 3.03 3.64 3.64 3.64 3.65 3.65 3.65 3.65 3.65 3.66 3.68 3.71 3.21 2.78 3.26 2.59 1.54 0.47 0.64 1.36 1.94 2.56 2.92 2.58 1.31 1.34 0.32 0.00 0.00 0.00 0.00 0.00 0.00 0.00 0.00 0.00
-9999.00 1.23 1.06 0.94 0.83 0.74 0.67 0.61 0.59 0.57 0.55 0.53 0.51 0.49 0.49 0.49 0.50 0.52 0.54 0.58 0.62 0.67 0.73 0.78 0.86 0.92 0.99 1.04 1.20 1.25 1.31 1.38 1.47 1.56 1.65 1.75 1.96 2.11 2.39 3.04 3.42 2.39 0.02 0.02 0.01 0.01 1.72 3.37 3.61 3.61 3.60 3.61 3.61 3.61 3.62 3.63 3.65 3.67 3.70 3.72 3.74 3.69 3.34 2.44 0.47 0.61 1.48 2.07 2.68 3.04 2.68 1.37 1.32 0.00 0.00 0.00 0.00 0.00 0.00 0.00 0.00 0.00 0.00
-9999.00 1.15 1.07 0.96 0.85 0.74 0.66 0.61 0.57 0.56 0.54 0.52 0.50 0.49 0.49 0.51 0.52 0.53 0.56 0.59 0.63 0.68 0.76 0.81 0.87 0.94 1.01 1.07 1.21 1.28 1.33 1.39 1.47 1.57 1.68 1.80 1.99 2.11 2.26 2.71 3.12 0.01 0.02 0.02 0.03 0.00 1.08 2.88 3.56 3.56 3.56 3.57 3.58 3.58 3.59 3.61 3.63 3.65 3.68 3.72 3.75 3.77 3.63 3.33 2.03 0.77 1.59 2.14 2.67 3.12 2.82 1.59 1.37 0.00 0.00 0.00 0.00 0.00 0.00 0.00 0.00 0.00 0.00
-9999.00 1.11 1.06 0.96 0.85 0.74 0.66 0.61 0.57 0.55 0.53 0.51 0.49 0.49 0.49 0.52 0.53 0.55 0.57 0.60 0.64 0.69 0.77 0.83 0.89 0.95 1.02 1.09 1.23 1.32 1.40 1.47 1.55 1.64 1.71 1.83 1.96 2.17 2.24 2.40 2.90 3.01 0.03 0.02 0.05 0.02 1.24 2.77 3.51 3.52 3.53 3.53 3.54 3.55 3.57 3.58 3.60 3.62 2.39 2.75 3.75 3.78 3.80 3.82 3.83 2.70 1.62 2.22 2.75 3.19 3.03 2.19 2.05 0.00 0.00 0.00 0.00 0.00 0.00 0.00 0.00 0.00 0.00
-9999.00 1.08 1.03 0.95 0.84 0.74 0.66 0.61 0.57 0.55 0.52 0.50 0.49 0.49 0.49 0.53 0.55 0.57 0.59 0.62 0.66 0.71 0.78 0.83 0.89 0.94 1.00 1.13 1.21 1.33 1.42 1.50 1.59 1.67 1.74 1.84 1.99 2.25 2.32 2.35 2.65 0.75 0.05 0.00 0.02 0.36 1.71 2.94 3.45 3.47 3.49 3.50 3.51 3.51 3.53 3.55 3.57 3.60 1.41 1.31 2.35 3.79 3.81 3.82 3.83 3.83 1.89 2.32 2.65 3.25 3.32 2.87 2.61 0.00 0.00 0.00 0.00 0.00 0.00 0.00 0.00 0.00 0.00
-9999.00 1.06 1.01 0.94 0.83 0.73 0.65 0.60 0.57 0.55 0.52 0.50 0.49 0.49 0.50 0.54 0.56 0.59 0.61 0.64 0.68 0.72 0.76 0.83 0.88 0.93 0.98 1.04 1.20 1.33 1.42 1.52 1.61 1.69 1.76 1.86 2.01 2.28 2.37 2.42 2.50 1.71 0.00 0.00 0.18 1.10 2.57 3.36 3.41 3.43 3.46 3.48 3.48 3.49 3.51 3.52 3.54 2.21 0.94 1.40 1.82 2.34 2.09 2.24 3.77 3.83 2.29 2.23 2.85 3.34 3.21 2.81 2.56 0.00 0.00 0.00 0.00 0.00 0.00 0.00 0.00 0.00 0.00
-9999.00 1.04 1.00 0.92 0.82 0.71 0.63 0.59 0.56 0.55 0.53 0.52 0.50 0.50 0.50 0.54 0.56 0.59 0.61 0.64 0.68 0.71 0.75 0.81 0.86 0.91 0.97 1.04 1.20 1.28 1.41 1.51 1.61 1.70 1.79 1.89 2.03 2.29 2.39 2.50 2.57 2.77 2.44 1.30 0.93 2.36 3.25 3.33 3.38 3.41 3.44 3.45 3.46 3.47 3.47 3.48 2.58 0.99 1.23 1.77 1.86 1.92 1.83 1.83 3.36 3.82 2.74 2.39 2.95 3.41 3.39 2.83 2.85 1.25 0.00 0.00 0.00 0.00 0.00 0.00 0.00 0.00 0.00
-9999.00 1.02 0.98 0.91 0.80 0.69 0.60 0.55 0.54 0.53 0.53 0.52 0.51 0.51 0.51 0.53 0.55 0.57 0.60 0.63 0.66 0.70 0.74 0.80 0.85 0.91 0.97 1.11 1.19 1.27 1.39 1.49 1.59 1.70 1.82 1.94 2.05 2.19 2.41 2.53 2.65 2.92 2.75 2.65 2.94 3.12 3.23 3.30 3.35 3.39 3.41 3.41 3.42 3.45 3.45 3.46 2.04 0.62 0.84 1.80 1.90 2.09 1.99 2.00 3.07 3.82 3.17 2.76 3.19 3.49 3.32 2.75 2.95 2.54 1.23 0.00 0.00 0.00 0.00 0.00 0.00 0.00 0.00
0.96 0.94 0.93 0.87 0.78 0.66 0.57 0.52 0.50 0.50 0.50 0.50 0.50 0.50 0.50 0.51 0.53 0.55 0.58 0.61 0.65 0.69 0.73 0.80 0.85 0.91 0.97 1.11 1.18 1.24 1.36 1.46 1.57 1.70 1.85 1.97 2.05 2.17 2.44 2.55 2.84 3.03 2.86 2.71 2.98 3.13 3.21 3.27 3.33 3.38 3.40 3.41 3.42 3.44 3.43 3.38 1.12 0.55 0.94 1.70 1.82 1.87 1.85 1.89 2.75 3.82 2.36 2.59 3.09 3.56 3.42 2.65 2.73 2.52 2.74 1.63 0.00 0.00 0.00 0.00 0.00 0.00 0.00
0.92 0.89 0.89 0.84 0.75 0.64 0.54 0.48 0.47 0.47 0.47 0.47 0.48 0.49 0.50 0.50 0.52 0.54 0.57 0.60 0.64 0.68 0.73 0.80 0.85 0.91 0.97 1.10 1.14 1.20 1.32 1.42 1.54 1.70 1.86 1.97 2.06 2.19 2.44 2.67 2.90 3.07 2.99 2.74 2.94 3.12 3.20 3.24 3.31 3.37 3.39 3.40 3.41 3.42 3.42 2.34 0.80 0.53 1.50 1.70 1.81 1.77 1.77 1.95 2.62 3.82 2.28 2.11 2.82 3.84 3.35 2.69 2.56 2.54 2.80 2.69 2.40 1.73 0.00 0.00 0.00 0.00 0.00
0.88 0.84 0.84 0.80 0.72 0.61 0.52 0.45 0.43 0.43 0.43 0.44 0.46 0.49 0.50 0.51 0.52 0.54 0.57 0.60 0.64 0.68 0.73 0.78 0.85 0.90 0.96 1.06 1.12 1.19 1.31 1.41 1.53 1.68 1.83 1.96 2.08 2.22 2.44 2.70 2.89 3.07 3.02 2.78 2.91 3.09 3.18 3.23 3.27 3.34 3.38 3.40 3.42 3.42 3.42 1.67 0.45 0.81 1.57 1.67 1.70 1.79 2.15 1.90 2.61 3.82 1.94 2.54 2.94 3.86 3.17 2.59 2.50 2.40 2.58 2.43 2.08 1.77 1.56 0.03 0.00 0.00 0.00
0.85 0.81 0.79 0.77 0.69 0.59 0.50 0.43 0.41 0.41 0.41 0.42 0.43 0.48 0.50 0.52 0.55 0.56 0.58 0.61 0.64 0.68 0.73 0.77 0.84 0.89 0.94 1.04 1.11 1.19 1.27 1.39 1.50 1.66 1.81 1.96 2.12 2.28 2.46 2.57 2.93 3.12 3.06 2.71 2.90 3.05 3.13 3.21 3.24 3.31 3.36 3.39 3.40 3.41 3.30 1.66 0.00 1.07 1.64 1.69 1.65 1.83 1.84 1.73 2.75 2.09 2.33 3.13 3.86 3.87 3.47 2.49 2.32 2.29 2.45 2.41 1.95 1.55 1.68 0.35 0.11 0.00 0.00
0.83 0.78 0.76 0.73 0.67 0.57 0.48 0.42 0.40 0.39 0.39 0.39 0.41 0.46 0.49 0.52 0.56 0.58 0.59 0.61 0.64 0.68 0.71 0.75 0.83 0.88 0.93 1.04 1.12 1.20 1.26 1.36 1.47 1.63 1.81 1.99 2.16 2.33 2.46 2.62 3.09 3.38 3.09 2.66 2.86 2.96 2.99 3.11 3.18 3.26 3.32 3.37 3.40 3.41 2.77 1.57 0.17 1.51 1.90 1.86 2.12 1.97 2.02 1.90 3.08 2.08 2.27 2.93 3.86 3.86 3.86 2.51 2.37 2.15 2.48 2.39 1.93 1.57 1.38 0.73 0.14 0.00 0.00
0.81 0.76 0.71 0.68 0.63 0.55 0.46 0.41 0.39 0.38 0.38 0.38 0.39 0.41 0.48 0.51 0.56 0.58 0.60 0.62 0.64 0.67 0.70 0.74 0.82 0.87 0.98 1.04 1.12 1.19 1.24 1.34 1.46 1.62 1.81 2.02 2.22 2.41 2.55 2.71 3.13 3.50 3.53 2.72 2.71 2.77 2.85 2.97 3.13 3.24 3.32 3.37 3.41 3.41 2.42 1.16 0.59 1.69 1.85 2.06 2.18 1.88 1.96 2.10 3.74 2.66 2.42 3.06 3.85 3.85 3.72 2.38 2.96 2.32 2.87 2.64 2.26 1.64 1.37 0.44 0.00 0.00 0.00
0.73 0.72 0.68 0.64 0.59 0.52 0.45 0.40 0.38 0.37 0.36 0.36 0.37 0.42 0.45 0.49 0.52 0.57 0.60 0.62 0.64 0.66 0.69 0.73 0.81 0.87 0.92 1.04 1.11 1.16 1.21 1.33 1.45 1.60 1.82 2.05 2.27 2.48 2.69 3.01 3.11 3.35 3.58 3.19 2.67 2.55 2.28 2.75 3.16 3.27 3.33 3.37 3.40 3.42 2.82 0.77 0.63 1.52 1.48 2.09 1.96 1.98 2.32 3.23 3.83 2.01 2.73 3.40 3.84 3.84 3.78 2.73 3.12 2.26 2.77 2.30 2.02 1.75 1.30 0.00 0.00 0.00 0.00
0.70 0.65 0.60 0.55 0.50 0.44 0.42 0.37 0.35 0.34 0.34 0.34 0.35 0.40 0.43 0.46 0.49 0.55 0.59 0.62 0.64 0.67 0.70 0.74 0.79 0.91 0.96 1.01 1.07 1.12 1.19 1.31 1.42 1.60 1.84 2.07 2.28 2.51 2.73 2.99 3.16 3.23 3.37 3.37 2.93 2.28 0.01 1.62 3.09 3.30 3.34 3.37 3.42 3.43 3.43 0.35 0.76 1.46 1.40 1.83 1.95 3.64 3.83 3.83 2.29 1.68 2.46 3.10 3.84 3.84 3.82 3.70 3.08 2.38 2.80 2.34 2.26 2.00 0.00 0.00 0.00 0.00 0.00
0.68 0.62 0.57 0.51 0.47 0.41 0.39 0.35 0.33 0.32 0.30 0.32 0.34 0.38 0.41 0.43 0.47 0.53 0.57 0.61 0.64 0.68 0.71 0.74 0.77 0.82 0.93 0.99 1.04 1.10 1.17 1.25 1.41 1.62 1.87 2.07 2.29 2.52 2.74 3.13 3.21 3.23 3.29 3.36 2.13 0.00 0.03 1.67 2.70 3.29 3.36 3.38 3.44 3.45 3.44 0.11 0.75 1.37 1.41 1.77 2.06 3.83 3.83 3.84 1.98 2.43 2.43 3.29 3.84 3.83 3.81 3.79 3.13 1.97 2.73 2.56 2.41 1.73 0.00 0.00 0.00 0.00 0.00
0.66 0.59 0.53 0.47 0.43 0.38 0.34 0.29 0.28 0.27 0.27 0.31 0.35 0.38 0.39 0.42 0.45 0.51 0.55 0.59 0.63 0.67 0.70 0.72 0.74 0.84 0.90 0.97 1.03 1.09 1.17 1.25 1.42 1.66 1.89 2.07 2.30 2.52 2.91 3.10 3.17 3.21 3.27 3.44 0.83 0.19 0.00 1.41 1.99 2.27 2.76 3.47 3.49 3.49 2.71 0.06 0.01 0.75 1.27 1.91 2.04 3.54 3.84 3.84 2.61 2.38 2.42 3.16 3.84 3.83 3.80 3.75 3.11 1.96 2.73 2.66 1.96 0.00 0.00 0.00 0.00 0.00 0.00
0.58 0.51 0.44 0.38 0.34 0.31 0.28 0.25 0.23 0.23 0.23 0.26 0.29 0.34 0.38 0.40 0.40 0.43 0.51 0.55 0.59 0.63 0.67 0.69 0.72 0.82 0.88 0.95 1.02 1.09 1.17 1.25 1.46 1.69 1.90 2.07 2.30 2.51 2.88 3.04 3.11 3.15 3.24 3.50 0.02 0.02 0.00 1.64 1.60 1.46 1.89 3.54 3.54 3.53 1.84 0.00 0.05 0.14 1.23 1.93 2.02 3.67 3.85 3.84 2.34 2.57 2.58 2.63 3.84 3.82 3.80 3.67 3.35 2.18 2.78 1.69 0.00 0.00 0.00 0.00 0.00 0.00 0.00
0.52 0.44 0.37 0.30 0.27 0.25 0.22 0.19 0.17 0.17 0.18 0.21 0.27 0.30 0.32 0.34 0.37 0.39 0.43 0.50 0.50 0.58 0.63 0.67 0.70 0.81 0.87 0.93 1.01 1.09 1.18 1.27 1.49 1.71 1.89 2.07 2.28 2.48 2.64 2.91 2.95 3.04 3.29 1.19 0.00 0.00 0.61 1.76 1.74 1.60 2.13 3.36 3.59 3.57 1.07 0.00 0.00 0.42 1.49 1.92 2.38 3.86 3.85 2.74 1.97 2.78 2.69 2.76 3.83 3.82 3.80 3.66 3.39 2.33 1.42 0.00 0.00 0.00 0.00 0.00 0.00 0.00 0.00
0.47 0.38 0.30 0.24 0.20 0.18 0.16 0.13 0.11 0.11 0.12 0.16 0.23 0.26 0.28 0.31 0.34 0.36 0.40 0.43 0.47 0.52 0.57 0.62 0.67 0.72 0.85 0.92 1.00 1.09 1.19 1.29 1.52 1.71 1.88 2.05 2.22 2.39 2.71 2.81 2.89 3.03 3.32 0.68 0.00 0.51 1.60 1.78 1.74 1.67 2.33 3.69 3.63 3.62 0.33 0.00 0.02 0.92 1.83 2.02 3.13 3.87 3.14 1.95 1.92 2.67 2.46 2.88 3.82 3.81 3.57 3.80 2.68 2.38 0.00 0.00 0.00 0.00 0.00 0.00 0.00 0.00 0.00
0.44 0.34 0.25 0.18 0.15 0.13 0.11 0.08 0.06 0.06 0.07 0.10 0.19 0.22 0.25 0.28 0.31 0.34 0.38 0.41 0.45 0.49 0.54 0.59 0.71 0.80 0.86 0.92 1.01 1.11 1.20 1.30 1.43 1.70 1.86 2.04 2.20 2.34 2.48 2.76 2.88 3.08 3.28 0.04 0.07 1.19 1.69 1.87 1.84 1.67 2.35 3.71 3.67 3.65 0.07 0.07 0.36 1.48 1.87 2.11 3.29 3.88 3.19 2.04 2.23 2.64 2.24 2.92 3.82 3.81 3.56 3.80 2.89 2.63 0.00 0.00 0.00 0.00 0.00 0.00 0.00 0.00 0.00
0.43 0.30 0.20 0.14 0.10 0.09 0.07 0.04 0.02 0.02 0.04 0.07 0.15 0.19 0.22 0.25 0.28 0.32 0.37 0.40 0.43 0.47 0.52 0.57 0.64 0.80 0.87 0.94 1.02 1.11 1.21 1.32 1.43 1.67 1.81 2.00 2.17 2.31 2.56 2.75 2.91 3.16 3.00 0.02 0.50 1.61 1.62 1.85 1.83 1.73 2.54 3.74 3.71 2.42 0.03 0.00 0.46 1.50 1.71 1.90 3.82 3.90 3.32 1.99 2.20 2.36 2.36 3.13 3.81 3.81 3.81 3.81 3.14 2.67 1.98 0.00 0.00 0.00 0.00 0.00 0.00 0.00 0.00
0.42 0.28 0.17 0.10 0.06 0.03 0.01 -0.01 -0.03 -0.03 -0.01 0.09 0.13 0.16 0.20 0.23 0.27 0.31 0.34 0.39 0.42 0.46 0.51 0.56 0.70 0.81 0.88 0.96 1.04 1.12 1.21 1.33 1.46 1.64 1.80 1.98 2.13 2.27 2.56 2.86 3.04 3.18 2.04 0.00 0.69 1.72 1.63 1.83 1.86 2.41 3.84 3.81 3.23 0.04 0.08 0.06 0.41 1.23 1.69 2.36 3.91 3.91 3.06 1.96 2.14 1.89 2.08 2.88 3.65 3.69 3.41 3.81 3.81 1.69 0.31 0.00 0.00 0.00 0.00 0.00 0.00 0.00 0.00
0.44 0.27 0.14 0.06 0.01 0.00 -0.02 -0.04 -0.06 -0.05 -0.03 0.07 0.11 0.14 0.18 0.22 0.27 0.31 0.34 0.38 0.42 0.46 0.51 0.56 0.62 0.77 0.90 0.98 1.05 1.12 1.22 1.34 1.44 1.61 1.79 1.95 2.10 2.28 2.78 2.91 3.06 2.64 0.03 0.03 1.52 1.76 1.63 1.83 1.92 2.82 3.92 3.87 1.28 0.00 0.07 0.00 0.51 1.29 1.78 2.95 3.92 3.92 2.78 1.83 2.36 2.06 2.39 3.11 2.94 2.62 2.74 3.81 3.31 0.00 0.00 0.00 0.00 0.00 0.00 0.00 0.00 0.00 0.00
0.47 0.28 0.13 0.04 -0.00 -0.02 -0.04 -0.07 -0.08 -0.08 -0.05 0.05 0.09 0.13 0.17 0.22 0.26 0.31 0.34 0.38 0.42 0.46 0.51 0.56 0.61 0.76 0.90 0.99 1.06 1.12 1.21 1.31 1.42 1.56 1.78 1.94 2.12 2.67 2.83 2.95 1.55 0.00 0.00 0.34 1.51 1.76 1.59 1.73 1.97 3.27 3.97 3.40 0.45 0.02 0.04 0.00 0.75 1.46 1.96 3.41 3.92 3.93 2.84 1.93 2.54 2.07 2.64 3.39 3.13 2.29 2.13 2.53 2.18 0.00 0.00 0.00 0.00 0.00 0.00 0.00 0.00 0.00 0.00
0.50 0.30 0.14 0.04 -0.02 -0.03 -0.06 -0.09 -0.10 -0.09 -0.03 0.02 0.08 0.12 0.16 0.21 0.26 0.31 0.34 0.38 0.42 0.47 0.52 0.57 0.68 0.76 0.90 0.99 1.06 1.12 1.20 1.30 1.44 1.56 1.77 1.96 2.20 2.75 2.86 2.99 0.01 0.09 0.00 0.59 1.39 1.75 1.63 1.77 2.68 4.08 4.02 0.94 0.41 0.00 0.06 0.08 1.00 1.52 2.02 3.57 3.93 3.93 3.11 2.38 1.86 2.12 2.84 3.63 2.14 0.00 0.00 0.00 0.00 0.00 0.00 0.00 0.00 0.00 0.00 0.00 0.00 0.00 0.00
0.54 0.32 0.15 0.04 -0.02 -0.04 -0.07 -0.10 -0.11 -0.10 -0.03 0.01 0.07 0.11 0.16 0.21 0.26 0.30 0.34 0.39 0.43 0.48 0.53 0.57 0.69 0.76 0.89 0.98 1.06 1.13 1.21 1.31 1.44 1.55 1.79 2.03 2.28 2.72 2.88 3.01 0.68 0.10 0.00 0.39 1.42 1.78 1.70 1.81 2.93 4.12 1.90 0.87 0.55 0.02 0.03 0.79 1.23 1.68 1.91 3.87 3.93 3.83 3.06 2.31 2.04 2.29 2.70 3.51 0.00 0.00 0.00 0.00 0.00 0.00 0.00 0.00 0.00 0.00 0.00 0.00 0.00 0.00 0.00
0.59 0.35 0.16 0.04 -0.02 -0.05 -0.08 -0.10 -0.11 -0.10 -0.04 -0.00 0.06 0.11 0.16 0.21 0.25 0.30 0.34 0.38 0.44 0.48 0.53 0.63 0.70 0.77 0.89 0.97 1.05 1.14 1.22 1.32 1.45 1.56 1.83 2.06 2.28 2.67 2.88 2.98 0.89 0.02 0.00 0.32 1.53 1.79 1.81 1.89 2.30 4.19 1.19 0.89 0.48 0.02 0.00 0.75 1.46 1.73 2.10 2.82 3.96 3.79 3.08 2.23 1.96 2.17 2.44 2.19 0.00 0.00 0.00 0.00 0.00 0.00 0.00 0.00 0.00 0.00 0.00 0.00 0.00 0.00 0.00
0.63 0.38 0.17 0.05 -0.01 -0.05 -0.08 -0.10 -0.10 -0.10 -0.07 -0.01 0.06 0.11 0.15 0.20 0.24 0.29 0.33 0.38 0.44 0.48 0.53 0.65 0.71 0.77 0.84 0.96 1.05 1.15 1.24 1.34 1.44 1.57 1.85 2.05 2.38 2.59 2.78 0.42 0.33 0.03 0.06 0.78 1.69 1.88 1.88 1.94 2.34 4.21 1.07 0.84 0.16 0.06 0.05 0.13 1.31 1.77 1.28 2.71 3.98 3.24 2.83 1.99 2.16 2.08 1.97 0.00 0.00 0.00 0.00 0.00 0.00 0.00 0.00 0.00 0.00 0.00 0.00 0.00 0.00 0.00 0.00
0.68 0.41 0.19 0.06 -0.01 -0.03 -0.07 -0.09 -0.09 -0.09 -0.07 -0.00 0.06 0.11 0.15 0.19 0.24 0.28 0.33 0.38 0.44 0.48 0.53 0.65 0.72 0.78 0.84 0.96 1.06 1.15 1.25 1.33 1.44 1.56 1.72 2.00 2.12 2.41 0.79 0.00 0.25 0.00 0.13 1.00 1.83 1.96 1.95 2.02 2.47 4.24 1.05 0.79 0.09 0.09 0.03 0.08 1.39 1.50 1.12 3.30 4.00 3.11 1.95 1.97 1.88 1.24 0.00 0.00 0.00 0.00 0.00 0.00 0.00 0.00 0.00 0.00 0.00 0.00 0.00 0.00 0.00 0.00 0.00
0.71 0.44 0.21 0.07 -0.01 -0.03 -0.06 -0.08 -0.08 -0.08 -0.04 0.00 0.05 0.11 0.15 0.19 0.23 0.28 0.33 0.37 0.43 0.48 0.53 0.59 0.72 0.78 0.84 0.96 1.06 1.16 1.24 1.32 1.42 1.55 1.69 1.95 2.07 2.36 2.16 0.13 0.00 0.07 0.24 1.49 2.00 2.11 2.06 2.17 2.88 4.26 1.05 0.84 0.10 0.08 0.00 0.36 1.07 1.02 1.47 3.61 4.04 2.77 1.84 2.28 2.86 0.00 0.00 0.00 0.00 0.00 0.00 0.00 0.00 0.00 0.00 0.00 0.00 0.00 0.00 0.00 0.00 0.00 0.00
