tsunami_inundation/3450.asc
ncols        89
nrows        96
xllcorner    425855.973699999973
yllcorner    5091051.504999999888
cellsize     55.000000000000
NODATA_value  -9999.00
[rows 36 to 71 of 96, columns 0 to 82 of 89]
0.72 0.46 0.22 0.08 -0.00 -0.03 -0.06 -0.07 -0.08 -0.08 -0.03 0.01 0.05 0.11 0.15 0.19 0.23 0.28 0.32 0.37 0.42 0.47 0.53 0.59 0.71 0.77 0.84 0.97 1.06 1.15 1.23 1.32 1.42 1.54 1.65 1.90 2.04 2.40 2.72 2.65 0.01 0.10 0.37 1.79 2.14 2.58 2.34 2.17 3.36 4.27 1.06 0.96 0.18 0.11 0.07 0.63 0.99 1.63 2.06 3.79 4.09 2.90 1.89 2.57 2.24 0.00 0.00 0.00 0.00 0.00 0.00 0.00 0.00 0.00 0.00 0.00 0.00 0.00 0.00 0.00 0.00 0.00 0.00
0.68 0.47 0.24 0.09 0.00 -0.02 -0.05 -0.07 -0.08 -0.05 -0.02 0.02 0.05 0.11 0.15 0.19 0.24 0.28 0.32 0.36 0.40 0.47 0.59 0.65 0.70 0.77 0.84 0.96 1.06 1.14 1.23 1.33 1.42 1.53 1.61 1.83 2.00 2.47 2.86 3.04 0.08 0.08 0.53 1.81 2.18 2.79 2.69 2.32 4.15 4.28 1.09 0.98 0.17 0.03 0.20 0.48 1.04 1.91 2.03 4.05 4.12 3.48 3.05 2.77 1.45 0.00 0.00 0.00 0.00 0.00 0.00 0.00 0.00 0.00 0.00 0.00 0.00 0.00 0.00 0.00 0.00 0.00 0.00
0.62 0.45 0.25 0.12 0.03 -0.01 -0.04 -0.07 -0.07 -0.03 -0.00 0.03 0.06 0.11 0.16 0.20 0.24 0.28 0.32 0.36 0.40 0.48 0.59 0.64 0.70 0.77 0.84 0.92 1.04 1.13 1.24 1.34 1.44 1.52 1.60 1.91 2.13 2.52 2.94 1.96 0.00 0.08 0.64 1.86 2.27 2.61 2.30 2.71 4.31 1.37 1.11 0.90 0.15 0.05 0.21 0.28 1.47 2.07 2.23 4.15 4.15 3.73 3.33 2.41 1.97 0.00 0.00 0.00 0.00 0.00 0.00 0.00 0.00 0.00 0.00 0.00 0.00 0.00 0.00 0.00 0.00 0.00 0.00
0.57 0.42 0.26 0.14 0.04 -0.01 -0.04 -0.07 -0.07 -0.02 0.00 0.03 0.06 0.12 0.17 0.21 0.25 0.29 0.32 0.36 0.41 0.48 0.59 0.64 0.70 0.77 0.84 0.91 1.03 1.13 1.24 1.36 1.45 1.52 1.60 1.72 2.09 2.49 2.86 1.01 0.00 0.10 1.06 1.94 2.18 2.49 2.36 3.73 4.29 1.36 1.14 0.90 0.20 0.12 0.26 0.45 1.61 2.05 2.58 4.16 4.16 3.76 2.07 2.43 3.10 0.00 0.00 0.00 0.00 0.00 0.00 0.00 0.00 0.00 0.00 0.00 0.00 0.00 0.00 0.00 0.00 0.00 0.00
0.53 0.39 0.26 0.15 0.05 -0.00 -0.03 -0.05 -0.04 -0.03 0.01 0.04 0.08 0.12 0.20 0.23 0.26 0.30 0.34 0.38 0.42 0.49 0.58 0.64 0.70 0.77 0.84 0.91 1.03 1.14 1.26 1.38 1.46 1.52 1.62 1.93 2.12 2.47 2.77 0.06 0.03 0.06 1.47 2.04 2.26 2.52 2.57 4.35 4.35 1.35 1.21 0.98 0.24 0.16 0.22 0.80 2.06 2.47 3.61 4.18 4.18 3.66 2.58 2.16 2.61 1.86 0.00 0.00 0.00 0.00 0.00 0.00 0.00 0.00 0.00 0.00 0.00 0.00 0.00 0.00 0.00 0.00 0.00
0.49 0.36 0.25 0.15 0.05 -0.00 -0.02 -0.04 -0.04 -0.03 0.01 0.05 0.10 0.14 0.21 0.24 0.29 0.33 0.36 0.43 0.44 0.50 0.54 0.64 0.71 0.77 0.83 0.89 1.03 1.15 1.28 1.39 1.46 1.53 1.63 1.75 2.16 2.47 2.76 0.08 0.03 0.00 1.21 2.13 2.38 2.38 3.16 4.38 4.37 1.23 1.15 0.91 0.26 0.18 0.20 1.41 2.64 3.77 4.19 4.17 4.18 3.98 3.15 2.36 2.24 2.06 2.22 2.34 0.19 0.00 0.00 0.00 0.00 0.00 0.00 0.00 0.00 0.00 0.00 0.00 0.00 0.00 0.00
0.46 0.34 0.24 0.15 0.06 0.00 -0.02 -0.03 -0.03 -0.01 0.02 0.07 0.11 0.15 0.21 0.26 0.31 0.36 0.40 0.44 0.46 0.50 0.59 0.64 0.70 0.76 0.81 0.88 1.04 1.16 1.29 1.39 1.47 1.54 1.64 2.00 2.21 2.47 2.25 0.00 0.08 0.24 1.41 2.13 2.47 2.42 3.98 4.40 4.39 1.48 1.17 0.82 0.25 0.27 0.44 2.08 3.76 4.22 3.09 2.36 3.59 4.20 2.98 2.37 2.27 1.99 2.12 1.31 0.00 0.00 0.00 0.00 0.00 0.00 0.00 0.00 0.00 0.00 0.00 0.00 0.00 0.00 0.00
0.44 0.33 0.23 0.14 0.06 0.01 -0.01 -0.02 -0.02 0.01 0.04 0.08 0.12 0.16 0.23 0.28 0.33 0.37 0.41 0.45 0.48 0.56 0.60 0.65 0.70 0.75 0.81 0.87 0.98 1.18 1.30 1.39 1.47 1.55 1.65 1.76 2.25 2.40 1.88 0.00 0.26 0.53 1.75 2.16 2.44 2.42 4.43 4.42 3.59 1.50 1.17 1.18 1.00 0.51 1.15 2.12 2.98 3.63 3.02 2.89 3.62 4.20 2.97 2.25 2.29 2.09 1.99 0.00 0.00 0.00 0.00 0.00 0.00 0.00 0.00 0.00 0.00 0.00 0.00 0.00 0.00 0.00 0.00
0.43 0.30 0.21 0.13 0.06 0.00 -0.02 -0.02 -0.01 0.03 0.06 0.09 0.13 0.17 0.22 0.30 0.34 0.38 0.42 0.45 0.49 0.53 0.62 0.66 0.70 0.74 0.81 0.89 0.99 1.19 1.30 1.37 1.47 1.57 1.78 2.06 2.15 2.27 0.00 0.00 0.00 0.92 2.54 2.39 2.41 2.35 4.45 4.45 2.43 1.44 1.19 1.19 1.16 0.60 1.53 2.15 2.19 2.30 2.26 2.41 2.70 4.22 3.02 2.18 1.53 1.04 0.72 0.00 0.00 0.00 0.00 0.00 0.00 0.00 0.00 0.00 0.00 0.00 0.00 0.00 0.00 0.00 0.00
0.42 0.29 0.20 0.12 0.05 -0.01 -0.03 -0.02 0.02 0.05 0.07 0.11 0.15 0.20 0.25 0.32 0.37 0.41 0.44 0.47 0.51 0.60 0.64 0.67 0.70 0.75 0.82 0.92 1.02 1.18 1.27 1.36 1.50 1.59 1.69 1.82 2.04 2.27 0.00 0.02 0.23 1.97 2.63 2.34 2.38 2.35 4.47 1.86 1.52 1.39 1.24 1.23 1.00 0.73 1.79 2.13 2.15 2.16 2.12 2.38 3.03 4.23 2.64 1.93 0.00 0.00 0.00 0.00 0.00 0.00 0.00 0.00 0.00 0.00 0.00 0.00 0.00 0.00 0.00 0.00 0.00 0.00 0.00
0.47 0.28 0.20 0.13 0.04 -0.02 -0.04 -0.03 0.02 0.05 0.07 0.11 0.16 0.21 0.27 0.35 0.39 0.43 0.47 0.51 0.55 0.62 0.67 0.69 0.72 0.77 0.85 0.94 1.03 1.18 1.28 1.37 1.45 1.49 1.46 1.70 2.05 1.11 0.00 0.00 1.23 2.15 2.46 2.55 2.39 2.35 4.49 1.69 1.49 1.33 1.22 1.27 0.87 1.05 1.95 2.24 2.20 2.06 2.00 2.96 4.26 3.53 2.20 0.72 0.00 0.00 0.00 0.00 0.00 0.00 0.00 0.00 0.00 0.00 0.00 0.00 0.00 0.00 0.00 0.00 0.00 0.00 0.00
0.41 0.25 0.19 0.12 0.04 -0.02 -0.04 -0.03 0.02 0.04 0.07 0.11 0.16 0.22 0.28 0.36 0.41 0.47 0.53 0.58 0.63 0.68 0.70 0.72 0.74 0.80 0.88 0.97 1.06 1.15 1.22 1.23 1.23 1.32 1.39 1.73 2.05 0.12 0.00 0.00 1.27 2.32 2.34 2.47 3.15 3.11 4.52 3.60 1.37 1.32 1.22 1.20 0.80 1.21 1.97 2.30 2.19 2.01 2.14 4.31 3.02 2.26 0.61 0.00 0.00 0.00 0.00 0.00 0.00 0.00 0.00 0.00 0.00 0.00 0.00 0.00 0.00 0.00 0.00 0.00 0.00 0.00 0.00
0.36 0.22 0.15 0.09 0.01 -0.03 -0.05 -0.03 0.02 0.04 0.08 0.13 0.18 0.23 0.28 0.36 0.41 0.47 0.53 0.60 0.65 0.70 0.75 0.77 0.80 0.86 0.93 1.00 1.03 1.01 0.98 1.00 1.19 1.31 1.40 1.76 2.10 0.00 0.00 0.03 1.38 2.34 2.19 2.42 2.74 2.56 4.56 1.51 1.38 1.32 1.21 0.88 0.73 1.20 1.93 2.18 2.14 2.24 2.71 4.38 2.71 2.02 0.00 0.00 0.00 0.00 0.00 0.00 0.00 0.00 0.00 0.00 0.00 0.00 0.00 0.00 0.00 0.00 0.00 0.00 0.00 0.00 0.00
0.35 0.19 0.12 0.04 -0.02 -0.06 -0.06 -0.06 0.01 0.05 0.09 0.13 0.18 0.23 0.27 0.32 0.40 0.46 0.53 0.59 0.65 0.76 0.82 0.86 0.89 0.93 0.95 0.91 0.75 0.75 0.83 1.01 1.19 1.32 1.40 1.83 2.01 0.02 0.00 0.38 2.06 2.54 2.43 2.51 2.45 2.52 4.58 3.74 1.38 1.38 1.18 0.54 0.69 1.22 2.00 2.16 2.16 2.40 2.60 4.01 2.77 1.91 0.00 0.00 0.00 0.00 0.00 0.00 0.00 0.00 0.00 0.00 0.00 0.00 0.00 0.00 0.00 0.00 0.00 0.00 0.00 0.00 0.00
0.21 0.14 0.09 0.04 -0.02 -0.05 -0.07 -0.06 0.01 0.05 0.10 0.14 0.19 0.23 0.27 0.32 0.41 0.47 0.54 0.60 0.66 0.79 0.88 0.93 0.96 0.95 0.81 0.59 0.61 0.71 0.82 1.03 1.19 1.31 1.70 1.92 0.95 0.03 0.26 1.11 2.18 2.47 2.51 2.56 2.53 2.63 4.59 1.58 1.44 1.50 1.07 1.18 1.39 1.44 2.04 2.27 2.24 2.50 2.59 4.14 4.45 1.54 0.00 0.00 0.00 0.00 0.00 0.00 0.00 0.00 0.00 0.00 0.00 0.00 0.00 0.00 0.00 0.00 0.00 0.00 0.00 0.00 0.00
-0.22 -0.21 -0.12 -0.07 -0.07 -0.09 -0.09 -0.05 0.02 0.06 0.10 0.15 0.19 0.23 0.27 0.33 0.42 0.48 0.54 0.60 0.72 0.78 0.85 0.93 0.92 0.76 0.61 0.55 0.64 0.75 0.83 1.03 1.18 1.51 1.78 1.89 0.04 0.20 0.66 1.23 1.72 2.11 2.12 2.00 2.29 3.18 4.60 1.64 1.57 1.55 1.12 1.57 1.36 1.55 2.16 2.38 2.22 2.34 2.50 3.62 4.54 0.00 0.00 0.00 0.00 0.00 0.00 0.00 0.00 0.00 0.00 0.00 0.00 0.00 0.00 0.00 0.00 0.00 0.00 0.00 0.00 0.00 0.00
-0.41 -0.49 -0.50 -0.46 -0.42 -0.37 -0.30 -0.15 -0.05 0.01 0.06 0.11 0.16 0.21 0.27 0.32 0.41 0.47 0.52 0.57 0.58 0.60 0.60 0.60 0.61 0.64 0.63 0.60 0.67 0.78 0.83 1.05 1.18 1.60 1.86 1.67 0.02 0.43 1.36 1.10 1.18 1.40 1.44 1.65 2.45 3.98 4.09 1.68 1.62 1.46 1.16 1.43 1.39 1.70 2.19 2.53 2.34 2.38 2.67 4.59 2.47 0.00 0.00 0.00 0.00 0.00 0.00 0.00 0.00 0.00 0.00 0.00 0.00 0.00 0.00 0.00 0.00 0.00 0.00 0.00 0.00 0.00 0.00
-0.48 -0.57 -0.61 -0.62 -0.64 -0.66 -0.65 -0.55 -0.46 -0.30 -0.20 -0.09 0.01 0.10 0.01 0.08 0.15 0.18 0.21 0.23 0.27 0.37 0.43 0.51 0.57 0.65 0.67 0.66 0.73 0.81 0.87 1.07 1.20 1.41 1.94 0.73 0.30 0.49 1.45 0.80 0.51 0.64 1.23 2.12 2.84 4.61 4.61 1.55 1.63 1.43 1.26 1.43 1.56 2.00 2.25 2.33 2.51 2.74 2.96 3.62 1.25 0.00 0.00 0.00 0.00 0.00 0.00 0.00 0.00 0.00 0.00 0.00 0.00 0.00 0.00 0.00 0.00 0.00 0.00 0.00 0.00 0.00 0.00
-0.50 -0.60 -0.65 -0.66 -0.68 -0.71 -0.73 -0.72 -0.69 -0.61 -0.54 -0.45 -0.37 -0.29 -0.21 -0.14 -0.08 -0.01 0.04 0.10 0.24 0.32 0.39 0.49 0.56 0.65 0.69 0.75 0.81 0.86 0.93 1.10 1.27 1.53 1.98 0.58 0.27 0.29 1.50 0.66 0.50 0.69 1.53 2.32 3.12 4.61 3.77 1.42 1.59 1.40 1.44 1.48 1.56 2.11 2.34 2.49 2.97 3.50 3.93 4.63 0.00 0.00 0.00 0.00 0.00 0.00 0.00 0.00 0.00 0.00 0.00 0.00 0.00 0.00 0.00 0.00 0.00 0.00 0.00 0.00 0.00 0.00 0.00
-0.52 -0.62 -0.68 -0.69 -0.70 -0.72 -0.74 -0.74 -0.71 -0.64 -0.57 -0.49 -0.41 -0.33 -0.25 -0.18 -0.12 -0.04 0.02 0.15 0.23 0.31 0.38 0.48 0.55 0.64 0.70 0.82 0.91 0.94 0.97 1.16 1.38 1.85 1.96 0.02 0.19 0.33 1.29 0.51 0.74 1.42 2.14 2.43 4.13 4.61 3.51 1.48 1.67 1.39 1.25 1.44 1.73 2.26 2.50 2.63 3.14 4.44 4.63 3.44 0.00 0.00 0.00 0.00 0.00 0.00 0.00 0.00 0.00 0.00 0.00 0.00 0.00 0.00 0.00 0.00 0.00 0.00 0.00 0.00 0.00 0.00 0.00
-0.53 -0.63 -0.70 -0.71 -0.71 -0.72 -0.75 -0.75 -0.72 -0.65 -0.58 -0.50 -0.42 -0.34 -0.27 -0.20 -0.13 -0.04 0.02 0.09 0.23 0.31 0.38 0.44 0.54 0.63 0.70 0.87 0.99 1.03 1.02 1.29 1.55 1.90 0.60 0.11 0.14 0.84 1.15 0.48 0.80 1.59 2.25 2.52 4.62 4.62 2.61 1.56 1.73 1.15 1.02 1.39 1.89 2.33 2.65 3.33 4.41 4.58 4.63 4.42 0.00 0.00 0.00 0.00 0.00 0.00 0.00 0.00 0.00 0.00 0.00 0.00 0.00 0.00 0.00 0.00 0.00 0.00 0.00 0.00 0.00 0.00 0.00
-0.53 -0.63 -0.71 -0.73 -0.72 -0.73 -0.75 -0.75 -0.73 -0.66 -0.58 -0.50 -0.43 -0.35 -0.28 -0.21 -0.14 -0.04 0.02 0.09 0.24 0.31 0.37 0.43 0.53 0.61 0.73 0.89 1.03 1.12 1.15 1.30 1.92 2.04 0.62 0.04 0.04 0.95 0.92 0.50 0.86 1.87 2.43 3.13 4.62 4.62 1.61 1.59 1.63 0.87 1.23 1.38 1.72 2.55 3.65 4.44 4.69 4.69 4.70 3.24 1.31 0.00 0.00 0.00 0.00 0.00 0.00 0.00 0.00 0.00 0.00 0.00 0.00 0.00 0.00 0.00 0.00 0.00 0.00 0.00 0.00 0.00 0.00
-0.53 -0.63 -0.70 -0.73 -0.73 -0.73 -0.73 -0.75 -0.72 -0.68 -0.58 -0.51 -0.44 -0.37 -0.29 -0.22 -0.15 -0.05 0.03 0.17 0.24 0.31 0.37 0.43 0.54 0.62 0.75 0.90 1.04 1.15 1.32 1.66 2.05 2.10 0.04 0.12 0.11 1.00 0.75 0.58 1.41 2.22 2.65 3.83 4.62 4.62 1.56 1.59 1.54 0.78 1.24 1.53 2.08 3.17 4.43 4.63 4.68 4.69 3.69 2.76 2.39 0.00 0.00 0.00 0.00 0.00 0.00 0.00 0.00 0.00 0.00 0.00 0.00 0.00 0.00 0.00 0.00 0.00 0.00 0.00 0.00 0.00 0.00
-0.54 -0.62 -0.69 -0.72 -0.72 -0.72 -0.73 -0.72 -0.70 -0.65 -0.58 -0.52 -0.47 -0.39 -0.32 -0.25 -0.16 -0.09 0.03 0.17 0.24 0.31 0.37 0.44 0.55 0.64 0.77 0.93 1.09 1.32 1.72 2.00 2.05 2.15 0.02 0.29 0.38 0.94 0.80 0.82 2.16 2.59 2.89 3.76 4.62 4.63 1.50 1.55 1.33 0.64 1.29 1.99 2.68 4.45 4.64 4.67 4.68 4.34 3.13 2.52 2.54 1.35 0.00 0.00 0.00 0.00 0.00 0.00 0.00 0.00 0.00 0.00 0.00 0.00 0.00 0.00 0.00 0.00 0.00 0.00 0.00 0.00 0.00
-0.55 -0.61 -0.67 -0.70 -0.72 -0.72 -0.72 -0.71 -0.68 -0.64 -0.57 -0.52 -0.47 -0.40 -0.33 -0.25 -0.17 -0.09 0.02 0.16 0.24 0.30 0.38 0.46 0.59 0.68 0.80 0.99 1.30 1.65 1.94 2.11 2.14 1.50 0.10 0.36 0.56 1.14 0.79 1.71 2.60 2.78 3.02 4.26 4.63 2.42 1.78 1.76 1.34 0.93 1.52 2.38 3.42 4.54 4.51 4.57 4.59 4.34 4.21 2.54 2.49 2.60 2.43 0.40 0.00 0.00 0.00 0.00 0.00 0.00 0.00 0.00 0.00 0.00 0.00 0.00 0.00 0.00 0.00 0.00 0.00 0.00 0.00
-0.57 -0.62 -0.67 -0.70 -0.73 -0.72 -0.70 -0.69 -0.67 -0.63 -0.57 -0.52 -0.47 -0.40 -0.32 -0.25 -0.17 -0.09 0.08 0.14 0.22 0.30 0.38 0.47 0.58 0.73 0.87 1.19 1.55 1.80 1.97 2.12 2.21 0.66 0.27 0.31 0.97 1.04 0.97 2.16 2.41 2.49 3.01 4.27 4.64 2.80 1.83 1.66 1.18 1.42 1.86 2.71 4.04 4.35 4.33 4.64 4.61 4.45 2.91 2.68 2.55 2.51 2.04 0.00 0.00 0.00 0.00 0.00 0.00 0.00 0.00 0.00 0.00 0.00 0.00 0.00 0.00 0.00 0.00 0.00 0.00 0.00 0.00
-0.60 -0.64 -0.68 -0.72 -0.74 -0.73 -0.69 -0.68 -0.66 -0.63 -0.59 -0.51 -0.46 -0.39 -0.31 -0.23 -0.16 -0.09 0.00 0.14 0.22 0.31 0.42 0.53 0.67 0.81 1.23 1.53 1.72 1.85 1.98 2.19 1.63 0.00 0.29 0.28 1.07 0.93 1.36 2.30 2.36 2.53 2.49 3.25 4.65 3.81 1.69 1.61 1.50 1.70 2.21 2.81 4.28 4.37 4.65 4.65 4.21 3.93 3.09 2.19 2.11 0.41 0.00 0.00 0.00 0.00 0.00 0.00 0.00 0.00 0.00 0.00 0.00 0.00 0.00 0.00 0.00 0.00 0.00 0.00 0.00 0.00 0.00
-0.63 -0.68 -0.72 -0.76 -0.76 -0.74 -0.69 -0.68 -0.66 -0.63 -0.58 -0.51 -0.44 -0.37 -0.29 -0.22 -0.15 -0.09 0.07 0.14 0.23 0.33 0.44 0.56 0.72 1.05 1.29 1.56 1.75 1.87 2.00 2.18 0.33 0.00 0.32 0.30 0.89 1.08 1.71 2.51 2.46 3.03 2.55 4.17 4.66 4.20 1.73 1.63 1.59 2.09 2.36 2.77 4.17 4.42 4.65 4.18 2.46 1.14 0.00 0.00 0.00 0.00 0.00 0.00 0.00 0.00 0.00 0.00 0.00 0.00 0.00 0.00 0.00 0.00 0.00 0.00 0.00 0.00 0.00 0.00 0.00 0.00 0.00
-0.67 -0.73 -0.77 -0.79 -0.79 -0.76 -0.71 -0.69 -0.67 -0.64 -0.59 -0.49 -0.42 -0.35 -0.28 -0.21 -0.14 -0.08 -0.02 0.15 0.24 0.34 0.46 0.59 0.76 1.10 1.33 1.58 1.78 1.92 2.04 2.21 0.12 0.23 0.29 0.45 0.42 1.11 1.98 2.61 3.00 3.55 3.52 4.26 4.67 4.31 1.62 1.58 2.02 2.36 2.71 3.85 4.38 4.54 3.92 1.74 0.00 0.00 0.00 0.00 0.00 0.00 0.00 0.00 0.00 0.00 0.00 0.00 0.00 0.00 0.00 0.00 0.00 0.00 0.00 0.00 0.00 0.00 0.00 0.00 0.00 0.00 0.00
-0.72 -0.78 -0.82 -0.85 -0.85 -0.77 -0.74 -0.72 -0.68 -0.64 -0.59 -0.49 -0.42 -0.34 -0.27 -0.20 -0.13 -0.07 0.09 0.17 0.26 0.36 0.48 0.61 0.79 1.01 1.37 1.62 1.80 1.97 2.10 2.31 0.01 0.29 0.20 0.31 0.36 1.85 2.42 2.69 2.53 3.52 3.29 3.41 4.68 3.48 1.73 2.33 2.76 3.02 4.05 4.39 4.50 4.62 3.05 0.50 0.00 0.00 0.00 0.00 0.00 0.00 0.00 0.00 0.00 0.00 0.00 0.00 0.00 0.00 0.00 0.00 0.00 0.00 0.00 0.00 0.00 0.00 0.00 0.00 0.00 0.00 0.00
-0.79 -0.86 -0.89 -0.89 -0.83 -0.80 -0.77 -0.73 -0.69 -0.65 -0.59 -0.49 -0.42 -0.34 -0.27 -0.20 -0.13 -0.06 0.11 0.18 0.27 0.38 0.50 0.63 0.81 1.03 1.42 1.66 1.84 2.01 2.16 2.45 0.00 0.32 0.45 0.39 0.85 2.19 2.49 2.46 2.54 2.51 2.56 2.93 2.22 1.76 2.15 2.60 3.17 3.48 4.20 4.37 4.45 4.46 2.46 0.00 0.00 0.00 0.00 0.00 0.00 0.00 0.00 0.00 0.00 0.00 0.00 0.00 0.00 0.00 0.00 0.00 0.00 0.00 0.00 0.00 0.00 0.00 0.00 0.00 0.00 0.00 0.00
-0.84 -0.90 -0.93 -0.93 -0.91 -0.84 -0.80 -0.75 -0.69 -0.64 -0.59 -0.52 -0.42 -0.35 -0.27 -0.20 -0.13 -0.06 0.13 0.20 0.29 0.40 0.52 0.66 0.83 1.04 1.46 1.70 1.90 2.08 2.25 2.59 0.05 0.28 0.50 0.48 1.24 2.25 2.46 2.46 2.41 2.49 2.53 3.29 1.75 2.43 2.45 2.50 2.74 3.18 4.02 4.42 4.47 4.36 3.03 0.00 0.00 0.00 0.00 0.00 0.00 0.00 0.00 0.00 0.00 0.00 0.00 0.00 0.00 0.00 0.00 0.00 0.00 0.00 0.00 0.00 0.00 0.00 0.00 0.00 0.00 0.00 0.00
-0.87 -0.93 -0.96 -0.96 -0.90 -0.87 -0.82 -0.76 -0.69 -0.64 -0.58 -0.52 -0.42 -0.35 -0.28 -0.20 -0.13 0.02 0.10 0.23 0.33 0.44 0.56 0.70 0.87 1.10 1.48 1.71 1.92 2.12 2.51 2.70 0.00 0.12 0.43 0.64 1.57 2.20 2.41 2.40 2.40 2.44 2.62 3.50 1.93 2.46 2.50 2.46 2.70 2.91 3.00 3.75 4.50 4.35 3.44 0.00 0.00 0.00 0.00 0.00 0.00 0.00 0.00 0.00 0.00 0.00 0.00 0.00 0.00 0.00 0.00 0.00 0.00 0.00 0.00 0.00 0.00 0.00 0.00 0.00 0.00 0.00 0.00
-0.91 -0.96 -0.99 -0.99 -0.98 -0.90 -0.84 -0.77 -0.69 -0.63 -0.57 -0.51 -0.41 -0.35 -0.28 -0.21 -0.13 0.03 0.13 0.27 0.37 0.48 0.60 0.74 0.91 1.13 1.48 1.71 1.95 2.18 2.63 2.80 0.04 0.00 0.22 0.87 1.53 1.97 2.29 2.34 2.33 2.51 2.91 3.01 2.20 2.47 2.49 2.49 2.64 2.90 2.88 3.09 4.47 4.33 3.40 0.00 0.00 0.00 0.00 0.00 0.00 0.00 0.00 0.00 0.00 0.00 0.00 0.00 0.00 0.00 0.00 0.00 0.00 0.00 0.00 0.00 0.00 0.00 0.00 0.00 0.00 0.00 0.00
-0.95 -0.99 -1.02 -1.02 -0.97 -0.91 -0.85 -0.77 -0.70 -0.63 -0.58 -0.51 -0.41 -0.35 -0.28 -0.20 -0.12 -0.04 0.14 0.31 0.41 0.53 0.65 0.78 0.94 1.15 1.37 1.71 2.00 2.31 2.73 2.89 0.04 0.00 0.24 0.84 1.50 1.59 2.08 2.24 2.32 2.57 3.21 1.65 2.23 2.45 2.54 2.56 2.57 2.72 2.88 3.10 4.53 4.72 3.78 2.05 0.21 0.49 0.00 0.00 0.00 0.00 0.00 0.00 0.00 0.00 0.00 0.00 0.00 0.00 0.00 0.00 0.00 0.00 0.00 0.00 0.00 0.00 0.00 0.00 0.00 0.00 0.00
-0.98 -1.04 -1.08 -1.08 -1.01 -0.92 -0.86 -0.78 -0.71 -0.64 -0.58 -0.52 -0.42 -0.35 -0.28 -0.20 -0.11 -0.03 0.16 0.33 0.45 0.58 0.71 0.83 0.98 1.18 1.37 1.72 2.07 2.40 2.61 2.67 0.06 0.07 0.49 0.90 1.51 1.48 1.79 2.11 2.26 2.82 3.55 1.49 2.07 2.34 2.46 2.56 3.47 3.66 3.65 4.00 4.78 4.63 4.04 3.79 3.01 2.93 2.43 0.66 0.00 0.00 0.00 0.00 0.00 0.00 0.00 0.00 0.00 0.00 0.00 0.00 0.00 0.00 0.00 0.00 0.00 0.00 0.00 0.00 0.00 0.00 0.00
