tsunami_inundation/3480.asc
ncols        89
nrows        96
xllcorner    425855.973699999973
yllcorner    5091051.504999999888
cellsize     55.000000000000
NODATA_value  -9999.00
[rows 36 to 71 of 96, columns 0 to 81 of 89]
0.40 0.37 0.25 0.12 0.07 0.07 -0.20 -0.44 -0.58 -0.64 -0.70 -0.71 -0.71 -0.69 -0.66 -0.63 -0.59 -0.55 -0.52 -0.48 -0.41 -0.37 -0.32 -0.26 -0.13 -0.05 0.03 0.17 0.27 0.36 0.48 0.68 0.84 0.99 1.07 1.51 1.71 2.12 2.18 1.93 0.02 0.09 0.36 1.80 2.17 2.63 2.39 2.21 3.38 4.28 1.08 0.98 0.17 0.11 0.07 0.63 0.99 1.63 2.06 3.79 4.09 2.90 1.88 2.56 2.23 0.00 0.00 0.00 0.00 0.00 0.00 0.00 0.00 0.00 0.00 0.00 0.00 0.00 0.00 0.00 0.00 0.00
0.39 0.36 0.26 0.13 0.06 0.05 -0.21 -0.44 -0.58 -0.66 -0.68 -0.70 -0.70 -0.67 -0.64 -0.60 -0.56 -0.53 -0.49 -0.45 -0.41 -0.34 -0.24 -0.18 -0.12 -0.04 0.04 0.16 0.26 0.36 0.50 0.69 0.83 0.98 1.09 1.52 1.69 2.11 2.17 2.22 0.06 0.07 0.51 1.81 2.20 2.82 2.73 2.35 4.18 4.30 1.10 0.98 0.13 0.03 0.20 0.48 1.05 1.91 2.04 4.05 4.12 3.48 3.04 2.76 1.44 0.00 0.00 0.00 0.00 0.00 0.00 0.00 0.00 0.00 0.00 0.00 0.00 0.00 0.00 0.00 0.00 0.00
0.40 0.34 0.28 0.18 0.08 0.02 -0.16 -0.44 -0.56 -0.63 -0.65 -0.67 -0.67 -0.65 -0.62 -0.58 -0.55 -0.51 -0.47 -0.43 -0.38 -0.31 -0.22 -0.17 -0.10 -0.03 0.05 0.11 0.26 0.38 0.53 0.69 0.82 0.96 1.12 1.63 1.97 2.13 2.16 1.09 0.00 0.06 0.62 1.85 2.27 2.63 2.32 2.74 4.34 1.40 1.11 0.87 0.12 0.06 0.22 0.29 1.47 2.07 2.24 4.15 4.15 3.73 3.33 2.41 1.97 0.00 0.00 0.00 0.00 0.00 0.00 0.00 0.00 0.00 0.00 0.00 0.00 0.00 0.00 0.00 0.00 0.00
0.40 0.33 0.27 0.20 0.09 -0.03 -0.20 -0.43 -0.55 -0.60 -0.61 -0.64 -0.65 -0.63 -0.59 -0.56 -0.53 -0.50 -0.46 -0.41 -0.36 -0.29 -0.20 -0.15 -0.09 -0.02 0.05 0.11 0.27 0.42 0.56 0.68 0.79 0.92 1.17 1.44 2.02 2.18 2.20 0.30 0.00 0.09 1.04 1.92 2.17 2.50 2.37 3.75 4.31 1.38 1.13 0.87 0.16 0.13 0.27 0.46 1.62 2.06 2.58 4.17 4.17 3.76 2.06 2.42 3.09 0.00 0.00 0.00 0.00 0.00 0.00 0.00 0.00 0.00 0.00 0.00 0.00 0.00 0.00 0.00 0.00 0.00
0.40 0.31 0.26 0.19 0.09 -0.06 -0.24 -0.44 -0.53 -0.58 -0.61 -0.61 -0.60 -0.61 -0.54 -0.54 -0.51 -0.47 -0.43 -0.38 -0.33 -0.27 -0.18 -0.13 -0.07 -0.00 0.06 0.12 0.30 0.45 0.58 0.68 0.76 0.88 1.17 1.67 2.07 2.21 2.29 0.04 0.03 0.04 1.45 2.02 2.25 2.52 2.57 4.36 4.36 1.35 1.18 0.94 0.19 0.17 0.24 0.81 2.07 2.48 3.61 4.19 4.18 3.67 2.58 2.16 2.60 1.86 0.00 0.00 0.00 0.00 0.00 0.00 0.00 0.00 0.00 0.00 0.00 0.00 0.00 0.00 0.00 0.00
0.39 0.30 0.23 0.18 0.08 -0.10 -0.28 -0.46 -0.54 -0.59 -0.61 -0.60 -0.58 -0.56 -0.52 -0.51 -0.45 -0.40 -0.40 -0.29 -0.31 -0.25 -0.21 -0.10 -0.04 0.02 0.08 0.15 0.34 0.47 0.60 0.70 0.79 0.90 1.15 1.38 2.06 2.19 2.28 0.07 0.02 0.00 1.19 2.11 2.36 2.37 3.16 4.38 4.38 1.22 1.12 0.87 0.22 0.20 0.21 1.42 2.65 3.78 4.20 4.17 4.19 4.00 3.16 2.36 2.23 2.04 2.21 2.33 0.17 0.00 0.00 0.00 0.00 0.00 0.00 0.00 0.00 0.00 0.00 0.00 0.00 0.00
0.37 0.29 0.21 0.16 0.06 -0.13 -0.31 -0.48 -0.62 -0.63 -0.62 -0.61 -0.58 -0.56 -0.51 -0.47 -0.42 -0.36 -0.31 -0.26 -0.25 -0.17 -0.12 -0.06 -0.01 0.04 0.10 0.18 0.36 0.47 0.61 0.71 0.82 0.94 1.15 1.64 2.05 2.18 1.77 0.00 0.07 0.23 1.39 2.11 2.45 2.41 3.98 4.40 4.39 1.46 1.14 0.77 0.21 0.27 0.44 2.09 3.77 4.23 3.10 2.38 3.62 4.23 3.00 2.38 2.26 1.98 2.10 1.30 0.00 0.00 0.00 0.00 0.00 0.00 0.00 0.00 0.00 0.00 0.00 0.00 0.00 0.00
0.37 0.28 0.20 0.13 0.04 -0.16 -0.34 -0.46 -0.60 -0.67 -0.65 -0.62 -0.59 -0.57 -0.51 -0.46 -0.41 -0.35 -0.30 -0.24 -0.18 -0.06 -0.02 0.01 0.05 0.10 0.13 0.21 0.32 0.48 0.62 0.72 0.85 0.97 1.16 1.31 2.04 2.19 1.64 0.00 0.24 0.51 1.72 2.13 2.42 2.41 4.42 4.41 3.58 1.47 1.13 1.13 0.95 0.48 1.15 2.12 2.98 3.64 3.04 2.91 3.65 4.24 3.00 2.26 2.28 2.08 1.98 0.00 0.00 0.00 0.00 0.00 0.00 0.00 0.00 0.00 0.00 0.00 0.00 0.00 0.00 0.00
0.35 0.27 0.18 0.10 -0.00 -0.18 -0.35 -0.46 -0.61 -0.69 -0.68 -0.64 -0.61 -0.58 -0.53 -0.46 -0.41 -0.36 -0.30 -0.24 -0.17 -0.10 0.04 0.07 0.10 0.15 0.21 0.27 0.33 0.50 0.63 0.74 0.87 1.01 1.31 1.70 2.02 2.19 0.05 0.00 0.00 0.89 2.50 2.36 2.38 2.33 4.44 4.44 2.42 1.42 1.15 1.14 1.11 0.57 1.53 2.15 2.20 2.31 2.28 2.44 2.74 4.27 3.07 2.21 1.53 1.02 0.71 0.00 0.00 0.00 0.00 0.00 0.00 0.00 0.00 0.00 0.00 0.00 0.00 0.00 0.00 0.00
0.33 0.27 0.17 0.08 -0.03 -0.19 -0.35 -0.47 -0.69 -0.70 -0.70 -0.66 -0.62 -0.58 -0.54 -0.47 -0.42 -0.37 -0.31 -0.24 -0.17 0.01 0.08 0.13 0.17 0.20 0.24 0.29 0.36 0.55 0.67 0.76 0.89 1.04 1.19 1.57 2.00 2.12 0.04 0.02 0.20 1.93 2.59 2.31 2.35 2.33 4.45 1.85 1.50 1.37 1.19 1.18 0.95 0.71 1.79 2.13 2.16 2.18 2.15 2.41 3.08 4.29 2.69 1.97 0.00 0.00 0.00 0.00 0.00 0.00 0.00 0.00 0.00 0.00 0.00 0.00 0.00 0.00 0.00 0.00 0.00 0.00
0.34 0.26 0.16 0.06 -0.05 -0.21 -0.36 -0.48 -0.69 -0.71 -0.71 -0.68 -0.63 -0.59 -0.54 -0.48 -0.44 -0.39 -0.32 -0.25 -0.17 -0.02 0.09 0.17 0.24 0.30 0.33 0.34 0.40 0.58 0.69 0.78 0.89 1.09 1.26 1.69 1.93 0.78 0.01 0.00 1.18 2.10 2.42 2.51 2.36 2.32 4.47 1.68 1.47 1.30 1.17 1.22 0.82 1.04 1.95 2.24 2.22 2.09 2.04 3.01 4.32 3.60 2.28 0.79 0.00 0.00 0.00 0.00 0.00 0.00 0.00 0.00 0.00 0.00 0.00 0.00 0.00 0.00 0.00 0.00 0.00 0.00
0.33 0.25 0.15 0.04 -0.07 -0.23 -0.38 -0.48 -0.69 -0.72 -0.72 -0.68 -0.63 -0.59 -0.55 -0.49 -0.45 -0.40 -0.34 -0.27 -0.19 -0.04 0.09 0.18 0.26 0.34 0.39 0.40 0.44 0.55 0.70 0.77 0.92 1.14 1.32 1.68 1.76 0.00 0.00 0.00 1.21 2.27 2.30 2.43 3.11 3.08 4.50 3.58 1.34 1.28 1.17 1.14 0.77 1.21 1.96 2.31 2.20 2.03 2.18 4.36 3.08 2.34 0.72 0.00 0.00 0.00 0.00 0.00 0.00 0.00 0.00 0.00 0.00 0.00 0.00 0.00 0.00 0.00 0.00 0.00 0.00 0.00
0.31 0.23 0.14 0.03 -0.10 -0.26 -0.39 -0.48 -0.69 -0.73 -0.73 -0.69 -0.64 -0.59 -0.55 -0.49 -0.45 -0.40 -0.34 -0.27 -0.20 -0.13 0.09 0.18 0.27 0.36 0.43 0.46 0.50 0.59 0.70 0.77 1.00 1.17 1.34 1.62 1.76 0.05 0.00 0.00 1.31 2.29 2.15 2.38 2.70 2.52 4.53 1.48 1.35 1.29 1.16 0.82 0.71 1.18 1.92 2.17 2.14 2.26 2.75 4.42 2.77 2.09 0.00 0.00 0.00 0.00 0.00 0.00 0.00 0.00 0.00 0.00 0.00 0.00 0.00 0.00 0.00 0.00 0.00 0.00 0.00 0.00
0.30 0.21 0.13 0.01 -0.14 -0.30 -0.42 -0.49 -0.69 -0.73 -0.73 -0.69 -0.64 -0.60 -0.56 -0.51 -0.44 -0.39 -0.33 -0.27 -0.21 -0.05 0.09 0.19 0.28 0.36 0.44 0.51 0.58 0.64 0.68 0.83 1.02 1.16 1.14 1.64 1.69 0.02 0.00 0.33 2.02 2.49 2.38 2.46 2.40 2.48 4.54 3.71 1.34 1.33 1.13 0.48 0.65 1.18 1.98 2.16 2.18 2.43 2.64 4.05 2.81 1.94 0.00 0.00 0.00 0.00 0.00 0.00 0.00 0.00 0.00 0.00 0.00 0.00 0.00 0.00 0.00 0.00 0.00 0.00 0.00 0.00
0.28 0.18 0.11 -0.00 -0.16 -0.33 -0.44 -0.51 -0.69 -0.73 -0.73 -0.70 -0.65 -0.61 -0.56 -0.51 -0.43 -0.38 -0.33 -0.27 -0.21 -0.04 0.10 0.20 0.28 0.36 0.45 0.53 0.65 0.72 0.70 0.83 0.95 1.01 1.51 1.65 0.59 0.03 0.23 1.07 2.14 2.42 2.46 2.52 2.48 2.58 4.55 1.53 1.39 1.44 1.01 1.12 1.34 1.42 2.03 2.28 2.26 2.53 2.61 4.17 4.48 1.54 0.00 0.00 0.00 0.00 0.00 0.00 0.00 0.00 0.00 0.00 0.00 0.00 0.00 0.00 0.00 0.00 0.00 0.00 0.00 0.00
0.27 0.20 0.10 -0.02 -0.19 -0.35 -0.46 -0.58 -0.68 -0.72 -0.73 -0.71 -0.67 -0.62 -0.57 -0.51 -0.43 -0.37 -0.32 -0.26 -0.12 -0.04 0.06 0.20 0.28 0.37 0.46 0.59 0.79 0.82 0.51 0.68 0.90 1.15 1.54 1.60 0.03 0.18 0.63 1.19 1.68 2.07 2.08 1.96 2.24 3.13 4.56 1.59 1.51 1.49 1.06 1.52 1.32 1.54 2.15 2.38 2.23 2.35 2.50 3.64 4.54 0.00 0.00 0.00 0.00 0.00 0.00 0.00 0.00 0.00 0.00 0.00 0.00 0.00 0.00 0.00 0.00 0.00 0.00 0.00 0.00 0.00
0.28 0.21 0.10 -0.02 -0.19 -0.36 -0.48 -0.59 -0.67 -0.72 -0.73 -0.72 -0.68 -0.63 -0.58 -0.51 -0.43 -0.37 -0.32 -0.26 -0.11 -0.02 0.06 0.18 0.26 0.38 0.47 0.64 0.80 0.75 0.49 0.80 0.95 1.20 1.56 1.33 0.00 0.41 1.33 1.07 1.14 1.36 1.40 1.61 2.40 3.94 4.04 1.62 1.56 1.41 1.11 1.39 1.36 1.69 2.18 2.54 2.35 2.38 2.66 4.58 2.45 0.00 0.00 0.00 0.00 0.00 0.00 0.00 0.00 0.00 0.00 0.00 0.00 0.00 0.00 0.00 0.00 0.00 0.00 0.00 0.00 0.00
0.30 0.23 0.11 -0.01 -0.18 -0.36 -0.48 -0.60 -0.64 -0.71 -0.73 -0.72 -0.68 -0.64 -0.58 -0.52 -0.44 -0.38 -0.32 -0.25 -0.18 -0.02 0.06 0.17 0.26 0.38 0.47 0.59 0.54 0.56 0.60 0.87 0.97 1.07 1.56 0.43 0.31 0.47 1.43 0.77 0.47 0.59 1.18 2.07 2.79 4.56 4.56 1.50 1.58 1.38 1.22 1.40 1.53 1.99 2.25 2.33 2.51 2.73 2.95 3.61 1.25 0.00 0.00 0.00 0.00 0.00 0.00 0.00 0.00 0.00 0.00 0.00 0.00 0.00 0.00 0.00 0.00 0.00 0.00 0.00 0.00 0.00
0.30 0.24 0.13 0.01 -0.16 -0.34 -0.56 -0.59 -0.62 -0.69 -0.72 -0.71 -0.68 -0.64 -0.59 -0.54 -0.48 -0.40 -0.33 -0.26 -0.10 -0.02 0.06 0.17 0.26 0.37 0.43 0.30 0.38 0.59 0.78 0.95 1.02 1.13 1.56 0.30 0.27 0.28 1.48 0.64 0.45 0.64 1.47 2.27 3.07 4.56 3.72 1.37 1.55 1.37 1.41 1.45 1.54 2.10 2.33 2.48 2.96 3.49 3.91 4.62 0.00 0.00 0.00 0.00 0.00 0.00 0.00 0.00 0.00 0.00 0.00 0.00 0.00 0.00 0.00 0.00 0.00 0.00 0.00 0.00 0.00 0.00
0.29 0.23 0.14 0.02 -0.15 -0.34 -0.46 -0.58 -0.61 -0.67 -0.69 -0.69 -0.67 -0.64 -0.60 -0.55 -0.50 -0.40 -0.33 -0.17 -0.09 -0.00 0.07 0.17 0.25 0.31 0.19 0.21 0.54 0.84 1.00 1.16 1.17 1.43 1.51 0.02 0.19 0.31 1.26 0.47 0.68 1.36 2.08 2.38 4.09 4.57 3.47 1.45 1.64 1.36 1.21 1.40 1.72 2.25 2.49 2.61 3.12 4.42 4.61 3.43 0.00 0.00 0.00 0.00 0.00 0.00 0.00 0.00 0.00 0.00 0.00 0.00 0.00 0.00 0.00 0.00 0.00 0.00 0.00 0.00 0.00 0.00
0.18 0.16 0.14 0.01 -0.16 -0.33 -0.52 -0.55 -0.58 -0.63 -0.66 -0.66 -0.65 -0.63 -0.60 -0.55 -0.49 -0.39 -0.31 -0.24 -0.08 -0.01 0.06 0.12 0.15 0.14 0.15 0.49 0.83 1.00 1.06 1.37 1.39 1.52 0.32 0.10 0.13 0.81 1.12 0.43 0.75 1.53 2.20 2.48 4.58 4.58 2.58 1.54 1.70 1.11 0.98 1.34 1.87 2.32 2.63 3.30 4.38 4.56 4.60 4.41 0.00 0.00 0.00 0.00 0.00 0.00 0.00 0.00 0.00 0.00 0.00 0.00 0.00 0.00 0.00 0.00 0.00 0.00 0.00 0.00 0.00 0.00
-0.19 -0.16 -0.12 -0.22 -0.20 -0.43 -0.56 -0.55 -0.57 -0.61 -0.63 -0.64 -0.64 -0.62 -0.59 -0.54 -0.48 -0.38 -0.31 -0.24 -0.10 -0.05 -0.03 -0.03 0.09 0.30 0.47 0.69 0.87 1.00 1.06 1.34 1.51 1.62 0.30 0.03 0.02 0.92 0.88 0.45 0.80 1.82 2.38 3.09 4.58 4.59 1.58 1.56 1.59 0.81 1.17 1.32 1.68 2.52 3.62 4.41 4.66 4.67 4.67 3.24 1.33 0.00 0.00 0.00 0.00 0.00 0.00 0.00 0.00 0.00 0.00 0.00 0.00 0.00 0.00 0.00 0.00 0.00 0.00 0.00 0.00 0.00
-0.44 -0.48 -0.50 -0.65 -0.76 -0.83 -0.88 -0.59 -0.87 -0.85 -0.82 -0.65 -0.65 -0.63 -0.60 -0.55 -0.49 -0.40 -0.43 -0.41 -0.38 -0.32 -0.22 -0.06 0.25 0.37 0.48 0.68 0.87 0.99 1.06 1.34 1.61 1.61 0.03 0.12 0.08 0.97 0.71 0.53 1.36 2.18 2.61 3.80 4.59 4.60 1.53 1.54 1.47 0.70 1.16 1.47 2.04 3.14 4.41 4.60 4.65 4.67 3.67 2.75 2.40 0.00 0.00 0.00 0.00 0.00 0.00 0.00 0.00 0.00 0.00 0.00 0.00 0.00 0.00 0.00 0.00 0.00 0.00 0.00 0.00 0.00
-0.52 -0.57 -0.61 -0.79 -0.93 -1.02 -1.16 -1.17 -1.15 -1.13 -1.11 -1.09 -1.07 -0.92 -0.87 -0.91 -0.76 -0.71 -0.65 -0.53 -0.44 -0.31 -0.13 0.06 0.27 0.34 0.45 0.66 0.86 0.98 1.05 1.32 1.51 1.65 0.03 0.28 0.34 0.90 0.76 0.76 2.12 2.56 2.86 3.74 4.60 4.60 1.45 1.48 1.25 0.57 1.22 1.94 2.64 4.43 4.62 4.65 4.66 4.32 3.11 2.52 2.56 1.38 0.00 0.00 0.00 0.00 0.00 0.00 0.00 0.00 0.00 0.00 0.00 0.00 0.00 0.00 0.00 0.00 0.00 0.00 0.00 0.00
-0.56 -0.65 -0.70 -0.79 -1.03 -1.13 -1.21 -1.21 -1.19 -1.16 -1.13 -1.11 -1.08 -1.03 -0.97 -0.91 -0.84 -0.78 -0.68 -0.52 -0.39 -0.23 -0.05 0.10 0.25 0.32 0.40 0.63 0.83 0.96 1.04 1.31 1.49 1.08 0.16 0.32 0.51 1.09 0.73 1.66 2.56 2.76 3.01 4.25 4.61 2.38 1.72 1.70 1.28 0.87 1.46 2.33 3.39 4.52 4.49 4.55 4.57 4.32 4.19 2.55 2.52 2.63 2.43 0.37 0.00 0.00 0.00 0.00 0.00 0.00 0.00 0.00 0.00 0.00 0.00 0.00 0.00 0.00 0.00 0.00 0.00 0.00
-0.59 -0.68 -0.73 -0.83 -1.07 -1.17 -1.23 -1.23 -1.21 -1.18 -1.14 -1.11 -1.08 -1.02 -0.96 -0.90 -0.83 -0.77 -0.56 -0.43 -0.26 -0.15 0.00 0.11 0.20 0.32 0.34 0.58 0.80 0.93 1.05 1.30 1.48 0.40 0.27 0.27 0.91 0.98 0.91 2.12 2.38 2.47 3.00 4.26 4.62 2.76 1.77 1.59 1.11 1.36 1.81 2.67 4.01 4.33 4.32 4.63 4.60 4.43 2.91 2.70 2.61 2.55 2.04 0.00 0.00 0.00 0.00 0.00 0.00 0.00 0.00 0.00 0.00 0.00 0.00 0.00 0.00 0.00 0.00 0.00 0.00 0.00
-0.61 -0.70 -0.75 -0.86 -1.11 -1.20 -1.26 -1.25 -1.23 -1.19 -1.16 -1.11 -1.07 -1.01 -0.95 -0.89 -0.83 -0.76 -0.63 -0.37 -0.21 -0.07 0.05 0.13 0.21 0.32 0.35 0.52 0.77 0.93 1.08 1.37 0.89 0.01 0.28 0.23 1.01 0.88 1.31 2.26 2.34 2.52 2.48 3.24 4.63 3.76 1.63 1.54 1.43 1.64 2.17 2.78 4.26 4.35 4.64 4.65 4.20 3.93 3.08 2.23 2.18 0.49 0.00 0.00 0.00 0.00 0.00 0.00 0.00 0.00 0.00 0.00 0.00 0.00 0.00 0.00 0.00 0.00 0.00 0.00 0.00 0.00
-0.63 -0.72 -0.77 -0.90 -1.14 -1.22 -1.28 -1.28 -1.25 -1.21 -1.16 -1.10 -1.05 -1.00 -0.95 -0.89 -0.82 -0.74 -0.45 -0.30 -0.14 -0.02 0.08 0.16 0.23 0.36 0.38 0.56 0.80 0.94 1.14 1.36 0.00 0.01 0.30 0.25 0.83 1.02 1.66 2.48 2.44 3.03 2.55 4.16 4.64 4.17 1.67 1.56 1.53 2.05 2.34 2.75 4.16 4.42 4.64 4.18 2.47 1.15 0.00 0.00 0.00 0.00 0.00 0.00 0.00 0.00 0.00 0.00 0.00 0.00 0.00 0.00 0.00 0.00 0.00 0.00 0.00 0.00 0.00 0.00 0.00 0.00
-0.64 -0.72 -0.80 -0.94 -1.16 -1.24 -1.30 -1.30 -1.27 -1.22 -1.16 -1.09 -1.04 -0.99 -0.93 -0.87 -0.80 -0.72 -0.62 -0.26 -0.11 0.01 0.11 0.19 0.26 0.39 0.41 0.62 0.84 1.02 1.19 1.45 0.04 0.21 0.26 0.40 0.37 1.06 1.94 2.58 2.99 3.55 3.52 4.25 4.65 4.27 1.57 1.53 1.98 2.34 2.71 3.85 4.39 4.56 3.93 1.74 0.00 0.00 0.00 0.00 0.00 0.00 0.00 0.00 0.00 0.00 0.00 0.00 0.00 0.00 0.00 0.00 0.00 0.00 0.00 0.00 0.00 0.00 0.00 0.00 0.00 0.00
-0.64 -0.72 -0.83 -1.00 -1.14 -1.32 -1.33 -1.32 -1.28 -1.22 -1.16 -1.08 -1.04 -0.98 -0.92 -0.86 -0.78 -0.70 -0.38 -0.23 -0.08 0.05 0.16 0.23 0.30 0.37 0.47 0.73 0.91 1.10 1.27 1.59 0.03 0.27 0.17 0.27 0.31 1.81 2.38 2.66 2.54 3.52 3.30 3.39 4.65 3.44 1.69 2.30 2.77 3.05 4.08 4.44 4.54 4.66 3.08 0.52 0.00 0.00 0.00 0.00 0.00 0.00 0.00 0.00 0.00 0.00 0.00 0.00 0.00 0.00 0.00 0.00 0.00 0.00 0.00 0.00 0.00 0.00 0.00 0.00 0.00 0.00
-0.64 -0.74 -0.88 -1.03 -1.29 -1.35 -1.36 -1.33 -1.27 -1.21 -1.15 -1.08 -1.03 -0.98 -0.91 -0.84 -0.76 -0.67 -0.36 -0.21 -0.06 0.08 0.20 0.27 0.33 0.39 0.62 0.86 1.01 1.19 1.36 1.74 0.03 0.30 0.41 0.35 0.81 2.16 2.47 2.45 2.55 2.54 2.59 2.93 2.19 1.72 2.12 2.59 3.19 3.53 4.26 4.43 4.51 4.51 2.52 0.00 0.00 0.00 0.00 0.00 0.00 0.00 0.00 0.00 0.00 0.00 0.00 0.00 0.00 0.00 0.00 0.00 0.00 0.00 0.00 0.00 0.00 0.00 0.00 0.00 0.00 0.00
-0.65 -0.76 -0.92 -1.07 -1.19 -1.38 -1.38 -1.34 -1.27 -1.21 -1.15 -1.10 -1.03 -0.97 -0.90 -0.82 -0.73 -0.64 -0.33 -0.19 -0.05 0.10 0.23 0.31 0.37 0.44 0.80 1.05 1.17 1.33 1.49 1.94 0.03 0.26 0.46 0.44 1.21 2.22 2.44 2.45 2.43 2.53 2.57 3.31 1.71 2.39 2.42 2.51 2.80 3.25 4.09 4.48 4.52 4.41 3.08 0.00 0.00 0.00 0.00 0.00 0.00 0.00 0.00 0.00 0.00 0.00 0.00 0.00 0.00 0.00 0.00 0.00 0.00 0.00 0.00 0.00 0.00 0.00 0.00 0.00 0.00 0.00
-0.66 -0.79 -0.95 -1.10 -1.36 -1.41 -1.40 -1.34 -1.27 -1.20 -1.15 -1.10 -1.02 -0.96 -0.88 -0.79 -0.70 -0.51 -0.38 -0.18 -0.05 0.10 0.26 0.37 0.48 0.63 1.01 1.15 1.26 1.40 1.70 2.06 0.03 0.09 0.40 0.60 1.54 2.17 2.39 2.39 2.41 2.49 2.67 3.52 1.92 2.43 2.50 2.51 2.76 2.98 3.05 3.78 4.51 4.37 3.42 0.00 0.00 0.00 0.00 0.00 0.00 0.00 0.00 0.00 0.00 0.00 0.00 0.00 0.00 0.00 0.00 0.00 0.00 0.00 0.00 0.00 0.00 0.00 0.00 0.00 0.00 0.00
-0.67 -0.81 -0.97 -1.14 -1.27 -1.42 -1.41 -1.35 -1.27 -1.21 -1.16 -1.10 -1.01 -0.94 -0.86 -0.77 -0.67 -0.48 -0.36 -0.18 -0.06 0.09 0.26 0.41 0.56 0.79 1.12 1.24 1.36 1.46 1.79 2.10 0.04 0.00 0.19 0.84 1.51 1.95 2.27 2.33 2.34 2.56 2.96 3.05 2.16 2.44 2.50 2.53 2.69 2.95 2.91 3.09 4.45 4.29 3.36 0.00 0.00 0.00 0.00 0.00 0.00 0.00 0.00 0.00 0.00 0.00 0.00 0.00 0.00 0.00 0.00 0.00 0.00 0.00 0.00 0.00 0.00 0.00 0.00 0.00 0.00 0.00
-0.68 -0.83 -1.00 -1.19 -1.39 -1.44 -1.42 -1.37 -1.30 -1.23 -1.17 -1.11 -1.00 -0.93 -0.85 -0.76 -0.66 -0.57 -0.36 -0.19 -0.07 0.07 0.25 0.43 0.63 0.95 1.16 1.35 1.44 1.54 1.89 2.11 0.04 0.00 0.21 0.81 1.47 1.57 2.07 2.24 2.33 2.62 3.26 1.63 2.20 2.44 2.55 2.58 2.58 2.73 2.88 3.09 4.50 4.67 3.72 1.99 0.15 0.36 0.00 0.00 0.00 0.00 0.00 0.00 0.00 0.00 0.00 0.00 0.00 0.00 0.00 0.00 0.00 0.00 0.00 0.00 0.00 0.00 0.00 0.00 0.00 0.00
-0.68 -0.84 -1.05 -1.26 -1.44 -1.45 -1.44 -1.39 -1.32 -1.26 -1.19 -1.12 -1.00 -0.92 -0.84 -0.76 -0.67 -0.57 -0.37 -0.20 -0.08 0.05 0.25 0.44 0.72 1.11 1.32 1.47 1.51 1.62 1.75 1.84 0.06 0.05 0.46 0.88 1.50 1.47 1.78 2.11 2.27 2.87 3.61 1.50 2.04 2.33 2.46 2.56 3.46 3.65 3.64 3.98 4.74 4.58 3.98 3.72 2.93 2.83 2.31 0.57 0.00 0.00 0.00 0.00 0.00 0.00 0.00 0.00 0.00 0.00 0.00 0.00 0.00 0.00 0.00 0.00 0.00 0.00 0.00 0.00 0.00 0.00
