tsunami_inundation/3480.asc
ncols        89
nrows        96
xllcorner    425855.973699999973
yllcorner    5091051.504999999888
cellsize     55.000000000000
NODATA_value  -9999.00
[rows 0 to 35 of 96, columns 0 to 81 of 89]
-9999.00 0.59 0.60 0.60 0.56 0.61 0.54 0.44 0.35 0.28 0.22 0.17 0.12 0.06 -0.00 -0.04 -0.08 -0.14 -0.15 -0.15 -0.13 -0.09 -0.05 -0.01 0.04 0.10 0.16 0.24 0.36 0.46 0.68 0.84 1.04 1.47 2.18 2.56 2.75 2.87 2.90 2.94 2.86 0.06 0.02 0.30 0.26 0.01 0.02 0.00 0.04 1.44 3.27 3.57 3.59 3.60 3.62 3.64 3.67 3.67 3.66 1.76 2.46 2.60 2.23 1.70 0.10 0.00 0.20 1.45 2.34 2.55 1.95 1.88 1.41 1.76 1.44 0.00 0.00 0.00 0.00 0.00 0.00 0.00
-9999.00 0.57 0.58 0.54 0.53 0.55 0.55 0.48 0.39 0.29 0.21 0.15 0.09 0.04 -0.02 -0.05 -0.11 -0.13 -0.14 -0.13 -0.12 -0.08 -0.04 0.00 0.06 0.11 0.18 0.25 0.48 0.58 0.70 0.85 1.06 1.45 2.17 2.55 2.72 2.85 2.90 2.93 2.90 0.07 0.02 0.06 0.29 0.17 0.06 0.02 1.75 3.20 3.56 3.57 3.58 3.60 3.62 3.64 3.67 3.66 3.66 1.83 2.48 2.68 2.53 1.72 0.02 0.01 0.19 1.77 2.50 2.62 2.10 1.46 1.46 1.65 1.51 0.00 0.00 0.00 0.00 0.00 0.00 0.00
-9999.00 0.55 0.55 0.52 0.50 0.51 0.52 0.48 0.40 0.30 0.21 0.14 0.06 0.01 -0.03 -0.09 -0.11 -0.13 -0.13 -0.12 -0.10 -0.06 -0.03 0.01 0.07 0.12 0.19 0.26 0.35 0.59 0.70 0.86 1.07 1.38 2.12 2.43 2.71 2.85 2.97 3.00 2.99 0.00 0.00 0.00 0.08 0.28 0.18 1.46 3.03 3.55 3.56 3.57 3.58 3.60 3.61 3.65 3.66 3.66 3.45 2.16 2.39 2.80 2.69 1.65 0.68 0.01 0.41 1.85 2.27 2.73 2.33 1.06 1.11 1.44 0.00 0.00 0.00 0.00 0.00 0.00 0.00 0.00
-9999.00 0.53 0.53 0.50 0.47 0.47 0.48 0.47 0.39 0.30 0.20 0.12 0.05 -0.00 -0.04 -0.07 -0.11 -0.12 -0.12 -0.11 -0.09 -0.05 -0.02 0.02 0.07 0.13 0.20 0.27 0.48 0.58 0.69 0.84 1.05 1.32 2.02 2.42 2.68 2.82 2.96 3.03 3.07 0.59 0.00 0.01 0.01 0.07 0.13 2.39 3.45 3.55 3.56 3.57 3.58 3.59 3.61 3.65 3.66 3.66 3.55 2.63 2.49 2.82 2.64 1.54 0.70 0.64 1.38 2.23 2.62 2.86 2.50 1.29 1.26 1.15 0.00 0.00 0.00 0.00 0.00 0.00 0.00 0.00
-9999.00 0.51 0.51 0.48 0.45 0.44 0.44 0.44 0.38 0.29 0.19 0.11 0.04 -0.01 -0.04 -0.09 -0.11 -0.11 -0.11 -0.09 -0.07 -0.03 0.00 0.04 0.08 0.14 0.20 0.27 0.35 0.56 0.67 0.82 1.03 1.29 1.77 2.42 2.66 2.79 2.90 2.99 3.04 1.97 0.01 0.01 0.01 0.01 1.21 2.94 3.55 3.55 3.56 3.56 3.58 3.59 3.62 3.64 3.65 3.66 3.66 3.16 2.72 3.21 2.54 1.49 0.45 0.67 1.38 1.97 2.59 2.95 2.61 1.34 1.40 0.37 0.00 0.00 0.00 0.00 0.00 0.00 0.00 0.00
-9999.00 0.48 0.48 0.46 0.43 0.41 0.41 0.40 0.35 0.27 0.17 0.08 0.02 -0.01 -0.03 -0.08 -0.11 -0.11 -0.11 -0.09 -0.07 -0.04 0.01 0.04 0.09 0.14 0.20 0.27 0.46 0.55 0.65 0.80 1.01 1.26 1.55 2.28 2.67 2.76 2.86 2.94 3.03 1.99 0.01 0.02 0.01 0.01 1.63 3.29 3.53 3.54 3.54 3.56 3.57 3.58 3.62 3.63 3.64 3.65 3.66 3.68 3.70 3.64 3.28 2.37 0.39 0.63 1.50 2.09 2.71 3.07 2.72 1.41 1.40 0.00 0.00 0.00 0.00 0.00 0.00 0.00 0.00 0.00
-9999.00 0.44 0.44 0.43 0.41 0.38 0.38 0.38 0.34 0.26 0.15 0.06 0.00 -0.03 -0.04 -0.07 -0.10 -0.11 -0.11 -0.09 -0.07 -0.04 0.02 0.05 0.10 0.15 0.20 0.27 0.42 0.55 0.65 0.79 1.00 1.24 1.47 1.85 2.68 2.75 2.84 2.94 3.04 0.00 0.02 0.02 0.03 0.00 1.01 2.82 3.51 3.52 3.53 3.55 3.56 3.58 3.59 3.62 3.63 3.63 3.66 3.68 3.70 3.72 3.57 3.26 1.96 0.76 1.61 2.17 2.70 3.15 2.85 1.63 1.46 0.00 0.00 0.00 0.00 0.00 0.00 0.00 0.00 0.00
-9999.00 0.43 0.42 0.41 0.39 0.36 0.35 0.36 0.33 0.25 0.14 0.04 -0.02 -0.05 -0.05 -0.07 -0.09 -0.10 -0.10 -0.09 -0.07 -0.04 0.02 0.06 0.10 0.15 0.21 0.28 0.43 0.56 0.68 0.82 1.00 1.20 1.43 1.62 2.12 2.66 2.79 2.90 2.99 3.09 0.02 0.02 0.05 0.00 1.17 2.72 3.47 3.49 3.51 3.54 3.55 3.57 3.59 3.60 3.60 3.62 2.38 2.72 3.71 3.72 3.74 3.75 3.76 2.64 1.63 2.24 2.77 3.22 3.06 2.24 2.13 0.00 0.00 0.00 0.00 0.00 0.00 0.00 0.00 0.00
-9999.00 0.43 0.40 0.39 0.37 0.34 0.33 0.33 0.32 0.24 0.13 0.02 -0.04 -0.07 -0.07 -0.07 -0.08 -0.08 -0.08 -0.08 -0.06 -0.03 0.02 0.06 0.11 0.16 0.22 0.36 0.45 0.59 0.69 0.81 0.97 1.17 1.36 1.53 1.68 2.05 2.31 2.48 2.86 0.80 0.00 0.00 0.03 0.29 1.65 2.90 3.43 3.46 3.49 3.52 3.54 3.55 3.56 3.58 3.58 3.60 1.40 1.29 2.30 3.73 3.75 3.76 3.77 3.78 1.88 2.34 2.67 3.28 3.36 2.93 2.67 0.00 0.00 0.00 0.00 0.00 0.00 0.00 0.00 0.00
-9999.00 0.55 0.39 0.37 0.35 0.32 0.30 0.30 0.30 0.23 0.12 0.01 -0.06 -0.09 -0.09 -0.08 -0.08 -0.07 -0.06 -0.05 -0.04 -0.02 0.01 0.07 0.12 0.17 0.23 0.30 0.46 0.59 0.69 0.79 0.94 1.14 1.34 1.51 1.66 1.89 2.14 2.38 2.56 1.77 0.00 0.00 0.10 1.03 2.52 3.33 3.39 3.43 3.47 3.50 3.52 3.53 3.54 3.54 3.55 2.21 0.90 1.36 1.77 2.28 2.04 2.19 3.72 3.80 2.29 2.24 2.86 3.36 3.24 2.86 2.63 0.00 0.00 0.00 0.00 0.00 0.00 0.00 0.00 0.00
-9999.00 0.65 0.38 0.35 0.34 0.30 0.27 0.27 0.27 0.21 0.11 -0.01 -0.08 -0.12 -0.12 -0.10 -0.09 -0.07 -0.05 -0.04 -0.03 -0.01 0.01 0.07 0.12 0.18 0.24 0.31 0.46 0.54 0.67 0.76 0.90 1.10 1.31 1.50 1.65 1.84 2.02 2.28 2.47 2.90 2.96 2.03 0.85 2.30 3.20 3.29 3.36 3.40 3.44 3.47 3.49 3.50 3.50 3.50 2.59 0.96 1.21 1.73 1.82 1.88 1.79 1.79 3.33 3.79 2.73 2.39 2.95 3.43 3.41 2.87 2.92 1.38 0.00 0.00 0.00 0.00 0.00 0.00 0.00 0.00
-9999.00 0.66 0.38 0.34 0.31 0.27 0.24 0.23 0.23 0.19 0.09 -0.01 -0.09 -0.13 -0.14 -0.12 -0.10 -0.08 -0.06 -0.04 -0.02 -0.00 0.02 0.08 0.13 0.19 0.24 0.38 0.45 0.52 0.63 0.73 0.87 1.06 1.28 1.47 1.62 1.76 1.98 2.16 2.34 2.75 2.90 3.07 3.04 3.08 3.16 3.23 3.29 3.34 3.37 3.39 3.41 3.46 3.46 3.47 2.04 0.60 0.85 1.78 1.88 2.07 1.96 1.97 3.04 3.79 3.15 2.74 3.19 3.49 3.33 2.79 3.02 2.66 1.32 0.00 0.00 0.00 0.00 0.00 0.00 0.00
0.67 0.51 0.39 0.32 0.29 0.26 0.21 0.20 0.20 0.17 0.08 -0.02 -0.10 -0.15 -0.15 -0.14 -0.12 -0.10 -0.07 -0.04 -0.01 0.01 0.04 0.09 0.14 0.19 0.24 0.36 0.43 0.49 0.61 0.70 0.83 1.03 1.25 1.44 1.60 1.77 1.96 2.07 2.48 2.72 2.88 3.05 3.11 3.10 3.14 3.20 3.26 3.31 3.34 3.36 3.38 3.43 3.41 3.38 1.09 0.53 0.98 1.72 1.82 1.85 1.82 1.85 2.72 3.78 2.33 2.58 3.08 3.55 3.42 2.68 2.79 2.62 2.82 1.67 0.00 0.00 0.00 0.00 0.00 0.00
0.65 0.53 0.39 0.32 0.28 0.24 0.19 0.17 0.17 0.14 0.06 -0.04 -0.11 -0.15 -0.16 -0.16 -0.14 -0.11 -0.09 -0.05 -0.02 0.02 0.05 0.10 0.14 0.18 0.23 0.34 0.40 0.47 0.58 0.66 0.78 0.98 1.21 1.42 1.60 1.77 1.96 2.24 2.45 2.71 2.90 3.05 3.18 3.09 3.12 3.18 3.23 3.28 3.31 3.33 3.36 3.39 3.39 2.32 0.77 0.54 1.58 1.76 1.85 1.75 1.73 1.90 2.58 3.78 2.25 2.09 2.80 3.82 3.33 2.71 2.63 2.64 2.87 2.71 2.40 1.73 0.00 0.00 0.00 0.00
0.62 0.54 0.40 0.31 0.26 0.22 0.17 0.14 0.14 0.11 0.03 -0.06 -0.13 -0.17 -0.17 -0.17 -0.15 -0.12 -0.10 -0.06 -0.03 0.01 0.05 0.08 0.13 0.16 0.20 0.32 0.39 0.46 0.56 0.62 0.75 0.95 1.18 1.40 1.59 1.76 2.00 2.26 2.43 2.68 2.96 3.17 3.21 3.04 3.10 3.16 3.20 3.25 3.29 3.32 3.35 3.37 3.38 1.64 0.44 0.85 1.64 1.75 1.75 1.80 2.13 1.87 2.57 3.79 1.90 2.52 2.92 3.83 3.14 2.62 2.59 2.50 2.64 2.44 2.09 1.77 1.56 0.03 0.00 0.00
0.59 0.59 0.41 0.30 0.24 0.20 0.15 0.12 0.11 0.08 0.01 -0.08 -0.14 -0.18 -0.18 -0.17 -0.16 -0.14 -0.12 -0.10 -0.06 -0.02 0.02 0.06 0.12 0.16 0.20 0.31 0.38 0.46 0.51 0.59 0.73 0.94 1.16 1.37 1.57 1.75 2.06 2.25 2.43 2.64 2.98 3.38 3.44 2.99 3.01 3.13 3.16 3.22 3.27 3.29 3.32 3.35 3.26 1.63 0.00 1.08 1.68 1.74 1.68 1.83 1.83 1.73 2.72 2.07 2.30 3.11 3.84 3.84 3.44 2.53 2.42 2.41 2.49 2.42 1.95 1.55 1.68 0.36 0.10 0.00
0.56 0.58 0.43 0.30 0.23 0.18 0.13 0.09 0.09 0.06 -0.03 -0.11 -0.17 -0.19 -0.19 -0.19 -0.17 -0.16 -0.14 -0.12 -0.09 -0.05 -0.01 0.04 0.11 0.16 0.20 0.31 0.38 0.45 0.50 0.58 0.73 0.93 1.14 1.34 1.54 1.77 2.02 2.33 2.54 2.64 2.92 3.37 3.55 3.04 2.90 3.00 3.08 3.15 3.21 3.26 3.30 3.35 2.73 1.56 0.17 1.52 1.92 1.89 2.13 1.96 2.00 1.89 3.06 2.06 2.24 2.91 3.84 3.84 3.85 2.57 2.47 2.25 2.51 2.39 1.93 1.57 1.39 0.74 0.12 0.00
0.54 0.56 0.46 0.31 0.22 0.16 0.11 0.07 0.05 0.02 -0.07 -0.14 -0.20 -0.22 -0.22 -0.21 -0.19 -0.18 -0.17 -0.15 -0.12 -0.08 -0.03 0.02 0.11 0.16 0.25 0.30 0.38 0.44 0.49 0.58 0.71 0.91 1.12 1.31 1.53 1.80 2.07 2.38 2.72 2.88 2.97 3.19 3.39 3.31 2.91 2.87 3.02 3.12 3.20 3.26 3.33 3.35 2.38 1.15 0.60 1.70 1.87 2.08 2.18 1.86 1.94 2.08 3.72 2.64 2.40 3.05 3.84 3.85 3.74 2.45 3.05 2.40 2.88 2.64 2.25 1.63 1.36 0.45 0.00 0.00
0.49 0.53 0.47 0.32 0.21 0.15 0.09 0.04 0.01 -0.02 -0.11 -0.18 -0.23 -0.25 -0.25 -0.24 -0.23 -0.20 -0.19 -0.16 -0.13 -0.09 -0.05 0.01 0.10 0.16 0.21 0.30 0.37 0.44 0.50 0.59 0.68 0.90 1.13 1.31 1.55 1.86 2.12 2.63 2.83 3.02 3.17 3.25 3.30 3.27 2.52 2.65 3.03 3.13 3.20 3.25 3.30 3.36 2.79 0.77 0.64 1.53 1.49 2.10 1.97 1.98 2.31 3.22 3.82 1.99 2.71 3.40 3.85 3.85 3.81 2.79 3.20 2.32 2.79 2.30 2.01 1.74 1.29 0.00 0.00 0.00
0.47 0.48 0.48 0.32 0.18 0.10 0.06 0.01 -0.03 -0.06 -0.15 -0.22 -0.27 -0.29 -0.28 -0.27 -0.25 -0.22 -0.19 -0.17 -0.14 -0.10 -0.06 -0.01 0.05 0.20 0.25 0.30 0.37 0.44 0.52 0.57 0.63 0.91 1.15 1.33 1.59 1.89 2.14 2.46 2.93 3.12 3.25 3.32 3.34 3.02 0.01 1.46 2.92 3.15 3.21 3.25 3.34 3.38 3.39 0.32 0.77 1.48 1.41 1.84 1.96 3.64 3.83 3.83 2.29 1.67 2.46 3.11 3.85 3.85 3.85 3.76 3.15 2.43 2.82 2.34 2.26 1.99 0.00 0.00 0.00 0.00
0.46 0.45 0.46 0.33 0.18 0.07 0.03 -0.03 -0.07 -0.11 -0.20 -0.25 -0.30 -0.32 -0.31 -0.29 -0.27 -0.23 -0.20 -0.17 -0.15 -0.12 -0.08 -0.03 0.02 0.11 0.24 0.31 0.37 0.44 0.51 0.54 0.64 0.92 1.19 1.35 1.64 1.93 2.16 2.75 3.02 3.17 3.25 3.28 2.33 0.03 0.02 1.46 2.52 3.13 3.21 3.25 3.36 3.40 3.40 0.07 0.76 1.37 1.40 1.76 2.06 3.84 3.84 3.84 1.98 2.43 2.43 3.30 3.85 3.85 3.85 3.84 3.18 2.01 2.74 2.56 2.41 1.73 0.00 0.00 0.00 0.00
0.47 0.44 0.44 0.34 0.18 0.06 -0.02 -0.10 -0.16 -0.20 -0.25 -0.28 -0.36 -0.35 -0.34 -0.32 -0.29 -0.24 -0.21 -0.18 -0.16 -0.13 -0.10 -0.06 -0.01 0.16 0.24 0.31 0.37 0.44 0.49 0.51 0.67 0.95 1.20 1.35 1.69 1.94 2.34 2.77 3.06 3.17 3.23 3.27 0.65 0.17 0.01 1.20 1.78 2.09 2.60 3.35 3.40 3.44 2.67 0.06 0.00 0.75 1.27 1.90 2.04 3.55 3.85 3.85 2.61 2.38 2.41 3.16 3.84 3.84 3.84 3.80 3.16 2.00 2.74 2.66 1.95 0.00 0.00 0.00 0.00 0.00
0.51 0.45 0.44 0.36 0.20 0.07 -0.03 -0.12 -0.19 -0.24 -0.28 -0.34 -0.38 -0.39 -0.35 -0.33 -0.32 -0.29 -0.22 -0.20 -0.18 -0.15 -0.12 -0.08 -0.03 0.15 0.23 0.30 0.36 0.41 0.45 0.49 0.70 0.96 1.19 1.40 1.71 1.93 2.31 2.78 3.11 3.21 3.23 3.22 0.02 0.02 0.00 1.51 1.46 1.31 1.74 3.42 3.45 3.47 1.81 0.00 0.05 0.16 1.23 1.93 2.02 3.67 3.86 3.85 2.35 2.56 2.57 2.62 3.84 3.84 3.84 3.71 3.40 2.21 2.79 1.69 0.00 0.00 0.00 0.00 0.00 0.00
0.53 0.46 0.45 0.38 0.23 0.08 -0.04 -0.15 -0.23 -0.28 -0.32 -0.38 -0.42 -0.42 -0.41 -0.39 -0.35 -0.32 -0.27 -0.22 -0.22 -0.17 -0.13 -0.09 -0.04 0.13 0.21 0.27 0.33 0.37 0.42 0.47 0.71 0.97 1.17 1.43 1.71 1.91 2.08 2.87 3.16 3.26 3.29 0.77 0.00 0.00 0.49 1.65 1.62 1.47 2.00 3.24 3.51 3.51 1.04 0.00 0.00 0.44 1.50 1.92 2.39 3.86 3.86 2.75 1.97 2.77 2.68 2.75 3.84 3.84 3.84 3.70 3.42 2.35 1.43 0.00 0.00 0.00 0.00 0.00 0.00 0.00
0.55 0.46 0.44 0.43 0.25 0.08 -0.06 -0.18 -0.27 -0.33 -0.37 -0.42 -0.46 -0.46 -0.45 -0.42 -0.38 -0.34 -0.30 -0.26 -0.23 -0.19 -0.15 -0.11 -0.06 -0.03 0.11 0.23 0.29 0.35 0.38 0.44 0.71 0.97 1.15 1.44 1.69 1.90 2.37 2.87 3.15 3.24 3.29 0.43 0.00 0.41 1.48 1.66 1.64 1.56 2.19 3.57 3.56 3.56 0.30 0.00 0.02 0.93 1.84 2.03 3.14 3.88 3.15 1.95 1.92 2.67 2.46 2.88 3.84 3.84 3.60 3.84 2.70 2.38 0.00 0.00 0.00 0.00 0.00 0.00 0.00 0.00
0.56 0.46 0.43 0.43 0.27 0.09 -0.07 -0.20 -0.31 -0.37 -0.41 -0.44 -0.49 -0.50 -0.48 -0.45 -0.41 -0.37 -0.33 -0.29 -0.26 -0.22 -0.19 -0.15 -0.07 0.01 0.08 0.18 0.24 0.31 0.37 0.45 0.58 0.95 1.12 1.44 1.70 1.94 2.17 2.86 3.08 3.18 3.13 0.07 0.07 1.07 1.60 1.79 1.76 1.58 2.23 3.61 3.60 3.59 0.04 0.07 0.36 1.49 1.88 2.12 3.30 3.89 3.19 2.04 2.23 2.63 2.24 2.93 3.84 3.84 3.59 3.83 2.90 2.64 0.00 0.00 0.00 0.00 0.00 0.00 0.00 0.00
0.58 0.46 0.42 0.42 0.30 0.11 -0.06 -0.22 -0.33 -0.40 -0.43 -0.46 -0.53 -0.54 -0.52 -0.49 -0.45 -0.41 -0.36 -0.33 -0.30 -0.26 -0.23 -0.19 -0.15 -0.00 0.07 0.15 0.23 0.31 0.40 0.50 0.59 0.87 1.11 1.55 1.76 2.00 2.37 2.78 2.98 3.11 2.80 0.02 0.41 1.53 1.57 1.81 1.79 1.66 2.45 3.66 3.63 2.35 0.03 0.00 0.46 1.51 1.72 1.91 3.82 3.90 3.32 1.98 2.20 2.36 2.37 3.15 3.85 3.84 3.84 3.83 3.15 2.67 1.99 0.00 0.00 0.00 0.00 0.00 0.00 0.00
0.60 0.47 0.42 0.42 0.33 0.15 -0.05 -0.23 -0.36 -0.43 -0.46 -0.54 -0.56 -0.57 -0.56 -0.53 -0.49 -0.46 -0.42 -0.38 -0.35 -0.31 -0.27 -0.23 -0.12 -0.02 0.06 0.15 0.23 0.31 0.41 0.54 0.66 0.85 1.23 1.61 1.82 1.94 2.34 2.56 2.89 3.02 1.85 0.00 0.62 1.70 1.64 1.83 1.83 2.34 3.76 3.73 3.15 0.02 0.08 0.04 0.43 1.25 1.70 2.37 3.92 3.91 3.06 1.96 2.15 1.91 2.11 2.92 3.69 3.72 3.44 3.82 3.81 1.69 0.31 0.00 0.00 0.00 0.00 0.00 0.00 0.00
0.61 0.47 0.40 0.39 0.34 0.16 -0.06 -0.25 -0.39 -0.46 -0.49 -0.58 -0.61 -0.62 -0.61 -0.58 -0.54 -0.50 -0.47 -0.43 -0.39 -0.35 -0.30 -0.25 -0.20 -0.06 0.06 0.14 0.23 0.32 0.43 0.56 0.66 0.90 1.31 1.62 1.76 1.88 2.29 2.44 2.80 2.47 0.03 0.07 1.54 1.77 1.64 1.80 1.86 2.74 3.84 3.79 1.21 0.00 0.07 0.00 0.54 1.31 1.79 2.96 3.92 3.92 2.78 1.84 2.38 2.09 2.42 3.15 2.97 2.65 2.75 3.82 3.31 0.00 0.00 0.00 0.00 0.00 0.00 0.00 0.00 0.00
0.60 0.45 0.37 0.35 0.35 0.16 -0.08 -0.30 -0.43 -0.50 -0.54 -0.63 -0.66 -0.67 -0.65 -0.62 -0.58 -0.54 -0.51 -0.46 -0.42 -0.37 -0.32 -0.27 -0.22 -0.07 0.06 0.14 0.22 0.31 0.42 0.55 0.68 0.94 1.35 1.59 1.73 2.00 2.25 2.38 1.11 0.01 0.00 0.52 1.53 1.76 1.55 1.66 1.89 3.18 3.88 3.30 0.36 0.02 0.04 0.00 0.78 1.48 1.97 3.42 3.93 3.93 2.85 1.94 2.57 2.11 2.67 3.42 3.16 2.30 2.14 2.54 2.18 0.00 0.00 0.00 0.00 0.00 0.00 0.00 0.00 0.00
0.56 0.42 0.32 0.30 0.30 0.14 -0.12 -0.34 -0.48 -0.55 -0.62 -0.66 -0.70 -0.71 -0.69 -0.65 -0.61 -0.57 -0.54 -0.49 -0.44 -0.39 -0.34 -0.29 -0.16 -0.07 0.06 0.14 0.22 0.31 0.42 0.55 0.76 1.00 1.33 1.55 1.69 1.97 2.19 2.32 0.00 0.07 0.00 0.76 1.46 1.74 1.57 1.70 2.60 3.99 3.92 0.83 0.25 0.00 0.05 0.08 1.01 1.54 2.03 3.58 3.94 3.94 3.12 2.40 1.89 2.15 2.86 3.65 2.14 0.00 0.00 0.00 0.00 0.00 0.00 0.00 0.00 0.00 0.00 0.00 0.00 0.00
0.53 0.39 0.28 0.25 0.25 0.13 -0.14 -0.38 -0.52 -0.59 -0.65 -0.69 -0.73 -0.73 -0.71 -0.67 -0.63 -0.60 -0.56 -0.51 -0.46 -0.41 -0.36 -0.30 -0.16 -0.07 0.06 0.14 0.22 0.31 0.42 0.57 0.82 1.00 1.33 1.52 1.65 1.93 2.13 2.24 0.20 0.09 0.00 0.59 1.54 1.80 1.66 1.74 2.85 4.04 1.80 0.79 0.47 0.08 0.03 0.79 1.24 1.69 1.93 3.89 3.95 3.85 3.08 2.33 2.06 2.31 2.72 3.53 0.00 0.00 0.00 0.00 0.00 0.00 0.00 0.00 0.00 0.00 0.00 0.00 0.00 0.00
0.50 0.38 0.25 0.20 0.21 0.12 -0.16 -0.41 -0.55 -0.62 -0.69 -0.72 -0.75 -0.75 -0.72 -0.68 -0.64 -0.61 -0.57 -0.53 -0.47 -0.42 -0.36 -0.23 -0.15 -0.07 0.06 0.14 0.23 0.32 0.43 0.60 0.84 1.03 1.30 1.48 1.61 1.89 2.07 2.11 0.13 0.00 0.00 0.50 1.63 1.84 1.80 1.85 2.25 4.13 1.13 0.86 0.48 0.07 0.00 0.76 1.46 1.74 2.11 2.83 3.96 3.79 3.09 2.24 1.97 2.18 2.45 2.18 0.00 0.00 0.00 0.00 0.00 0.00 0.00 0.00 0.00 0.00 0.00 0.00 0.00 0.00
0.47 0.37 0.23 0.16 0.15 0.09 -0.16 -0.43 -0.58 -0.64 -0.67 -0.74 -0.75 -0.74 -0.71 -0.68 -0.64 -0.60 -0.57 -0.53 -0.47 -0.42 -0.37 -0.23 -0.15 -0.07 0.02 0.15 0.24 0.33 0.45 0.63 0.86 1.04 1.26 1.45 1.71 1.91 2.00 0.02 0.30 0.02 0.05 0.86 1.77 1.93 1.89 1.92 2.30 4.17 1.04 0.85 0.26 0.05 0.05 0.13 1.31 1.77 1.29 2.72 3.98 3.24 2.83 1.98 2.16 2.08 1.98 0.00 0.00 0.00 0.00 0.00 0.00 0.00 0.00 0.00 0.00 0.00 0.00 0.00 0.00 0.00
0.44 0.37 0.23 0.14 0.12 0.12 -0.17 -0.44 -0.58 -0.64 -0.67 -0.74 -0.74 -0.72 -0.70 -0.66 -0.63 -0.59 -0.55 -0.52 -0.46 -0.41 -0.36 -0.22 -0.14 -0.06 0.02 0.16 0.25 0.34 0.48 0.65 0.86 1.02 1.10 1.46 1.63 2.07 0.40 0.00 0.17 0.00 0.13 1.05 1.89 2.02 1.98 2.03 2.45 4.21 1.04 0.84 0.15 0.08 0.02 0.08 1.40 1.51 1.13 3.30 4.00 3.11 1.95 1.96 1.87 1.23 0.00 0.00 0.00 0.00 0.00 0.00 0.00 0.00 0.00 0.00 0.00 0.00 0.00 0.00 0.00 0.00
0.42 0.37 0.24 0.12 0.09 0.09 -0.18 -0.44 -0.58 -0.64 -0.71 -0.73 -0.73 -0.71 -0.68 -0.65 -0.61 -0.57 -0.54 -0.50 -0.44 -0.40 -0.35 -0.28 -0.14 -0.06 0.03 0.17 0.27 0.36 0.48 0.66 0.85 1.00 1.08 1.48 1.69 2.09 1.86 0.00 0.00 0.06 0.23 1.51 2.04 2.17 2.11 2.20 2.88 4.25 1.06 0.88 0.11 0.08 0.00 0.36 1.07 1.03 1.47 3.61 4.04 2.77 1.83 2.27 2.85 0.00 0.00 0.00 0.00 0.00 0.00 0.00 0.00 0.00 0.00 0.00 0.00 0.00 0.00 0.00 0.00 0.00
