tsunami_inundation/3510.asc
ncols        89
nrows        96
xllcorner    425855.973699999973
yllcorner    5091051.504999999888
cellsize     55.000000000000
NODATA_value  -9999.00
[rows 36 to 71 of 96, columns 0 to 80 of 89]
0.10 0.08 0.06 0.06 0.02 -0.07 -0.15 -0.22 -0.36 -0.44 -0.59 -0.89 -1.06 -1.13 -1.16 -1.18 -1.19 -1.18 -1.16 -1.12 -1.05 -1.01 -0.96 -0.90 -0.78 -0.71 -0.64 -0.53 -0.41 -0.30 -0.16 0.12 0.28 0.51 0.48 0.90 0.99 1.61 1.70 1.48 0.02 0.09 0.41 1.84 2.20 2.63 2.38 2.19 3.35 4.25 1.07 0.99 0.20 0.11 0.07 0.64 0.99 1.64 2.06 3.80 4.09 2.90 1.88 2.56 2.23 0.00 0.00 0.00 0.00 0.00 0.00 0.00 0.00 0.00 0.00 0.00 0.00 0.00 0.00 0.00 0.00
0.00 -0.00 0.00 0.00 -0.04 -0.13 -0.20 -0.27 -0.40 -0.53 -0.67 -0.94 -1.09 -1.16 -1.18 -1.19 -1.18 -1.17 -1.13 -1.09 -1.05 -0.98 -0.88 -0.82 -0.76 -0.69 -0.63 -0.53 -0.41 -0.28 -0.09 0.18 0.29 0.53 0.51 0.90 0.99 1.62 1.71 1.78 0.05 0.05 0.54 1.85 2.23 2.83 2.72 2.34 4.16 4.28 1.11 1.00 0.14 0.03 0.21 0.49 1.05 1.92 2.04 4.05 4.13 3.49 3.05 2.76 1.44 0.00 0.00 0.00 0.00 0.00 0.00 0.00 0.00 0.00 0.00 0.00 0.00 0.00 0.00 0.00 0.00
-0.04 -0.04 -0.04 -0.10 -0.13 -0.17 -0.27 -0.33 -0.44 -0.60 -0.79 -1.02 -1.13 -1.18 -1.19 -1.19 -1.18 -1.16 -1.12 -1.07 -1.01 -0.94 -0.85 -0.79 -0.73 -0.67 -0.61 -0.57 -0.40 -0.23 -0.00 0.21 0.34 0.50 0.56 0.94 1.46 1.64 1.71 0.70 0.00 0.05 0.64 1.88 2.29 2.64 2.33 2.73 4.33 1.40 1.13 0.90 0.10 0.06 0.23 0.30 1.48 2.08 2.25 4.16 4.16 3.74 3.34 2.41 1.97 0.00 0.00 0.00 0.00 0.00 0.00 0.00 0.00 0.00 0.00 0.00 0.00 0.00 0.00 0.00 0.00
-0.06 -0.06 -0.08 -0.12 -0.15 -0.20 -0.27 -0.37 -0.45 -0.70 -0.91 -1.06 -1.16 -1.20 -1.20 -1.19 -1.18 -1.16 -1.11 -1.05 -0.98 -0.90 -0.80 -0.75 -0.70 -0.65 -0.61 -0.57 -0.38 -0.18 0.05 0.24 0.37 0.43 0.63 0.83 1.50 1.68 1.76 0.00 0.00 0.08 1.04 1.93 2.19 2.51 2.38 3.74 4.31 1.38 1.14 0.87 0.13 0.13 0.29 0.47 1.62 2.06 2.59 4.18 4.18 3.78 2.08 2.43 3.10 0.00 0.00 0.00 0.00 0.00 0.00 0.00 0.00 0.00 0.00 0.00 0.00 0.00 0.00 0.00 0.00
-0.07 -0.07 -0.08 -0.13 -0.16 -0.20 -0.28 -0.40 -0.45 -0.54 -0.95 -1.12 -1.20 -1.22 -1.22 -1.20 -1.18 -1.15 -1.10 -1.03 -0.96 -0.87 -0.75 -0.70 -0.66 -0.63 -0.60 -0.55 -0.35 -0.14 0.09 0.30 0.39 0.43 0.68 1.00 1.55 1.70 1.81 0.04 0.03 0.03 1.44 2.02 2.25 2.52 2.57 4.36 4.36 1.36 1.19 0.93 0.16 0.18 0.25 0.81 2.08 2.49 3.63 4.21 4.20 3.69 2.60 2.18 2.61 1.86 0.00 0.00 0.00 0.00 0.00 0.00 0.00 0.00 0.00 0.00 0.00 0.00 0.00 0.00 0.00
-0.07 -0.08 -0.09 -0.13 -0.17 -0.20 -0.27 -0.40 -0.45 -0.55 -0.98 -1.12 -1.21 -1.24 -1.23 -1.20 -1.18 -1.13 -1.09 -1.02 -0.96 -0.85 -0.78 -0.66 -0.60 -0.57 -0.55 -0.50 -0.33 -0.13 0.13 0.34 0.42 0.45 0.69 0.83 1.59 1.74 1.81 0.07 0.02 0.00 1.17 2.10 2.35 2.36 3.16 4.38 4.37 1.22 1.11 0.85 0.19 0.20 0.22 1.43 2.66 3.80 4.22 4.19 4.21 4.03 3.19 2.39 2.25 2.05 2.21 2.32 0.16 0.00 0.00 0.00 0.00 0.00 0.00 0.00 0.00 0.00 0.00 0.00 0.00
-0.07 -0.08 -0.09 -0.13 -0.18 -0.21 -0.27 -0.40 -0.55 -0.78 -0.99 -1.12 -1.20 -1.24 -1.23 -1.20 -1.16 -1.12 -1.07 -1.02 -0.95 -0.87 -0.69 -0.62 -0.56 -0.52 -0.49 -0.45 -0.31 -0.12 0.14 0.33 0.44 0.49 0.70 1.15 1.66 1.80 1.36 0.00 0.06 0.19 1.36 2.09 2.44 2.40 3.97 4.39 4.38 1.45 1.12 0.75 0.17 0.25 0.44 2.10 3.78 4.24 3.12 2.40 3.64 4.25 3.03 2.41 2.29 1.99 2.10 1.29 0.00 0.00 0.00 0.00 0.00 0.00 0.00 0.00 0.00 0.00 0.00 0.00 0.00
-0.06 -0.07 -0.09 -0.12 -0.18 -0.22 -0.27 -0.35 -0.47 -0.80 -0.99 -1.10 -1.20 -1.24 -1.23 -1.19 -1.15 -1.11 -1.07 -1.01 -0.94 -0.76 -0.69 -0.62 -0.53 -0.43 -0.42 -0.39 -0.33 -0.09 0.16 0.30 0.43 0.50 0.74 0.83 1.70 1.85 1.24 0.00 0.22 0.47 1.68 2.11 2.40 2.39 4.40 4.39 3.57 1.46 1.11 1.10 0.92 0.45 1.16 2.13 3.00 3.65 3.06 2.94 3.68 4.28 3.04 2.31 2.32 2.10 1.98 0.00 0.00 0.00 0.00 0.00 0.00 0.00 0.00 0.00 0.00 0.00 0.00 0.00 0.00
-0.05 -0.06 -0.09 -0.12 -0.18 -0.23 -0.27 -0.34 -0.48 -0.81 -0.98 -1.09 -1.19 -1.24 -1.24 -1.18 -1.14 -1.10 -1.06 -1.00 -0.93 -0.86 -0.70 -0.62 -0.53 -0.42 -0.32 -0.25 -0.28 -0.03 0.17 0.25 0.41 0.53 0.80 1.37 1.76 1.88 0.05 0.00 0.00 0.85 2.46 2.33 2.35 2.30 4.41 4.41 2.40 1.39 1.12 1.11 1.07 0.55 1.53 2.16 2.21 2.32 2.30 2.47 2.76 4.30 3.11 2.26 1.57 1.04 0.71 0.00 0.00 0.00 0.00 0.00 0.00 0.00 0.00 0.00 0.00 0.00 0.00 0.00 0.00
-0.03 -0.05 -0.08 -0.11 -0.17 -0.23 -0.27 -0.34 -0.61 -0.81 -0.97 -1.09 -1.19 -1.23 -1.23 -1.18 -1.13 -1.09 -1.04 -0.98 -0.92 -0.76 -0.69 -0.62 -0.53 -0.43 -0.31 -0.21 -0.12 0.11 0.22 0.28 0.39 0.57 0.72 1.19 1.75 1.87 0.04 0.01 0.16 1.89 2.55 2.28 2.32 2.30 4.42 1.82 1.48 1.34 1.17 1.15 0.92 0.70 1.79 2.14 2.17 2.19 2.17 2.43 3.09 4.31 2.72 2.02 0.00 0.00 0.00 0.00 0.00 0.00 0.00 0.00 0.00 0.00 0.00 0.00 0.00 0.00 0.00 0.00 0.00
-0.02 -0.04 -0.07 -0.10 -0.16 -0.22 -0.27 -0.34 -0.64 -0.83 -0.97 -1.08 -1.17 -1.22 -1.22 -1.18 -1.13 -1.08 -1.03 -0.97 -0.90 -0.78 -0.68 -0.61 -0.53 -0.44 -0.32 -0.19 -0.02 0.18 0.24 0.32 0.43 0.65 0.75 1.32 1.69 0.66 0.00 0.00 1.13 2.06 2.38 2.47 2.32 2.29 4.44 1.65 1.44 1.28 1.15 1.20 0.79 1.03 1.95 2.25 2.23 2.11 2.06 3.02 4.32 3.61 2.29 0.82 0.00 0.00 0.00 0.00 0.00 0.00 0.00 0.00 0.00 0.00 0.00 0.00 0.00 0.00 0.00 0.00 0.00
0.00 -0.02 -0.06 -0.09 -0.15 -0.22 -0.27 -0.33 -0.66 -0.84 -0.98 -1.08 -1.16 -1.21 -1.21 -1.18 -1.13 -1.07 -1.01 -0.95 -0.89 -0.77 -0.67 -0.60 -0.54 -0.44 -0.32 -0.18 0.01 0.19 0.28 0.32 0.52 0.67 0.74 1.39 1.65 0.04 0.00 0.00 1.17 2.23 2.26 2.39 3.07 3.04 4.46 3.54 1.32 1.26 1.16 1.11 0.74 1.19 1.97 2.32 2.22 2.05 2.19 4.36 3.07 2.33 0.69 0.00 0.00 0.00 0.00 0.00 0.00 0.00 0.00 0.00 0.00 0.00 0.00 0.00 0.00 0.00 0.00 0.00 0.00
0.02 -0.01 -0.04 -0.09 -0.14 -0.21 -0.27 -0.33 -0.68 -0.88 -1.00 -1.07 -1.14 -1.20 -1.21 -1.18 -1.12 -1.06 -1.00 -0.94 -0.89 -0.83 -0.65 -0.59 -0.53 -0.45 -0.32 -0.17 0.04 0.25 0.32 0.34 0.61 0.70 0.76 1.43 1.63 0.05 0.00 0.00 1.27 2.24 2.10 2.34 2.66 2.48 4.48 1.44 1.31 1.26 1.14 0.79 0.67 1.18 1.93 2.18 2.15 2.26 2.75 4.41 2.75 2.07 0.00 0.00 0.00 0.00 0.00 0.00 0.00 0.00 0.00 0.00 0.00 0.00 0.00 0.00 0.00 0.00 0.00 0.00 0.00
0.02 -0.00 -0.04 -0.08 -0.14 -0.20 -0.27 -0.34 -0.70 -0.90 -1.02 -1.07 -1.13 -1.19 -1.20 -1.19 -1.11 -1.06 -1.00 -0.94 -0.88 -0.75 -0.64 -0.58 -0.52 -0.45 -0.32 -0.15 0.08 0.30 0.35 0.46 0.65 0.73 0.80 1.45 1.51 0.00 0.00 0.30 1.96 2.44 2.33 2.41 2.36 2.44 4.50 3.67 1.30 1.30 1.10 0.43 0.63 1.19 1.99 2.17 2.17 2.42 2.63 4.04 2.79 1.93 0.00 0.00 0.00 0.00 0.00 0.00 0.00 0.00 0.00 0.00 0.00 0.00 0.00 0.00 0.00 0.00 0.00 0.00 0.00
0.02 -0.01 -0.05 -0.09 -0.15 -0.21 -0.28 -0.35 -0.71 -0.91 -1.02 -1.07 -1.12 -1.18 -1.19 -1.18 -1.11 -1.05 -1.00 -0.94 -0.88 -0.74 -0.64 -0.58 -0.51 -0.42 -0.28 -0.15 0.12 0.32 0.41 0.55 0.66 0.75 1.26 1.42 0.43 0.02 0.19 1.02 2.08 2.37 2.41 2.47 2.44 2.54 4.51 1.49 1.36 1.41 0.99 1.11 1.34 1.43 2.03 2.27 2.25 2.51 2.60 4.16 4.47 1.52 0.00 0.00 0.00 0.00 0.00 0.00 0.00 0.00 0.00 0.00 0.00 0.00 0.00 0.00 0.00 0.00 0.00 0.00 0.00
0.00 -0.02 -0.06 -0.11 -0.16 -0.22 -0.29 -0.44 -0.71 -0.92 -1.03 -1.07 -1.12 -1.17 -1.18 -1.17 -1.10 -1.05 -1.00 -0.94 -0.81 -0.74 -0.67 -0.56 -0.47 -0.34 -0.19 -0.02 0.25 0.41 0.53 0.66 0.69 0.75 1.27 1.35 0.00 0.16 0.59 1.14 1.63 2.02 2.03 1.91 2.20 3.09 4.52 1.56 1.49 1.47 1.04 1.51 1.32 1.54 2.15 2.36 2.20 2.33 2.49 3.63 4.53 0.00 0.00 0.00 0.00 0.00 0.00 0.00 0.00 0.00 0.00 0.00 0.00 0.00 0.00 0.00 0.00 0.00 0.00 0.00 0.00
-0.02 -0.04 -0.09 -0.14 -0.19 -0.24 -0.31 -0.44 -0.72 -0.92 -1.03 -1.08 -1.11 -1.15 -1.16 -1.15 -1.09 -1.05 -1.00 -0.94 -0.79 -0.71 -0.60 -0.33 -0.13 0.05 0.11 0.12 0.37 0.55 0.67 0.79 0.68 0.81 1.27 1.05 0.02 0.38 1.30 1.03 1.09 1.31 1.36 1.57 2.37 3.91 4.01 1.60 1.55 1.39 1.09 1.38 1.36 1.68 2.17 2.51 2.32 2.35 2.63 4.56 2.44 0.00 0.00 0.00 0.00 0.00 0.00 0.00 0.00 0.00 0.00 0.00 0.00 0.00 0.00 0.00 0.00 0.00 0.00 0.00 0.00
-0.03 -0.07 -0.12 -0.17 -0.22 -0.28 -0.34 -0.46 -0.62 -0.93 -1.03 -1.08 -1.10 -1.13 -1.12 -1.12 -1.08 -1.03 -0.98 -0.91 -0.84 -0.56 -0.37 -0.17 -0.05 0.09 0.08 0.10 0.38 0.59 0.75 0.78 0.71 0.66 1.25 0.24 0.32 0.44 1.39 0.74 0.43 0.55 1.15 2.04 2.76 4.54 4.54 1.49 1.57 1.36 1.20 1.39 1.52 1.97 2.22 2.30 2.47 2.70 2.93 3.59 1.22 0.00 0.00 0.00 0.00 0.00 0.00 0.00 0.00 0.00 0.00 0.00 0.00 0.00 0.00 0.00 0.00 0.00 0.00 0.00 0.00
-0.04 -0.08 -0.14 -0.20 -0.26 -0.32 -0.41 -0.50 -0.65 -0.94 -1.05 -1.08 -1.08 -1.09 -1.10 -1.10 -1.08 -1.01 -0.94 -0.85 -0.55 -0.41 -0.29 -0.16 -0.06 0.06 -0.00 0.10 0.40 0.60 0.70 0.63 0.76 0.81 1.24 0.18 0.28 0.25 1.44 0.60 0.41 0.60 1.45 2.25 3.05 4.56 3.72 1.36 1.53 1.34 1.38 1.43 1.52 2.07 2.30 2.44 2.92 3.46 3.89 4.60 0.00 0.00 0.00 0.00 0.00 0.00 0.00 0.00 0.00 0.00 0.00 0.00 0.00 0.00 0.00 0.00 0.00 0.00 0.00 0.00 0.00
-0.05 -0.10 -0.18 -0.23 -0.30 -0.36 -0.41 -0.54 -0.69 -0.96 -1.07 -1.09 -1.08 -1.08 -1.09 -1.08 -1.05 -0.96 -0.86 -0.59 -0.48 -0.39 -0.30 -0.20 -0.10 0.01 -0.06 0.14 0.45 0.55 0.44 0.62 0.78 1.10 1.16 0.00 0.15 0.28 1.22 0.44 0.65 1.34 2.08 2.38 4.08 4.56 3.45 1.42 1.60 1.31 1.18 1.37 1.69 2.22 2.46 2.58 3.10 4.40 4.58 3.41 0.00 0.00 0.00 0.00 0.00 0.00 0.00 0.00 0.00 0.00 0.00 0.00 0.00 0.00 0.00 0.00 0.00 0.00 0.00 0.00 0.00
-0.06 -0.12 -0.18 -0.26 -0.32 -0.39 -0.49 -0.57 -0.72 -0.98 -1.07 -1.09 -1.08 -1.08 -1.07 -1.06 -1.01 -0.88 -0.76 -0.64 -0.48 -0.40 -0.33 -0.26 -0.13 -0.06 -0.09 0.21 0.39 0.36 0.16 0.64 0.78 1.19 0.09 0.11 0.11 0.76 1.08 0.41 0.72 1.53 2.20 2.48 4.57 4.56 2.55 1.49 1.65 1.06 0.94 1.31 1.84 2.29 2.59 3.28 4.36 4.54 4.58 4.38 0.00 0.00 0.00 0.00 0.00 0.00 0.00 0.00 0.00 0.00 0.00 0.00 0.00 0.00 0.00 0.00 0.00 0.00 0.00 0.00 0.00
-0.06 -0.12 -0.19 -0.29 -0.34 -0.43 -0.53 -0.59 -0.76 -1.00 -1.08 -1.10 -1.09 -1.08 -1.06 -1.03 -0.96 -0.79 -0.70 -0.62 -0.49 -0.41 -0.34 -0.28 -0.21 -0.19 -0.14 -0.04 0.04 0.12 0.13 0.57 0.96 1.24 0.10 0.04 0.00 0.86 0.85 0.43 0.79 1.82 2.38 3.08 4.57 4.57 1.54 1.51 1.53 0.76 1.13 1.29 1.65 2.50 3.60 4.39 4.64 4.65 4.66 3.21 1.28 0.00 0.00 0.00 0.00 0.00 0.00 0.00 0.00 0.00 0.00 0.00 0.00 0.00 0.00 0.00 0.00 0.00 0.00 0.00 0.00
-0.04 -0.11 -0.19 -0.29 -0.35 -0.44 -0.50 -0.62 -0.85 -0.99 -1.09 -1.10 -1.09 -1.07 -1.04 -0.98 -0.89 -0.75 -0.67 -0.55 -0.49 -0.42 -0.36 -0.30 -0.23 -0.24 -0.33 -0.22 -0.02 0.08 0.16 0.59 1.02 1.16 0.00 0.10 0.04 0.92 0.67 0.51 1.36 2.18 2.61 3.79 4.57 4.57 1.49 1.49 1.42 0.65 1.13 1.44 2.02 3.13 4.39 4.59 4.65 4.66 3.65 2.73 2.35 0.00 0.00 0.00 0.00 0.00 0.00 0.00 0.00 0.00 0.00 0.00 0.00 0.00 0.00 0.00 0.00 0.00 0.00 0.00 0.00
-0.02 -0.08 -0.17 -0.27 -0.34 -0.44 -0.55 -0.69 -0.89 -1.02 -1.10 -1.11 -1.09 -1.05 -0.99 -0.88 -0.83 -0.76 -0.67 -0.54 -0.47 -0.40 -0.35 -0.29 -0.24 -0.36 -0.51 -0.26 -0.02 0.04 0.18 0.59 0.77 1.15 0.00 0.24 0.29 0.85 0.72 0.75 2.12 2.55 2.85 3.72 4.58 4.58 1.41 1.43 1.20 0.53 1.21 1.94 2.65 4.43 4.62 4.65 4.66 4.32 3.10 2.50 2.51 1.31 0.00 0.00 0.00 0.00 0.00 0.00 0.00 0.00 0.00 0.00 0.00 0.00 0.00 0.00 0.00 0.00 0.00 0.00 0.00
0.02 -0.05 -0.13 -0.22 -0.33 -0.43 -0.55 -0.71 -0.91 -1.02 -1.10 -1.10 -1.07 -1.00 -0.92 -0.84 -0.81 -0.74 -0.64 -0.52 -0.44 -0.38 -0.32 -0.27 -0.30 -0.50 -0.56 -0.27 -0.04 0.03 0.17 0.59 0.75 0.68 0.17 0.29 0.46 1.04 0.70 1.66 2.56 2.75 2.98 4.22 4.59 2.35 1.67 1.65 1.22 0.84 1.46 2.35 3.41 4.54 4.51 4.56 4.58 4.32 4.20 2.53 2.47 2.57 2.38 0.36 0.00 0.00 0.00 0.00 0.00 0.00 0.00 0.00 0.00 0.00 0.00 0.00 0.00 0.00 0.00 0.00 0.00
0.05 -0.03 -0.10 -0.20 -0.32 -0.41 -0.56 -0.72 -0.91 -1.02 -1.08 -1.08 -1.04 -0.97 -0.89 -0.82 -0.76 -0.71 -0.55 -0.49 -0.43 -0.36 -0.32 -0.33 -0.43 -0.48 -0.59 -0.28 -0.05 0.02 0.19 0.57 0.74 0.29 0.25 0.22 0.86 0.94 0.89 2.12 2.38 2.45 2.98 4.23 4.59 2.73 1.73 1.55 1.07 1.36 1.84 2.71 4.05 4.37 4.35 4.65 4.62 4.45 2.90 2.67 2.54 2.50 1.99 0.00 0.00 0.00 0.00 0.00 0.00 0.00 0.00 0.00 0.00 0.00 0.00 0.00 0.00 0.00 0.00 0.00 0.00
0.08 0.01 -0.07 -0.18 -0.29 -0.38 -0.56 -0.72 -0.91 -1.03 -1.08 -1.08 -1.03 -0.95 -0.87 -0.81 -0.76 -0.71 -0.63 -0.60 -0.61 -0.62 -0.58 -0.51 -0.44 -0.42 -0.43 -0.28 -0.03 0.08 0.24 0.64 0.35 0.02 0.26 0.18 0.97 0.84 1.29 2.27 2.33 2.50 2.46 3.21 4.60 3.74 1.60 1.52 1.43 1.67 2.22 2.83 4.31 4.40 4.68 4.68 4.24 3.95 3.10 2.18 2.10 0.41 0.00 0.00 0.00 0.00 0.00 0.00 0.00 0.00 0.00 0.00 0.00 0.00 0.00 0.00 0.00 0.00 0.00 0.00 0.00
0.07 0.01 -0.08 -0.19 -0.30 -0.40 -0.60 -0.77 -0.96 -1.08 -1.12 -1.11 -1.06 -0.98 -0.92 -0.87 -0.95 -0.92 -0.86 -0.81 -0.73 -0.65 -0.55 -0.46 -0.39 -0.28 -0.39 -0.24 0.01 0.12 0.34 0.65 0.04 0.01 0.27 0.20 0.79 1.00 1.66 2.48 2.44 3.01 2.52 4.13 4.61 4.14 1.66 1.58 1.57 2.10 2.40 2.81 4.21 4.46 4.69 4.23 2.51 1.18 0.00 0.00 0.00 0.00 0.00 0.00 0.00 0.00 0.00 0.00 0.00 0.00 0.00 0.00 0.00 0.00 0.00 0.00 0.00 0.00 0.00 0.00 0.00
-0.19 -0.23 -0.30 -0.40 -0.52 -0.64 -0.85 -1.05 -1.24 -1.47 -1.48 -1.45 -1.38 -1.28 -1.19 -1.12 -1.06 -1.02 -0.97 -0.81 -0.71 -0.61 -0.50 -0.43 -0.37 -0.27 -0.40 -0.18 0.05 0.21 0.39 0.70 0.03 0.19 0.24 0.36 0.34 1.05 1.94 2.59 2.98 3.53 3.50 4.22 4.62 4.25 1.59 1.58 2.04 2.40 2.76 3.90 4.43 4.60 3.97 1.81 0.00 0.00 0.00 0.00 0.00 0.00 0.00 0.00 0.00 0.00 0.00 0.00 0.00 0.00 0.00 0.00 0.00 0.00 0.00 0.00 0.00 0.00 0.00 0.00 0.00
-0.40 -0.47 -0.55 -0.68 -0.81 -1.07 -1.21 -1.39 -1.51 -1.56 -1.56 -1.51 -1.42 -1.32 -1.22 -1.14 -1.08 -1.03 -0.87 -0.78 -0.67 -0.57 -0.47 -0.41 -0.36 -0.30 -0.38 -0.08 0.08 0.27 0.45 0.81 0.05 0.24 0.13 0.23 0.29 1.81 2.40 2.67 2.54 3.50 3.27 3.37 4.63 3.43 1.75 2.37 2.81 3.08 4.10 4.45 4.56 4.68 3.10 0.59 0.00 0.00 0.00 0.00 0.00 0.00 0.00 0.00 0.00 0.00 0.00 0.00 0.00 0.00 0.00 0.00 0.00 0.00 0.00 0.00 0.00 0.00 0.00 0.00 0.00
-0.45 -0.51 -0.58 -0.69 -1.01 -1.11 -1.27 -1.44 -1.54 -1.58 -1.58 -1.52 -1.44 -1.33 -1.23 -1.14 -1.08 -1.03 -0.84 -0.74 -0.64 -0.54 -0.44 -0.41 -0.38 -0.39 -0.22 0.05 0.15 0.33 0.53 1.02 0.04 0.28 0.38 0.32 0.80 2.17 2.49 2.48 2.55 2.52 2.56 2.90 2.18 1.74 2.18 2.64 3.22 3.53 4.25 4.42 4.50 4.50 2.51 0.00 0.00 0.00 0.00 0.00 0.00 0.00 0.00 0.00 0.00 0.00 0.00 0.00 0.00 0.00 0.00 0.00 0.00 0.00 0.00 0.00 0.00 0.00 0.00 0.00 0.00
-0.45 -0.51 -0.57 -0.68 -0.84 -1.14 -1.33 -1.48 -1.56 -1.60 -1.60 -1.57 -1.44 -1.34 -1.23 -1.14 -1.08 -1.03 -0.80 -0.69 -0.57 -0.46 -0.35 -0.36 -0.39 -0.46 -0.01 0.23 0.28 0.43 0.61 1.34 0.05 0.23 0.43 0.42 1.20 2.23 2.47 2.49 2.44 2.51 2.53 3.28 1.72 2.42 2.47 2.53 2.77 3.21 4.06 4.46 4.50 4.39 3.06 0.00 0.00 0.00 0.00 0.00 0.00 0.00 0.00 0.00 0.00 0.00 0.00 0.00 0.00 0.00 0.00 0.00 0.00 0.00 0.00 0.00 0.00 0.00 0.00 0.00 0.00
-0.45 -0.50 -0.56 -0.67 -1.00 -1.17 -1.39 -1.52 -1.59 -1.62 -1.62 -1.58 -1.45 -1.34 -1.24 -1.15 -1.08 -0.95 -0.82 -0.57 -0.40 -0.33 -0.26 -0.27 -0.37 -0.28 0.29 0.39 0.40 0.49 0.88 1.45 0.05 0.07 0.37 0.58 1.54 2.18 2.42 2.44 2.44 2.47 2.64 3.50 1.91 2.44 2.49 2.48 2.72 2.93 3.00 3.74 4.47 4.35 3.39 0.00 0.00 0.00 0.00 0.00 0.00 0.00 0.00 0.00 0.00 0.00 0.00 0.00 0.00 0.00 0.00 0.00 0.00 0.00 0.00 0.00 0.00 0.00 0.00 0.00 0.00
-0.44 -0.49 -0.56 -0.66 -0.81 -1.20 -1.42 -1.56 -1.62 -1.64 -1.63 -1.59 -1.45 -1.35 -1.27 -1.18 -1.09 -0.84 -0.63 -0.43 -0.39 -0.33 -0.27 -0.31 -0.42 -0.12 0.41 0.56 0.61 0.56 1.01 1.45 0.04 0.00 0.17 0.83 1.51 1.96 2.31 2.39 2.38 2.54 2.93 3.03 2.16 2.43 2.48 2.49 2.64 2.89 2.85 3.03 4.40 4.24 3.30 0.00 0.00 0.00 0.00 0.00 0.00 0.00 0.00 0.00 0.00 0.00 0.00 0.00 0.00 0.00 0.00 0.00 0.00 0.00 0.00 0.00 0.00 0.00 0.00 0.00 0.00
-0.43 -0.47 -0.55 -0.66 -0.92 -1.21 -1.44 -1.60 -1.65 -1.66 -1.64 -1.58 -1.45 -1.37 -1.29 -1.20 -1.08 -0.92 -0.53 -0.44 -0.41 -0.36 -0.31 -0.40 -0.49 -0.01 0.35 0.63 0.76 0.77 1.14 1.41 0.04 0.00 0.19 0.80 1.47 1.58 2.11 2.30 2.38 2.61 3.24 1.62 2.17 2.40 2.52 2.55 2.53 2.68 2.83 3.03 4.45 4.61 3.65 1.90 0.10 0.28 0.00 0.00 0.00 0.00 0.00 0.00 0.00 0.00 0.00 0.00 0.00 0.00 0.00 0.00 0.00 0.00 0.00 0.00 0.00 0.00 0.00 0.00 0.00
-0.42 -0.45 -0.54 -0.63 -0.91 -1.22 -1.46 -1.62 -1.66 -1.66 -1.63 -1.57 -1.45 -1.37 -1.30 -1.20 -1.06 -0.84 -0.50 -0.46 -0.44 -0.39 -0.34 -0.49 -0.49 0.08 0.41 0.67 0.79 0.95 0.99 1.10 0.05 0.02 0.44 0.88 1.50 1.48 1.82 2.18 2.33 2.86 3.58 1.47 2.00 2.29 2.42 2.53 3.42 3.60 3.58 3.92 4.69 4.52 3.90 3.63 2.81 2.70 2.18 0.43 0.00 0.00 0.00 0.00 0.00 0.00 0.00 0.00 0.00 0.00 0.00 0.00 0.00 0.00 0.00 0.00 0.00 0.00 0.00 0.00 0.00
