tsunami_inundation/3510.asc
ncols        89
nrows        96
xllcorner    425855.973699999973
yllcorner    5091051.504999999888
cellsize     55.000000000000
NODATA_value  -9999.00
[rows 0 to 35 of 96, columns 0 to 80 of 89]
-9999.00 0.04 0.09 0.04 -0.01 -0.06 -0.05 -0.04 -0.06 -0.08 -0.08 -0.06 -0.04 -0.05 -0.15 -0.23 -0.29 -0.41 -0.46 -0.49 -0.52 -0.53 -0.53 -0.51 -0.48 -0.44 -0.37 -0.28 0.01 0.50 0.88 0.99 1.11 1.26 1.45 1.71 1.84 1.95 2.08 2.25 2.29 0.06 0.01 0.29 0.25 0.00 0.02 0.03 0.00 1.38 3.22 3.53 3.55 3.56 3.57 3.58 3.62 3.64 3.65 1.76 2.45 2.56 2.16 1.59 0.08 0.00 0.22 1.48 2.37 2.57 1.98 1.91 1.44 1.80 1.47 0.00 0.00 0.00 0.00 0.00 0.00
-9999.00 0.01 0.07 0.10 0.02 -0.07 -0.11 -0.08 -0.10 -0.11 -0.10 -0.08 -0.07 -0.07 -0.16 -0.24 -0.36 -0.41 -0.46 -0.49 -0.52 -0.54 -0.53 -0.51 -0.48 -0.44 -0.38 -0.28 0.46 0.74 0.87 0.94 1.07 1.26 1.48 1.76 1.89 2.00 2.13 2.28 2.38 0.00 0.02 0.06 0.28 0.16 0.06 0.03 1.67 3.13 3.51 3.52 3.54 3.55 3.56 3.58 3.61 3.63 3.65 1.83 2.47 2.64 2.46 1.61 0.02 0.01 0.21 1.79 2.52 2.65 2.13 1.49 1.49 1.69 1.56 0.00 0.00 0.00 0.00 0.00 0.00
-9999.00 -0.02 0.10 0.11 0.05 -0.05 -0.12 -0.12 -0.11 -0.12 -0.13 -0.11 -0.11 -0.11 -0.17 -0.32 -0.37 -0.42 -0.46 -0.49 -0.52 -0.54 -0.54 -0.52 -0.49 -0.44 -0.38 -0.29 -0.15 0.72 0.86 0.92 1.04 1.24 1.48 1.67 1.92 2.05 2.18 2.29 2.40 0.00 0.00 0.00 0.08 0.28 0.14 1.36 2.94 3.47 3.50 3.52 3.53 3.54 3.56 3.58 3.60 3.62 3.43 2.16 2.38 2.76 2.61 1.55 0.57 0.01 0.43 1.87 2.29 2.76 2.36 1.09 1.16 1.48 0.00 0.00 0.00 0.00 0.00 0.00 0.00
-9999.00 -0.05 0.09 0.11 0.08 -0.02 -0.11 -0.14 -0.13 -0.14 -0.15 -0.14 -0.13 -0.12 -0.18 -0.26 -0.40 -0.44 -0.47 -0.49 -0.52 -0.54 -0.54 -0.52 -0.49 -0.44 -0.38 -0.30 0.22 0.67 0.84 0.91 1.02 1.24 1.46 1.64 1.89 2.04 2.17 2.28 2.42 0.33 0.00 0.01 0.01 0.07 0.06 2.29 3.36 3.47 3.50 3.51 3.53 3.54 3.55 3.58 3.59 3.62 3.52 2.62 2.47 2.76 2.56 1.44 0.57 0.65 1.39 2.25 2.65 2.90 2.53 1.33 1.31 1.20 0.00 0.00 0.00 0.00 0.00 0.00 0.00
-9999.00 -0.07 0.07 0.11 0.11 0.02 -0.09 -0.15 -0.14 -0.15 -0.16 -0.17 -0.16 -0.16 -0.18 -0.41 -0.48 -0.53 -0.53 -0.51 -0.53 -0.53 -0.53 -0.52 -0.49 -0.45 -0.38 -0.30 -0.18 0.57 0.80 0.91 1.01 1.24 1.44 1.62 1.85 2.00 2.13 2.25 2.39 1.47 0.01 0.01 0.01 0.01 1.12 2.84 3.46 3.47 3.49 3.51 3.52 3.54 3.56 3.57 3.59 3.62 3.64 3.14 2.69 3.15 2.46 1.39 0.35 0.68 1.40 1.99 2.62 2.99 2.65 1.39 1.45 0.42 0.00 0.00 0.00 0.00 0.00 0.00 0.00
-9999.00 -0.09 0.04 0.10 0.11 0.05 -0.06 -0.16 -0.17 -0.17 -0.20 -0.20 -0.20 -0.19 -0.20 -0.44 -0.52 -0.56 -0.56 -0.55 -0.54 -0.53 -0.52 -0.51 -0.48 -0.44 -0.38 -0.30 0.03 0.35 0.75 0.90 1.00 1.23 1.42 1.60 1.84 1.98 2.11 2.21 2.34 1.35 0.01 0.02 0.01 0.01 1.53 3.20 3.45 3.46 3.48 3.50 3.52 3.53 3.55 3.57 3.59 3.62 3.64 3.65 3.65 3.58 3.21 2.30 0.29 0.63 1.50 2.10 2.74 3.11 2.76 1.45 1.43 0.00 0.00 0.00 0.00 0.00 0.00 0.00 0.00
-9999.00 -0.06 -0.01 0.06 0.10 0.08 -0.02 -0.13 -0.18 -0.19 -0.22 -0.23 -0.23 -0.22 -0.22 -0.46 -0.54 -0.59 -0.59 -0.58 -0.56 -0.54 -0.51 -0.50 -0.47 -0.44 -0.38 -0.30 -0.07 0.15 0.58 0.88 1.01 1.20 1.40 1.57 1.82 1.96 2.08 2.19 2.28 0.01 0.01 0.02 0.03 0.00 0.95 2.76 3.44 3.46 3.47 3.49 3.51 3.52 3.54 3.57 3.59 3.61 3.64 3.65 3.66 3.66 3.51 3.19 1.89 0.74 1.59 2.17 2.73 3.19 2.89 1.67 1.49 0.00 0.00 0.00 0.00 0.00 0.00 0.00 0.00
-9999.00 -0.08 -0.03 0.02 0.08 0.09 0.01 -0.12 -0.20 -0.21 -0.24 -0.26 -0.26 -0.25 -0.25 -0.48 -0.56 -0.60 -0.61 -0.60 -0.58 -0.56 -0.52 -0.49 -0.46 -0.43 -0.38 -0.31 -0.10 0.04 0.13 0.32 0.81 1.19 1.37 1.53 1.70 1.87 1.98 2.08 2.17 2.23 0.02 0.02 0.04 0.00 1.16 2.69 3.43 3.44 3.46 3.48 3.50 3.51 3.54 3.56 3.59 3.60 2.36 2.69 3.66 3.67 3.67 3.68 3.69 2.57 1.60 2.23 2.80 3.25 3.10 2.27 2.16 0.00 0.00 0.00 0.00 0.00 0.00 0.00 0.00
-9999.00 -0.09 -0.06 -0.01 0.05 0.07 0.02 -0.10 -0.21 -0.23 -0.26 -0.29 -0.30 -0.29 -0.28 -0.49 -0.58 -0.62 -0.62 -0.62 -0.60 -0.58 -0.53 -0.49 -0.46 -0.42 -0.38 -0.23 -0.12 0.04 0.12 0.22 0.45 0.93 1.29 1.48 1.60 1.73 1.84 1.98 2.15 0.35 0.01 0.00 0.03 0.30 1.65 2.88 3.39 3.42 3.44 3.47 3.49 3.50 3.52 3.56 3.58 3.60 1.38 1.26 2.26 3.68 3.68 3.69 3.70 3.71 1.84 2.35 2.69 3.30 3.38 2.95 2.70 0.00 0.00 0.00 0.00 0.00 0.00 0.00 0.00
-9999.00 -0.10 -0.07 -0.04 0.02 0.05 0.03 -0.08 -0.22 -0.25 -0.28 -0.32 -0.33 -0.32 -0.31 -0.51 -0.59 -0.63 -0.64 -0.64 -0.63 -0.61 -0.58 -0.51 -0.47 -0.43 -0.38 -0.33 -0.13 0.03 0.11 0.19 0.31 0.57 0.97 1.31 1.51 1.73 1.84 1.96 2.09 1.29 0.00 0.00 0.10 1.05 2.52 3.31 3.36 3.38 3.41 3.45 3.47 3.49 3.52 3.54 3.56 2.23 0.90 1.34 1.74 2.24 1.98 2.12 3.66 3.73 2.26 2.24 2.87 3.38 3.26 2.88 2.64 0.00 0.00 0.00 0.00 0.00 0.00 0.00 0.00
-9999.00 -0.07 -0.08 -0.06 -0.01 0.03 0.03 -0.07 -0.22 -0.27 -0.30 -0.35 -0.36 -0.36 -0.36 -0.53 -0.60 -0.64 -0.65 -0.65 -0.64 -0.63 -0.60 -0.53 -0.48 -0.43 -0.38 -0.33 -0.15 -0.04 0.09 0.17 0.26 0.42 0.69 1.01 1.29 1.61 1.79 1.90 2.02 2.64 2.67 1.81 0.99 2.37 3.28 3.28 3.33 3.37 3.40 3.42 3.45 3.47 3.50 3.52 2.62 1.02 1.22 1.73 1.80 1.85 1.75 1.74 3.27 3.73 2.69 2.38 2.96 3.44 3.42 2.88 2.93 1.38 0.00 0.00 0.00 0.00 0.00 0.00 0.00
-9999.00 -0.04 -0.08 -0.07 -0.05 -0.00 0.01 -0.04 -0.17 -0.28 -0.32 -0.36 -0.39 -0.39 -0.41 -0.54 -0.61 -0.65 -0.66 -0.66 -0.66 -0.64 -0.61 -0.55 -0.49 -0.44 -0.39 -0.26 -0.17 -0.07 0.06 0.13 0.22 0.36 0.58 0.86 1.13 1.34 1.64 1.80 1.93 2.58 2.80 2.97 3.11 3.23 3.28 3.28 3.30 3.33 3.36 3.39 3.41 3.46 3.48 3.50 2.08 0.64 0.85 1.78 1.87 2.05 1.93 1.93 3.00 3.74 3.13 2.74 3.20 3.50 3.34 2.79 3.02 2.67 1.37 0.00 0.00 0.00 0.00 0.00 0.00
0.01 -0.03 -0.06 -0.07 -0.07 -0.03 -0.00 -0.04 -0.16 -0.29 -0.34 -0.38 -0.41 -0.41 -0.44 -0.56 -0.63 -0.66 -0.67 -0.67 -0.67 -0.65 -0.62 -0.56 -0.50 -0.45 -0.39 -0.27 -0.19 -0.10 0.03 0.09 0.17 0.33 0.56 0.78 0.98 1.19 1.55 1.77 2.18 2.54 2.80 3.00 3.23 3.30 3.29 3.26 3.26 3.30 3.34 3.37 3.39 3.44 3.43 3.41 1.13 0.57 1.00 1.72 1.81 1.85 1.80 1.84 2.69 3.76 2.33 2.57 3.08 3.55 3.42 2.68 2.80 2.64 2.87 1.77 0.00 0.00 0.00 0.00 0.00
0.04 0.01 -0.04 -0.07 -0.08 -0.05 -0.02 -0.03 -0.14 -0.30 -0.35 -0.40 -0.43 -0.44 -0.47 -0.55 -0.65 -0.68 -0.69 -0.69 -0.68 -0.66 -0.63 -0.57 -0.52 -0.46 -0.41 -0.28 -0.22 -0.15 -0.06 -0.01 0.10 0.33 0.58 0.78 0.94 1.13 1.53 1.93 2.09 2.45 2.73 2.97 3.21 3.45 3.46 3.29 3.22 3.25 3.31 3.35 3.37 3.39 3.40 2.32 0.79 0.60 1.60 1.76 1.86 1.76 1.74 1.91 2.58 3.77 2.25 2.09 2.79 3.81 3.32 2.70 2.62 2.64 2.92 2.81 2.51 1.81 0.00 0.00 0.00
0.07 0.05 -0.01 -0.06 -0.08 -0.07 -0.04 -0.04 -0.13 -0.31 -0.37 -0.42 -0.46 -0.47 -0.50 -0.58 -0.68 -0.70 -0.70 -0.70 -0.69 -0.66 -0.63 -0.60 -0.53 -0.48 -0.42 -0.31 -0.25 -0.19 -0.14 -0.07 0.08 0.33 0.58 0.78 0.94 1.15 1.54 1.93 2.13 2.32 2.63 2.92 3.12 3.41 3.54 3.50 3.21 3.20 3.27 3.32 3.35 3.36 3.36 1.61 0.44 0.92 1.67 1.76 1.76 1.81 2.15 1.88 2.58 3.79 1.90 2.50 2.89 3.80 3.11 2.58 2.55 2.48 2.68 2.54 2.19 1.83 1.58 0.02 0.00
0.09 0.10 0.03 -0.03 -0.08 -0.08 -0.06 -0.05 -0.13 -0.32 -0.39 -0.44 -0.48 -0.50 -0.53 -0.62 -0.71 -0.73 -0.73 -0.72 -0.70 -0.67 -0.64 -0.60 -0.54 -0.49 -0.43 -0.33 -0.27 -0.23 -0.20 -0.12 0.05 0.31 0.58 0.79 0.96 1.22 1.62 1.82 2.21 2.37 2.63 2.88 3.07 3.27 3.48 3.55 3.29 3.17 3.23 3.28 3.31 3.33 3.22 1.57 0.00 1.14 1.71 1.75 1.69 1.83 1.83 1.72 2.72 2.06 2.29 3.08 3.80 3.80 3.41 2.49 2.37 2.37 2.54 2.51 2.05 1.60 1.70 0.38 0.09
0.11 0.12 0.07 -0.00 -0.07 -0.09 -0.08 -0.06 -0.12 -0.26 -0.41 -0.47 -0.52 -0.54 -0.58 -0.65 -0.74 -0.75 -0.75 -0.74 -0.72 -0.68 -0.64 -0.60 -0.54 -0.49 -0.45 -0.36 -0.30 -0.25 -0.21 -0.16 -0.00 0.30 0.58 0.80 1.01 1.30 1.60 1.95 2.32 2.51 2.71 2.91 3.07 3.21 3.32 3.45 3.34 3.16 3.16 3.24 3.28 3.31 2.68 1.49 0.19 1.56 1.96 1.91 2.14 1.96 2.00 1.88 3.05 2.05 2.23 2.89 3.81 3.81 3.81 2.53 2.43 2.21 2.57 2.49 2.04 1.60 1.40 0.75 0.11
0.12 0.14 0.13 0.05 -0.03 -0.08 -0.09 -0.08 -0.12 -0.26 -0.43 -0.50 -0.55 -0.57 -0.62 -0.68 -0.76 -0.77 -0.77 -0.75 -0.73 -0.69 -0.65 -0.61 -0.55 -0.51 -0.43 -0.38 -0.31 -0.25 -0.22 -0.20 -0.05 0.28 0.58 0.81 1.06 1.39 1.71 2.05 2.42 2.59 2.74 2.90 3.03 3.14 3.26 3.31 3.26 3.14 3.15 3.23 3.29 3.30 2.33 1.09 0.63 1.73 1.89 2.10 2.20 1.88 1.94 2.08 3.71 2.63 2.39 3.03 3.82 3.82 3.71 2.41 3.01 2.38 2.96 2.73 2.33 1.67 1.37 0.46 0.00
0.15 0.16 0.15 0.09 0.00 -0.07 -0.09 -0.09 -0.12 -0.24 -0.44 -0.52 -0.57 -0.61 -0.66 -0.72 -0.78 -0.80 -0.79 -0.77 -0.74 -0.70 -0.66 -0.62 -0.56 -0.53 -0.49 -0.39 -0.32 -0.24 -0.21 -0.24 -0.08 0.28 0.58 0.83 1.15 1.54 1.85 2.34 2.47 2.62 2.75 2.89 2.97 3.07 2.86 3.05 3.21 3.14 3.15 3.21 3.25 3.30 2.73 0.71 0.67 1.56 1.51 2.11 1.98 1.98 2.31 3.22 3.82 1.99 2.70 3.38 3.82 3.82 3.79 2.77 3.18 2.33 2.84 2.38 2.07 1.76 1.30 0.00 0.00
0.17 0.17 0.18 0.14 0.06 -0.03 -0.09 -0.09 -0.11 -0.23 -0.44 -0.54 -0.60 -0.65 -0.70 -0.75 -0.80 -0.81 -0.80 -0.78 -0.75 -0.71 -0.67 -0.64 -0.60 -0.51 -0.47 -0.40 -0.32 -0.24 -0.21 -0.29 -0.10 0.28 0.60 0.85 1.22 1.64 1.94 2.25 2.51 2.64 2.76 2.86 2.93 2.78 0.01 1.60 2.96 3.12 3.15 3.19 3.28 3.31 3.33 0.28 0.79 1.50 1.43 1.85 1.95 3.64 3.83 3.83 2.28 1.67 2.45 3.09 3.83 3.83 3.83 3.74 3.14 2.45 2.87 2.41 2.30 2.01 0.00 0.00 0.00
0.18 0.18 0.18 0.16 0.09 -0.01 -0.09 -0.10 -0.11 -0.21 -0.36 -0.55 -0.62 -0.69 -0.73 -0.78 -0.83 -0.83 -0.82 -0.80 -0.79 -0.75 -0.72 -0.68 -0.64 -0.57 -0.47 -0.40 -0.33 -0.25 -0.22 -0.27 -0.12 0.28 0.65 0.85 1.33 1.76 2.02 2.43 2.53 2.63 2.73 2.81 1.89 0.00 0.02 1.41 2.47 3.07 3.15 3.18 3.29 3.33 3.33 0.04 0.78 1.39 1.42 1.78 2.07 3.83 3.83 3.84 1.97 2.43 2.43 3.28 3.83 3.83 3.84 3.84 3.19 2.04 2.80 2.62 2.45 1.74 0.00 0.00 0.00
0.20 0.19 0.19 0.17 0.11 0.01 -0.07 -0.10 -0.10 -0.15 -0.32 -0.55 -0.73 -0.74 -0.78 -0.83 -0.87 -0.88 -0.87 -0.85 -0.82 -0.79 -0.74 -0.70 -0.65 -0.53 -0.47 -0.41 -0.35 -0.28 -0.24 -0.26 -0.12 0.30 0.68 0.91 1.48 1.87 2.20 2.41 2.50 2.59 2.67 2.79 0.31 0.16 0.01 1.07 1.69 2.02 2.52 3.27 3.32 3.36 2.58 0.06 0.01 0.76 1.28 1.92 2.05 3.54 3.84 3.84 2.61 2.38 2.41 3.16 3.84 3.84 3.84 3.81 3.17 2.03 2.80 2.72 1.99 0.00 0.00 0.00 0.00
0.22 0.22 0.21 0.19 0.14 0.06 -0.05 -0.10 -0.10 -0.14 -0.30 -0.55 -0.67 -0.82 -0.82 -0.86 -0.94 -0.95 -0.91 -0.89 -0.86 -0.82 -0.77 -0.72 -0.67 -0.53 -0.48 -0.43 -0.37 -0.31 -0.26 -0.25 -0.09 0.31 0.69 1.02 1.57 1.89 2.16 2.35 2.45 2.54 2.64 2.64 0.02 0.02 0.02 1.42 1.36 1.20 1.65 3.33 3.37 3.39 1.71 0.00 0.05 0.16 1.23 1.94 2.03 3.67 3.86 3.85 2.34 2.56 2.58 2.63 3.84 3.84 3.84 3.72 3.41 2.25 2.85 1.75 0.00 0.00 0.00 0.00 0.00
0.23 0.23 0.22 0.19 0.15 0.08 -0.04 -0.10 -0.11 -0.14 -0.28 -0.55 -0.79 -0.86 -0.90 -0.94 -0.97 -0.98 -0.97 -0.92 -0.91 -0.84 -0.79 -0.73 -0.68 -0.55 -0.50 -0.44 -0.39 -0.33 -0.27 -0.24 -0.05 0.39 0.69 1.11 1.59 1.89 2.00 2.24 2.41 2.53 2.58 0.23 0.00 0.00 0.43 1.57 1.52 1.37 1.90 3.15 3.43 3.43 0.94 0.00 0.00 0.44 1.50 1.93 2.39 3.87 3.86 2.75 1.97 2.78 2.69 2.76 3.84 3.84 3.84 3.71 3.44 2.40 1.49 0.00 0.00 0.00 0.00 0.00 0.00
0.23 0.23 0.22 0.20 0.16 0.09 -0.03 -0.11 -0.13 -0.14 -0.26 -0.56 -0.82 -0.89 -0.93 -0.97 -0.99 -1.00 -0.99 -0.97 -0.92 -0.87 -0.82 -0.77 -0.72 -0.69 -0.54 -0.45 -0.39 -0.32 -0.27 -0.17 0.07 0.49 0.66 1.16 1.52 1.80 2.03 2.23 2.43 2.54 2.62 0.07 0.00 0.30 1.40 1.58 1.55 1.46 2.09 3.49 3.48 3.49 0.22 0.00 0.02 0.93 1.84 2.03 3.14 3.88 3.15 1.96 1.92 2.67 2.46 2.88 3.84 3.84 3.60 3.84 2.73 2.44 0.00 0.00 0.00 0.00 0.00 0.00 0.00
0.22 0.23 0.21 0.19 0.15 0.09 -0.03 -0.12 -0.15 -0.16 -0.25 -0.45 -0.84 -0.91 -0.95 -0.99 -1.01 -1.01 -1.02 -0.99 -0.95 -0.90 -0.86 -0.81 -0.72 -0.62 -0.54 -0.45 -0.34 -0.26 -0.19 -0.08 -0.01 0.48 0.60 1.14 1.46 1.71 1.85 2.31 2.47 2.56 2.52 0.05 0.05 0.95 1.50 1.70 1.67 1.48 2.13 3.53 3.52 3.50 0.03 0.07 0.37 1.49 1.88 2.12 3.30 3.89 3.20 2.04 2.22 2.63 2.23 2.92 3.84 3.84 3.59 3.84 2.94 2.69 0.00 0.00 0.00 0.00 0.00 0.00 0.00
0.21 0.22 0.20 0.17 0.14 0.09 -0.03 -0.13 -0.17 -0.17 -0.24 -0.44 -0.86 -0.93 -0.97 -1.00 -1.03 -1.03 -1.03 -1.00 -0.97 -0.92 -0.88 -0.84 -0.79 -0.63 -0.54 -0.43 -0.34 -0.27 -0.20 -0.11 -0.02 0.26 0.54 1.08 1.40 1.61 1.88 2.33 2.48 2.58 2.24 0.02 0.27 1.41 1.46 1.71 1.71 1.58 2.36 3.58 3.55 2.25 0.02 0.00 0.46 1.51 1.72 1.92 3.83 3.91 3.33 1.99 2.19 2.36 2.36 3.14 3.84 3.84 3.84 3.85 3.19 2.72 2.01 0.00 0.00 0.00 0.00 0.00 0.00
0.19 0.21 0.19 0.15 0.13 0.08 -0.02 -0.14 -0.18 -0.18 -0.21 -0.74 -0.88 -0.95 -0.98 -1.02 -1.04 -1.05 -1.05 -1.02 -0.99 -0.95 -0.90 -0.86 -0.75 -0.64 -0.55 -0.45 -0.36 -0.29 -0.23 -0.11 0.01 -0.05 0.57 1.04 1.28 1.42 1.88 2.21 2.47 2.55 1.30 0.00 0.46 1.57 1.53 1.74 1.76 2.28 3.70 3.68 3.10 0.02 0.07 0.04 0.43 1.25 1.70 2.37 3.92 3.92 3.07 1.96 2.14 1.90 2.10 2.91 3.69 3.73 3.45 3.85 3.85 1.73 0.34 0.00 0.00 0.00 0.00 0.00 0.00
0.19 0.21 0.20 0.14 0.11 0.09 -0.01 -0.14 -0.19 -0.18 -0.20 -0.75 -0.89 -0.97 -1.00 -1.03 -1.06 -1.07 -1.07 -1.04 -1.00 -0.96 -0.91 -0.87 -0.83 -0.70 -0.57 -0.46 -0.37 -0.31 -0.24 -0.11 -0.10 -0.10 0.57 0.97 1.15 1.27 1.89 2.11 2.44 2.05 0.03 0.06 1.47 1.69 1.58 1.77 1.84 2.71 3.80 3.74 1.17 0.00 0.07 0.00 0.55 1.31 1.79 2.96 3.93 3.93 2.78 1.84 2.38 2.08 2.42 3.15 2.98 2.67 2.78 3.85 3.35 0.00 0.00 0.00 0.00 0.00 0.00 0.00 0.00
0.18 0.21 0.21 0.15 0.10 0.09 -0.00 -0.15 -0.20 -0.20 -0.20 -0.78 -0.92 -0.99 -1.02 -1.05 -1.07 -1.08 -1.08 -1.04 -1.01 -0.96 -0.92 -0.89 -0.85 -0.73 -0.59 -0.48 -0.39 -0.32 -0.28 -0.25 -0.21 0.09 0.58 0.91 1.07 1.36 1.80 2.04 0.78 0.03 0.00 0.42 1.48 1.72 1.57 1.69 1.90 3.16 3.84 3.26 0.31 0.03 0.03 0.00 0.79 1.49 1.98 3.42 3.94 3.94 2.85 1.94 2.57 2.11 2.68 3.43 3.18 2.34 2.18 2.58 2.23 0.00 0.00 0.00 0.00 0.00 0.00 0.00 0.00
0.18 0.20 0.21 0.15 0.09 0.07 -0.00 -0.15 -0.23 -0.23 -0.36 -0.69 -0.95 -1.01 -1.04 -1.07 -1.09 -1.09 -1.08 -1.04 -1.01 -0.97 -0.95 -0.93 -0.83 -0.75 -0.61 -0.50 -0.40 -0.34 -0.32 -0.32 -0.07 0.16 0.56 0.88 1.04 1.34 1.69 1.88 0.00 0.06 0.00 0.70 1.44 1.74 1.58 1.70 2.57 3.94 3.88 0.74 0.16 0.00 0.05 0.09 1.03 1.55 2.04 3.59 3.94 3.94 3.13 2.40 1.90 2.16 2.89 3.68 2.20 0.00 0.00 0.00 0.00 0.00 0.00 0.00 0.00 0.00 0.00 0.00 0.00
0.17 0.19 0.20 0.15 0.08 0.05 -0.01 -0.16 -0.25 -0.26 -0.37 -0.71 -0.97 -1.02 -1.05 -1.08 -1.10 -1.11 -1.10 -1.06 -1.03 -1.01 -0.98 -0.95 -0.84 -0.76 -0.62 -0.51 -0.42 -0.36 -0.35 -0.29 0.04 0.19 0.60 0.87 1.03 1.36 1.63 1.78 0.08 0.08 0.00 0.52 1.50 1.80 1.66 1.73 2.80 3.99 1.71 0.71 0.40 0.08 0.03 0.80 1.26 1.70 1.94 3.89 3.95 3.85 3.08 2.33 2.08 2.33 2.75 3.57 0.00 0.00 0.00 0.00 0.00 0.00 0.00 0.00 0.00 0.00 0.00 0.00 0.00
0.17 0.18 0.18 0.16 0.08 0.04 -0.02 -0.16 -0.26 -0.28 -0.38 -0.73 -0.99 -1.05 -1.08 -1.11 -1.13 -1.14 -1.13 -1.10 -1.06 -1.03 -1.00 -0.91 -0.84 -0.77 -0.63 -0.52 -0.43 -0.38 -0.34 -0.20 0.09 0.28 0.62 0.88 1.03 1.39 1.64 1.70 0.02 0.01 0.00 0.50 1.61 1.83 1.78 1.83 2.21 4.08 1.07 0.80 0.40 0.09 0.00 0.76 1.47 1.75 2.12 2.84 3.97 3.80 3.10 2.25 2.00 2.21 2.48 2.24 0.00 0.00 0.00 0.00 0.00 0.00 0.00 0.00 0.00 0.00 0.00 0.00 0.00
0.17 0.17 0.18 0.17 0.09 0.02 -0.02 -0.14 -0.26 -0.30 -0.29 -0.74 -1.01 -1.07 -1.10 -1.14 -1.16 -1.17 -1.16 -1.12 -1.08 -1.04 -1.00 -0.90 -0.84 -0.77 -0.68 -0.53 -0.44 -0.39 -0.29 -0.11 0.15 0.36 0.63 0.89 1.12 1.47 1.60 0.02 0.25 0.02 0.09 0.93 1.78 1.93 1.88 1.90 2.26 4.13 1.00 0.80 0.21 0.05 0.04 0.13 1.32 1.78 1.30 2.73 3.99 3.25 2.84 2.00 2.18 2.09 2.00 0.00 0.00 0.00 0.00 0.00 0.00 0.00 0.00 0.00 0.00 0.00 0.00 0.00 0.00
0.16 0.15 0.15 0.16 0.09 0.02 -0.04 -0.15 -0.28 -0.33 -0.34 -0.78 -1.04 -1.09 -1.13 -1.17 -1.19 -1.19 -1.17 -1.13 -1.08 -1.04 -1.00 -0.89 -0.83 -0.76 -0.67 -0.53 -0.44 -0.38 -0.21 -0.06 0.20 0.43 0.47 0.91 0.99 1.52 0.05 0.00 0.13 0.00 0.19 1.12 1.92 2.02 1.96 2.00 2.42 4.18 1.01 0.80 0.16 0.08 0.02 0.09 1.40 1.51 1.13 3.31 4.01 3.12 1.96 1.97 1.88 1.24 0.00 0.00 0.00 0.00 0.00 0.00 0.00 0.00 0.00 0.00 0.00 0.00 0.00 0.00 0.00
0.14 0.12 0.12 0.12 0.07 -0.02 -0.08 -0.17 -0.31 -0.39 -0.52 -0.83 -1.03 -1.11 -1.15 -1.18 -1.19 -1.19 -1.17 -1.13 -1.08 -1.03 -0.98 -0.93 -0.82 -0.75 -0.66 -0.53 -0.42 -0.33 -0.19 0.05 0.27 0.47 0.48 0.90 0.99 1.57 1.35 0.04 0.00 0.05 0.29 1.57 2.07 2.17 2.10 2.18 2.85 4.22 1.04 0.87 0.14 0.08 0.00 0.37 1.08 1.03 1.48 3.61 4.04 2.77 1.84 2.28 2.85 0.00 0.00 0.00 0.00 0.00 0.00 0.00 0.00 0.00 0.00 0.00 0.00 0.00 0.00 0.00 0.00
