tsunami_inundation/3540.asc
ncols        89
nrows        96
xllcorner    425855.973699999973
yllcorner    5091051.504999999888
cellsize     55.000000000000
NODATA_value  -9999.00
[rows 0 to 35 of 96, columns 0 to 80 of 89]
-9999.00 -0.90 -0.88 -0.82 -0.76 -0.66 -0.53 -0.45 -0.39 -0.38 -0.44 -0.51 -0.54 -0.53 -0.52 -0.52 -0.51 -0.47 -0.48 -0.53 -0.59 -0.58 -0.42 -0.13 -0.05 -0.04 -0.04 -0.05 -0.04 -0.02 0.03 0.03 0.02 0.12 0.38 0.72 0.92 1.09 1.23 1.35 1.47 0.00 0.00 0.29 0.24 0.01 0.01 0.00 0.04 1.38 3.21 3.51 3.52 3.53 3.54 3.55 3.59 3.59 3.60 1.70 2.40 2.52 2.11 1.52 0.04 0.00 0.24 1.50 2.39 2.60 2.01 1.94 1.48 1.84 1.51 0.00 0.00 0.00 0.00 0.00 0.00
-9999.00 -0.87 -0.83 -0.80 -0.76 -0.70 -0.59 -0.48 -0.42 -0.37 -0.41 -0.50 -0.54 -0.55 -0.54 -0.54 -0.52 -0.50 -0.50 -0.55 -0.62 -0.63 -0.49 -0.19 -0.09 -0.08 -0.08 -0.07 -0.03 -0.01 -0.00 -0.02 -0.02 0.13 0.42 0.76 0.95 1.11 1.24 1.36 1.50 0.06 0.02 0.05 0.28 0.16 0.05 0.03 1.68 3.13 3.49 3.50 3.51 3.52 3.53 3.55 3.57 3.59 3.59 1.76 2.40 2.58 2.40 1.55 0.02 0.01 0.23 1.82 2.55 2.68 2.16 1.52 1.53 1.72 1.59 0.00 0.00 0.00 0.00 0.00 0.00
-9999.00 -0.85 -0.79 -0.78 -0.75 -0.71 -0.65 -0.53 -0.45 -0.39 -0.39 -0.48 -0.56 -0.59 -0.57 -0.57 -0.55 -0.52 -0.52 -0.57 -0.64 -0.68 -0.58 -0.28 -0.14 -0.11 -0.11 -0.11 -0.08 -0.02 -0.02 -0.06 -0.06 0.16 0.47 0.71 0.98 1.12 1.24 1.36 1.49 0.00 0.00 0.00 0.08 0.27 0.14 1.37 2.95 3.48 3.49 3.50 3.50 3.51 3.52 3.55 3.57 3.58 3.37 2.08 2.31 2.69 2.55 1.48 0.46 0.01 0.45 1.90 2.32 2.79 2.39 1.13 1.19 1.52 0.00 0.00 0.00 0.00 0.00 0.00 0.00
-9999.00 -0.84 -0.76 -0.75 -0.74 -0.71 -0.66 -0.56 -0.48 -0.41 -0.39 -0.44 -0.55 -0.61 -0.59 -0.60 -0.58 -0.55 -0.54 -0.58 -0.66 -0.72 -0.66 -0.39 -0.19 -0.14 -0.15 -0.17 -0.08 -0.05 -0.05 -0.09 -0.07 0.20 0.50 0.72 0.98 1.12 1.24 1.36 1.56 0.13 0.00 0.01 0.01 0.07 0.06 2.30 3.37 3.47 3.48 3.48 3.49 3.50 3.52 3.55 3.56 3.57 3.46 2.54 2.39 2.70 2.50 1.37 0.47 0.67 1.41 2.28 2.67 2.92 2.56 1.35 1.34 1.23 0.00 0.00 0.00 0.00 0.00 0.00 0.00
-9999.00 -0.84 -0.74 -0.73 -0.72 -0.70 -0.67 -0.59 -0.52 -0.44 -0.41 -0.44 -0.54 -0.62 -0.64 -0.65 -0.65 -0.61 -0.59 -0.60 -0.71 -0.77 -0.75 -0.60 -0.30 -0.21 -0.18 -0.19 -0.17 -0.08 -0.09 -0.12 -0.05 0.24 0.52 0.73 0.98 1.11 1.22 1.33 1.51 0.81 0.01 0.01 0.01 0.00 1.11 2.84 3.45 3.46 3.46 3.47 3.48 3.49 3.53 3.54 3.55 3.56 3.57 3.06 2.62 3.09 2.41 1.34 0.25 0.69 1.41 2.01 2.63 3.00 2.66 1.40 1.47 0.44 0.00 0.00 0.00 0.00 0.00 0.00 0.00
-9999.00 -0.84 -0.73 -0.70 -0.70 -0.69 -0.67 -0.61 -0.56 -0.49 -0.44 -0.44 -0.52 -0.62 -0.66 -0.68 -0.67 -0.64 -0.61 -0.63 -0.72 -0.81 -0.80 -0.72 -0.65 -0.36 -0.25 -0.21 -0.14 -0.12 -0.13 -0.14 -0.04 0.26 0.52 0.72 0.97 1.10 1.20 1.30 1.45 0.75 0.01 0.01 0.01 0.00 1.52 3.19 3.44 3.44 3.44 3.44 3.45 3.47 3.51 3.53 3.54 3.56 3.57 3.58 3.60 3.53 3.17 2.25 0.23 0.64 1.51 2.11 2.74 3.12 2.76 1.46 1.45 0.00 0.00 0.00 0.00 0.00 0.00 0.00 0.00
-9999.00 -0.78 -0.72 -0.68 -0.66 -0.66 -0.66 -0.64 -0.58 -0.52 -0.46 -0.45 -0.51 -0.62 -0.67 -0.70 -0.69 -0.66 -0.64 -0.65 -0.74 -0.84 -0.86 -0.84 -0.79 -0.56 -0.31 -0.22 -0.17 -0.14 -0.15 -0.14 -0.02 0.25 0.49 0.69 0.95 1.08 1.18 1.29 1.46 0.02 0.01 0.02 0.02 0.00 0.91 2.73 3.41 3.42 3.42 3.43 3.44 3.46 3.48 3.51 3.53 3.55 3.57 3.59 3.61 3.62 3.47 3.15 1.85 0.74 1.60 2.17 2.73 3.18 2.89 1.67 1.49 0.00 0.00 0.00 0.00 0.00 0.00 0.00 0.00
-9999.00 -0.78 -0.72 -0.67 -0.64 -0.64 -0.64 -0.63 -0.60 -0.55 -0.49 -0.46 -0.50 -0.61 -0.67 -0.72 -0.71 -0.69 -0.67 -0.68 -0.77 -0.88 -0.89 -0.87 -0.86 -0.77 -0.48 -0.26 -0.20 -0.15 -0.14 -0.12 -0.04 0.17 0.46 0.65 0.83 1.03 1.14 1.27 1.46 1.56 0.02 0.01 0.04 0.00 1.11 2.65 3.39 3.40 3.41 3.42 3.43 3.44 3.48 3.50 3.52 3.54 2.29 2.64 3.62 3.63 3.64 3.65 3.66 2.54 1.60 2.23 2.79 3.24 3.09 2.26 2.15 0.00 0.00 0.00 0.00 0.00 0.00 0.00 0.00
-9999.00 -0.77 -0.72 -0.66 -0.62 -0.61 -0.62 -0.62 -0.61 -0.57 -0.51 -0.47 -0.50 -0.60 -0.68 -0.74 -0.74 -0.72 -0.70 -0.72 -0.81 -0.91 -0.92 -0.90 -0.90 -0.89 -0.82 -0.25 -0.19 -0.17 -0.14 -0.13 -0.09 0.11 0.37 0.62 0.78 0.98 1.11 1.24 1.46 0.02 0.03 0.00 0.04 0.30 1.65 2.87 3.37 3.38 3.39 3.41 3.42 3.44 3.45 3.48 3.50 3.52 1.33 1.23 2.23 3.65 3.66 3.66 3.67 3.68 1.84 2.34 2.67 3.28 3.36 2.93 2.68 0.00 0.00 0.00 0.00 0.00 0.00 0.00 0.00
-9999.00 -0.77 -0.71 -0.65 -0.61 -0.58 -0.58 -0.60 -0.61 -0.59 -0.54 -0.49 -0.50 -0.59 -0.68 -0.76 -0.76 -0.77 -0.76 -0.78 -0.87 -0.96 -0.98 -0.94 -0.92 -0.91 -0.89 -0.78 -0.22 -0.17 -0.16 -0.15 -0.13 0.05 0.32 0.57 0.76 0.97 1.09 1.21 1.40 0.67 0.00 0.00 0.16 1.12 2.56 3.34 3.37 3.38 3.38 3.40 3.42 3.43 3.46 3.47 3.49 2.15 0.88 1.33 1.72 2.22 1.97 2.11 3.64 3.71 2.25 2.22 2.85 3.36 3.24 2.86 2.61 0.00 0.00 0.00 0.00 0.00 0.00 0.00 0.00
-9999.00 -0.75 -0.69 -0.64 -0.59 -0.56 -0.55 -0.57 -0.60 -0.60 -0.56 -0.52 -0.51 -0.58 -0.69 -0.80 -0.81 -0.80 -0.80 -0.82 -0.91 -0.99 -1.01 -0.97 -0.94 -0.92 -0.91 -0.87 -0.47 -0.22 -0.16 -0.17 -0.16 0.02 0.29 0.54 0.72 0.93 1.07 1.21 1.40 2.33 2.42 1.65 1.00 2.40 3.36 3.34 3.37 3.38 3.39 3.39 3.41 3.42 3.44 3.46 2.55 0.96 1.22 1.73 1.80 1.84 1.74 1.73 3.26 3.72 2.68 2.36 2.94 3.42 3.40 2.86 2.90 1.34 0.00 0.00 0.00 0.00 0.00 0.00 0.00
-9999.00 -0.72 -0.67 -0.63 -0.57 -0.53 -0.50 -0.51 -0.55 -0.59 -0.59 -0.55 -0.53 -0.58 -0.77 -0.82 -0.84 -0.84 -0.83 -0.86 -0.94 -1.03 -1.04 -1.00 -0.97 -0.94 -0.92 -0.85 -0.74 -0.48 -0.20 -0.20 -0.18 0.02 0.31 0.54 0.70 0.84 1.09 1.26 1.42 2.34 2.60 2.82 3.10 3.29 3.40 3.48 3.52 3.50 3.41 3.37 3.37 3.43 3.44 3.45 2.02 0.64 0.87 1.78 1.87 2.04 1.93 1.93 2.99 3.74 3.11 2.72 3.17 3.48 3.33 2.78 3.00 2.63 1.33 0.00 0.00 0.00 0.00 0.00 0.00
-0.70 -0.64 -0.63 -0.60 -0.56 -0.51 -0.48 -0.48 -0.51 -0.58 -0.59 -0.57 -0.54 -0.71 -0.79 -0.85 -0.87 -0.87 -0.87 -0.90 -0.98 -1.06 -1.07 -1.03 -1.00 -0.96 -0.94 -0.88 -0.83 -0.74 -0.48 -0.39 -0.31 -0.02 0.31 0.53 0.71 0.89 1.23 1.41 1.89 2.34 2.62 2.84 3.10 3.23 3.33 3.42 3.53 3.60 3.49 3.38 3.35 3.42 3.42 3.38 1.13 0.60 1.00 1.73 1.81 1.84 1.80 1.83 2.69 3.75 2.31 2.55 3.06 3.54 3.41 2.67 2.78 2.61 2.84 1.75 0.00 0.00 0.00 0.00 0.00
-0.69 -0.62 -0.60 -0.58 -0.55 -0.50 -0.47 -0.45 -0.48 -0.57 -0.59 -0.58 -0.56 -0.59 -0.81 -0.86 -0.90 -0.90 -0.90 -0.93 -1.02 -1.09 -1.11 -1.07 -1.03 -0.99 -0.96 -0.91 -0.89 -0.85 -0.81 -0.81 -0.63 -0.22 0.16 0.42 0.62 0.86 1.28 1.63 1.81 2.30 2.62 2.85 3.07 3.22 3.28 3.34 3.47 3.59 3.58 3.43 3.34 3.39 3.41 2.33 0.81 0.61 1.60 1.76 1.86 1.76 1.74 1.90 2.57 3.76 2.23 2.07 2.78 3.80 3.32 2.69 2.61 2.63 2.91 2.81 2.53 1.89 0.00 0.00 0.00
-0.69 -0.61 -0.58 -0.56 -0.53 -0.50 -0.46 -0.44 -0.44 -0.55 -0.59 -0.59 -0.57 -0.71 -0.82 -0.88 -0.93 -0.94 -0.94 -0.97 -1.05 -1.12 -1.15 -1.14 -1.08 -1.03 -1.00 -0.95 -0.92 -0.88 -0.87 -0.90 -0.70 -0.23 0.14 0.39 0.58 0.86 1.32 1.68 1.87 2.17 2.57 2.88 3.05 3.19 3.26 3.31 3.37 3.54 3.58 3.48 3.35 3.38 3.39 1.65 0.47 0.91 1.67 1.77 1.76 1.82 2.16 1.89 2.59 3.80 1.89 2.50 2.89 3.81 3.12 2.59 2.56 2.48 2.68 2.55 2.22 1.92 1.71 0.13 0.00
-0.69 -0.63 -0.56 -0.54 -0.52 -0.49 -0.45 -0.43 -0.42 -0.52 -0.58 -0.59 -0.58 -0.70 -0.83 -0.90 -0.97 -0.98 -0.98 -1.02 -1.11 -1.17 -1.18 -1.17 -1.11 -1.06 -1.03 -0.98 -0.95 -0.90 -0.89 -0.98 -0.72 -0.22 0.14 0.38 0.59 0.95 1.42 1.61 1.91 2.13 2.50 2.83 3.01 3.12 3.20 3.28 3.34 3.46 3.53 3.50 3.38 3.34 3.25 1.61 0.00 1.15 1.72 1.77 1.70 1.85 1.86 1.75 2.74 2.07 2.29 3.08 3.80 3.81 3.41 2.50 2.38 2.38 2.55 2.52 2.07 1.69 1.82 0.40 0.08
-0.70 -0.64 -0.55 -0.52 -0.50 -0.48 -0.45 -0.42 -0.41 -0.43 -0.55 -0.58 -0.58 -0.67 -0.82 -0.92 -0.99 -1.01 -1.01 -1.06 -1.15 -1.20 -1.21 -1.20 -1.14 -1.09 -1.05 -1.00 -0.96 -0.92 -0.91 -1.03 -0.71 -0.20 0.16 0.39 0.66 1.06 1.40 1.71 1.99 2.20 2.48 2.76 2.95 3.05 3.08 3.19 3.27 3.38 3.46 3.44 3.36 3.31 2.68 1.48 0.21 1.58 1.97 1.93 2.16 1.98 2.03 1.91 3.07 2.05 2.23 2.88 3.80 3.80 3.81 2.53 2.43 2.21 2.57 2.48 2.03 1.68 1.51 0.77 0.12
-0.70 -0.65 -0.56 -0.51 -0.48 -0.46 -0.43 -0.41 -0.39 -0.41 -0.52 -0.57 -0.57 -0.57 -0.81 -0.92 -1.01 -1.03 -1.05 -1.10 -1.18 -1.23 -1.24 -1.23 -1.17 -1.12 -1.05 -1.02 -0.97 -0.93 -0.92 -1.03 -0.69 -0.15 0.20 0.43 0.74 1.15 1.46 1.76 2.09 2.26 2.44 2.63 2.78 2.89 3.00 3.10 3.21 3.34 3.40 3.38 3.28 3.28 2.30 1.03 0.66 1.76 1.91 2.12 2.21 1.89 1.96 2.09 3.72 2.64 2.38 3.01 3.80 3.80 3.70 2.40 3.00 2.37 2.94 2.72 2.34 1.74 1.48 0.49 0.00
-0.69 -0.65 -0.56 -0.50 -0.46 -0.44 -0.42 -0.40 -0.38 -0.39 -0.49 -0.56 -0.57 -0.62 -0.79 -0.92 -1.01 -1.05 -1.08 -1.13 -1.21 -1.25 -1.26 -1.25 -1.20 -1.15 -1.10 -1.03 -0.98 -0.94 -0.92 -1.00 -0.66 -0.07 0.25 0.47 0.84 1.23 1.51 1.97 2.11 2.27 2.40 2.54 2.63 2.72 2.57 2.90 3.21 3.31 3.34 3.31 3.28 3.27 2.68 0.62 0.70 1.59 1.54 2.13 1.99 1.99 2.32 3.22 3.82 1.99 2.69 3.36 3.80 3.80 3.77 2.75 3.17 2.32 2.83 2.38 2.11 1.85 1.42 0.00 0.00
-0.69 -0.65 -0.60 -0.51 -0.45 -0.42 -0.41 -0.39 -0.37 -0.37 -0.47 -0.54 -0.57 -0.60 -0.77 -0.92 -1.01 -1.08 -1.10 -1.16 -1.23 -1.27 -1.28 -1.27 -1.24 -1.11 -1.07 -1.03 -0.99 -0.92 -0.87 -0.98 -0.61 -0.02 0.30 0.48 0.89 1.28 1.53 1.83 2.10 2.23 2.35 2.43 2.51 2.33 0.00 1.69 3.07 3.27 3.28 3.25 3.25 3.27 3.28 0.21 0.82 1.52 1.45 1.87 1.97 3.65 3.84 3.83 2.28 1.66 2.44 3.08 3.81 3.81 3.82 3.73 3.13 2.44 2.87 2.43 2.37 2.12 0.00 0.00 0.00
-0.68 -0.64 -0.60 -0.51 -0.45 -0.41 -0.40 -0.38 -0.37 -0.36 -0.39 -0.53 -0.57 -0.59 -0.74 -0.91 -1.02 -1.09 -1.13 -1.19 -1.27 -1.31 -1.31 -1.30 -1.27 -1.18 -1.06 -1.02 -0.95 -0.85 -0.80 -0.90 -0.58 0.05 0.35 0.46 0.96 1.32 1.55 1.98 2.08 2.18 2.27 2.35 1.42 0.00 0.02 1.57 2.62 3.21 3.23 3.19 3.23 3.27 3.27 0.03 0.80 1.41 1.43 1.79 2.08 3.84 3.84 3.84 1.98 2.42 2.41 3.27 3.82 3.82 3.83 3.83 3.18 2.04 2.81 2.67 2.53 1.86 0.00 0.00 0.00
-0.68 -0.63 -0.59 -0.51 -0.46 -0.41 -0.39 -0.37 -0.36 -0.36 -0.38 -0.52 -0.57 -0.58 -0.70 -0.89 -1.01 -1.12 -1.17 -1.23 -1.29 -1.33 -1.33 -1.31 -1.27 -1.11 -1.05 -0.99 -0.91 -0.82 -0.78 -0.88 -0.52 0.09 0.32 0.49 1.04 1.34 1.72 1.95 2.04 2.13 2.21 2.31 0.14 0.14 0.01 1.16 1.79 2.09 2.54 3.19 3.25 3.29 2.51 0.06 0.01 0.78 1.29 1.92 2.05 3.55 3.84 3.85 2.61 2.37 2.40 3.15 3.82 3.83 3.83 3.80 3.17 2.03 2.82 2.77 2.08 0.00 0.00 0.00 0.00
-0.68 -0.63 -0.58 -0.51 -0.46 -0.41 -0.38 -0.37 -0.37 -0.36 -0.37 -0.47 -0.56 -0.57 -0.67 -0.87 -1.01 -1.12 -1.20 -1.26 -1.31 -1.34 -1.34 -1.32 -1.27 -1.11 -1.06 -1.00 -0.94 -0.85 -0.82 -0.87 -0.46 0.05 0.26 0.58 1.08 1.33 1.68 1.90 1.99 2.08 2.16 2.14 0.02 0.02 0.00 1.34 1.29 1.14 1.59 3.25 3.29 3.32 1.62 0.00 0.05 0.17 1.24 1.94 2.03 3.67 3.86 3.85 2.34 2.55 2.57 2.62 3.83 3.84 3.84 3.72 3.41 2.25 2.87 1.80 0.00 0.00 0.00 0.00 0.00
-0.68 -0.62 -0.57 -0.51 -0.46 -0.41 -0.37 -0.37 -0.37 -0.36 -0.37 -0.46 -0.58 -0.58 -0.63 -0.83 -1.01 -1.14 -1.24 -1.28 -1.34 -1.35 -1.35 -1.32 -1.27 -1.13 -1.08 -1.03 -0.98 -0.93 -0.91 -0.92 -0.45 0.04 0.15 0.68 1.08 1.31 1.44 1.77 1.96 2.08 2.17 0.06 0.00 0.00 0.34 1.48 1.45 1.31 1.83 3.07 3.36 3.36 0.86 0.00 0.00 0.44 1.51 1.93 2.39 3.86 3.86 2.74 1.97 2.77 2.68 2.75 3.84 3.84 3.85 3.71 3.44 2.40 1.50 0.00 0.00 0.00 0.00 0.00 0.00
-0.67 -0.61 -0.56 -0.52 -0.46 -0.40 -0.37 -0.36 -0.37 -0.37 -0.37 -0.45 -0.59 -0.58 -0.62 -0.81 -1.01 -1.15 -1.26 -1.31 -1.36 -1.37 -1.37 -1.34 -1.30 -1.26 -1.13 -1.05 -1.01 -0.99 -0.98 -0.99 -0.48 -0.03 0.10 0.77 1.04 1.24 1.48 1.75 1.97 2.08 2.20 0.05 0.00 0.23 1.31 1.49 1.47 1.39 2.02 3.41 3.40 3.41 0.16 0.00 0.03 0.94 1.84 2.03 3.14 3.87 3.15 1.95 1.92 2.67 2.46 2.88 3.85 3.86 3.62 3.86 2.74 2.44 0.00 0.00 0.00 0.00 0.00 0.00 0.00
-0.67 -0.61 -0.56 -0.52 -0.45 -0.40 -0.36 -0.35 -0.37 -0.38 -0.38 -0.40 -0.59 -0.59 -0.61 -0.79 -1.02 -1.17 -1.29 -1.35 -1.39 -1.40 -1.39 -1.36 -1.27 -1.20 -1.15 -1.08 -1.07 -1.06 -1.03 -1.00 -0.96 -0.14 0.15 0.78 1.01 1.19 1.28 1.82 1.98 2.07 2.02 0.05 0.04 0.88 1.42 1.62 1.59 1.41 2.05 3.45 3.44 3.42 0.02 0.07 0.36 1.49 1.88 2.12 3.30 3.89 3.20 2.04 2.23 2.64 2.25 2.94 3.86 3.86 3.62 3.87 2.96 2.70 0.00 0.00 0.00 0.00 0.00 0.00 0.00
-0.66 -0.61 -0.55 -0.51 -0.45 -0.40 -0.36 -0.34 -0.35 -0.38 -0.38 -0.40 -0.60 -0.60 -0.61 -0.77 -1.04 -1.21 -1.32 -1.37 -1.41 -1.41 -1.39 -1.36 -1.32 -1.22 -1.16 -1.12 -1.09 -1.07 -1.03 -0.97 -1.02 -0.67 0.20 0.75 0.98 1.11 1.33 1.84 1.98 2.05 1.68 0.01 0.19 1.33 1.38 1.63 1.63 1.50 2.28 3.50 3.48 2.18 0.02 0.00 0.46 1.51 1.72 1.92 3.83 3.91 3.32 1.99 2.20 2.37 2.38 3.16 3.86 3.87 3.88 3.88 3.22 2.75 2.08 0.00 0.00 0.00 0.00 0.00 0.00
-0.66 -0.61 -0.55 -0.50 -0.45 -0.41 -0.36 -0.33 -0.33 -0.37 -0.38 -0.54 -0.61 -0.61 -0.61 -0.77 -1.07 -1.25 -1.33 -1.40 -1.42 -1.42 -1.40 -1.36 -1.29 -1.23 -1.18 -1.13 -1.09 -1.07 -1.04 -0.96 -0.92 -1.13 0.27 0.70 0.87 0.94 1.38 1.79 1.98 2.04 0.75 0.00 0.38 1.48 1.44 1.65 1.67 2.21 3.64 3.62 3.04 0.02 0.07 0.04 0.43 1.25 1.70 2.37 3.92 3.92 3.07 1.96 2.15 1.91 2.12 2.93 3.70 3.75 3.48 3.88 3.88 1.77 0.40 0.00 0.00 0.00 0.00 0.00 0.00
-0.67 -0.61 -0.55 -0.50 -0.44 -0.40 -0.36 -0.33 -0.32 -0.37 -0.39 -0.54 -0.62 -0.63 -0.63 -0.77 -1.10 -1.29 -1.36 -1.41 -1.43 -1.43 -1.40 -1.36 -1.34 -1.27 -1.19 -1.14 -1.09 -1.06 -1.05 -0.97 -1.02 -0.98 0.27 0.64 0.78 0.82 1.57 1.77 1.98 1.55 0.03 0.04 1.38 1.59 1.48 1.67 1.74 2.64 3.73 3.70 1.12 0.00 0.06 0.00 0.54 1.31 1.80 2.96 3.93 3.93 2.78 1.84 2.38 2.09 2.43 3.16 2.99 2.68 2.80 3.88 3.38 0.00 0.00 0.00 0.00 0.00 0.00 0.00 0.00
-0.67 -0.61 -0.55 -0.50 -0.46 -0.41 -0.37 -0.33 -0.32 -0.37 -0.40 -0.55 -0.64 -0.64 -0.64 -0.77 -1.12 -1.31 -1.37 -1.42 -1.44 -1.44 -1.41 -1.37 -1.35 -1.28 -1.20 -1.14 -1.10 -1.08 -1.10 -1.11 -1.09 -0.70 0.27 0.60 0.73 1.01 1.53 1.74 0.50 0.03 0.00 0.31 1.39 1.62 1.48 1.61 1.81 3.09 3.80 3.23 0.32 0.03 0.03 0.00 0.78 1.49 1.98 3.43 3.94 3.94 2.85 1.95 2.57 2.12 2.68 3.43 3.18 2.34 2.19 2.61 2.25 0.00 0.00 0.00 0.00 0.00 0.00 0.00 0.00
-0.67 -0.61 -0.56 -0.50 -0.46 -0.41 -0.39 -0.35 -0.34 -0.39 -0.42 -0.49 -0.66 -0.66 -0.65 -0.77 -1.14 -1.32 -1.37 -1.43 -1.45 -1.45 -1.43 -1.39 -1.32 -1.28 -1.21 -1.16 -1.12 -1.11 -1.17 -1.22 -0.80 -0.59 0.22 0.56 0.70 1.06 1.48 1.66 0.00 0.05 0.00 0.58 1.35 1.66 1.52 1.67 2.54 3.93 3.85 0.72 0.13 0.00 0.05 0.10 1.03 1.55 2.04 3.59 3.95 3.95 3.13 2.40 1.90 2.17 2.90 3.68 2.19 0.00 0.00 0.00 0.00 0.00 0.00 0.00 0.00 0.00 0.00 0.00 0.00
-0.67 -0.62 -0.57 -0.51 -0.46 -0.42 -0.40 -0.38 -0.36 -0.40 -0.45 -0.51 -0.68 -0.68 -0.66 -0.78 -1.17 -1.32 -1.37 -1.43 -1.46 -1.47 -1.44 -1.40 -1.31 -1.28 -1.23 -1.17 -1.14 -1.15 -1.22 -1.17 -0.63 -0.57 0.21 0.50 0.65 1.10 1.44 1.60 0.04 0.07 0.00 0.42 1.43 1.75 1.63 1.72 2.80 3.99 1.71 0.65 0.33 0.06 0.02 0.81 1.26 1.71 1.94 3.90 3.96 3.86 3.09 2.34 2.09 2.35 2.76 3.57 0.00 0.00 0.00 0.00 0.00 0.00 0.00 0.00 0.00 0.00 0.00 0.00 0.00
-0.68 -0.62 -0.57 -0.52 -0.47 -0.43 -0.42 -0.40 -0.39 -0.42 -0.49 -0.53 -0.70 -0.71 -0.69 -0.81 -1.20 -1.33 -1.38 -1.41 -1.46 -1.46 -1.44 -1.34 -1.31 -1.28 -1.22 -1.17 -1.14 -1.16 -1.21 -1.04 -0.55 -0.44 0.18 0.44 0.59 1.11 1.39 1.48 0.02 0.02 0.00 0.42 1.56 1.80 1.77 1.82 2.20 4.06 1.03 0.74 0.34 0.07 0.00 0.78 1.48 1.76 2.13 2.84 3.98 3.81 3.10 2.26 2.01 2.23 2.50 2.25 0.00 0.00 0.00 0.00 0.00 0.00 0.00 0.00 0.00 0.00 0.00 0.00 0.00
-0.69 -0.63 -0.58 -0.53 -0.48 -0.43 -0.43 -0.42 -0.41 -0.43 -0.48 -0.54 -0.71 -0.74 -0.73 -0.87 -1.24 -1.36 -1.39 -1.41 -1.45 -1.45 -1.42 -1.34 -1.32 -1.28 -1.23 -1.15 -1.14 -1.18 -1.12 -0.94 -0.52 -0.36 0.13 0.41 0.66 1.14 1.31 0.00 0.22 0.01 0.10 0.88 1.76 1.91 1.87 1.89 2.24 4.10 0.95 0.75 0.15 0.05 0.04 0.14 1.33 1.79 1.31 2.74 4.00 3.26 2.85 2.01 2.20 2.13 2.04 0.00 0.00 0.00 0.00 0.00 0.00 0.00 0.00 0.00 0.00 0.00 0.00 0.00 0.00
-0.69 -0.63 -0.58 -0.53 -0.48 -0.44 -0.43 -0.43 -0.42 -0.43 -0.49 -0.57 -0.74 -0.77 -0.79 -0.94 -1.28 -1.38 -1.40 -1.42 -1.44 -1.43 -1.41 -1.35 -1.32 -1.26 -1.20 -1.13 -1.11 -1.14 -1.03 -0.90 -0.53 -0.30 -0.31 0.39 0.48 1.17 0.03 0.00 0.10 0.00 0.24 1.10 1.90 2.01 1.95 1.99 2.40 4.15 0.97 0.76 0.13 0.08 0.02 0.09 1.41 1.52 1.14 3.32 4.03 3.13 1.97 1.98 1.90 1.28 0.00 0.00 0.00 0.00 0.00 0.00 0.00 0.00 0.00 0.00 0.00 0.00 0.00 0.00 0.00
-0.68 -0.62 -0.57 -0.52 -0.48 -0.44 -0.42 -0.43 -0.42 -0.44 -0.55 -0.59 -0.70 -0.81 -0.85 -1.01 -1.32 -1.40 -1.43 -1.44 -1.45 -1.44 -1.41 -1.38 -1.30 -1.24 -1.16 -1.11 -1.05 -1.05 -1.04 -0.79 -0.51 -0.29 -0.34 0.37 0.45 1.21 1.04 0.04 0.00 0.05 0.32 1.56 2.06 2.16 2.09 2.16 2.82 4.19 1.01 0.84 0.12 0.08 0.01 0.37 1.08 1.04 1.49 3.63 4.06 2.79 1.85 2.29 2.87 0.00 0.00 0.00 0.00 0.00 0.00 0.00 0.00 0.00 0.00 0.00 0.00 0.00 0.00 0.00 0.00
