tsunami_inundation/3540.asc
ncols        89
nrows        96
xllcorner    425855.973699999973
yllcorner    5091051.504999999888
cellsize     55.000000000000
NODATA_value  -9999.00
[rows 36 to 71 of 96, columns 0 to 80 of 89]
-0.67 -0.62 -0.56 -0.52 -0.48 -0.44 -0.42 -0.44 -0.44 -0.45 -0.58 -0.62 -0.72 -0.85 -0.89 -1.09 -1.36 -1.43 -1.46 -1.48 -1.50 -1.48 -1.44 -1.39 -1.26 -1.19 -1.14 -1.09 -1.02 -1.02 -1.01 -0.69 -0.52 -0.25 -0.36 0.34 0.42 1.28 1.36 1.18 0.02 0.08 0.44 1.85 2.20 2.62 2.37 2.17 3.33 4.22 1.04 0.97 0.20 0.11 0.08 0.64 1.00 1.65 2.08 3.82 4.11 2.92 1.90 2.58 2.25 0.00 0.00 0.00 0.00 0.00 0.00 0.00 0.00 0.00 0.00 0.00 0.00 0.00 0.00 0.00 0.00
-0.66 -0.62 -0.57 -0.52 -0.48 -0.45 -0.44 -0.45 -0.46 -0.53 -0.60 -0.64 -0.73 -0.87 -0.94 -1.22 -1.45 -1.51 -1.54 -1.55 -1.55 -1.51 -1.40 -1.33 -1.23 -1.14 -1.10 -1.08 -1.01 -0.98 -0.89 -0.61 -0.54 -0.23 -0.32 0.33 0.40 1.29 1.40 1.46 0.04 0.04 0.57 1.85 2.22 2.82 2.71 2.32 4.13 4.25 1.10 0.99 0.16 0.03 0.22 0.49 1.06 1.93 2.06 4.08 4.15 3.51 3.07 2.79 1.47 0.00 0.00 0.00 0.00 0.00 0.00 0.00 0.00 0.00 0.00 0.00 0.00 0.00 0.00 0.00 0.00
-0.65 -0.60 -0.57 -0.51 -0.48 -0.46 -0.45 -0.46 -0.47 -0.54 -0.61 -0.66 -0.74 -0.88 -1.02 -1.33 -1.51 -1.57 -1.59 -1.59 -1.58 -1.53 -1.41 -1.33 -1.22 -1.11 -1.06 -1.07 -1.00 -0.90 -0.72 -0.57 -0.52 -0.27 -0.19 0.40 1.15 1.35 1.41 0.43 0.00 0.03 0.66 1.88 2.29 2.62 2.30 2.71 4.30 1.38 1.11 0.90 0.12 0.06 0.24 0.30 1.49 2.10 2.26 4.18 4.18 3.76 3.36 2.44 2.00 0.00 0.00 0.00 0.00 0.00 0.00 0.00 0.00 0.00 0.00 0.00 0.00 0.00 0.00 0.00 0.00
-0.63 -0.59 -0.54 -0.50 -0.47 -0.46 -0.45 -0.46 -0.48 -0.58 -0.65 -0.69 -0.78 -0.91 -1.12 -1.41 -1.56 -1.61 -1.62 -1.62 -1.60 -1.54 -1.41 -1.33 -1.22 -1.10 -1.02 -1.05 -0.96 -0.78 -0.60 -0.50 -0.44 -0.36 -0.00 0.25 1.22 1.41 1.48 0.05 0.00 0.06 1.05 1.93 2.18 2.49 2.35 3.71 4.28 1.36 1.13 0.88 0.14 0.12 0.29 0.48 1.64 2.08 2.61 4.20 4.20 3.80 2.10 2.46 3.14 0.00 0.00 0.00 0.00 0.00 0.00 0.00 0.00 0.00 0.00 0.00 0.00 0.00 0.00 0.00 0.00
-0.62 -0.58 -0.54 -0.50 -0.48 -0.47 -0.48 -0.49 -0.54 -0.58 -0.69 -0.79 -0.85 -0.89 -1.29 -1.48 -1.60 -1.64 -1.64 -1.63 -1.61 -1.55 -1.41 -1.33 -1.22 -1.10 -1.00 -0.99 -0.90 -0.71 -0.52 -0.40 -0.36 -0.30 0.12 0.61 1.28 1.43 1.50 0.04 0.03 0.03 1.44 2.01 2.24 2.50 2.55 4.33 4.33 1.34 1.18 0.94 0.17 0.17 0.25 0.83 2.10 2.51 3.65 4.23 4.22 3.71 2.62 2.20 2.65 1.91 0.00 0.00 0.00 0.00 0.00 0.00 0.00 0.00 0.00 0.00 0.00 0.00 0.00 0.00 0.00
-0.63 -0.58 -0.55 -0.52 -0.50 -0.50 -0.51 -0.53 -0.58 -0.63 -0.73 -0.83 -0.87 -0.94 -1.35 -1.53 -1.64 -1.66 -1.65 -1.63 -1.61 -1.55 -1.49 -1.33 -1.23 -1.10 -0.98 -0.89 -0.78 -0.64 -0.45 -0.32 -0.29 -0.27 0.11 0.24 1.33 1.47 1.50 0.06 0.02 0.00 1.17 2.09 2.34 2.35 3.13 4.35 4.34 1.20 1.11 0.86 0.18 0.19 0.22 1.45 2.68 3.81 4.24 4.21 4.23 4.04 3.20 2.41 2.28 2.09 2.25 2.35 0.19 0.00 0.00 0.00 0.00 0.00 0.00 0.00 0.00 0.00 0.00 0.00 0.00
-0.65 -0.61 -0.57 -0.54 -0.53 -0.52 -0.53 -0.56 -0.66 -0.70 -0.76 -0.86 -0.91 -1.00 -1.40 -1.57 -1.65 -1.67 -1.67 -1.63 -1.60 -1.54 -1.43 -1.36 -1.25 -1.10 -0.96 -0.85 -0.70 -0.59 -0.39 -0.29 -0.23 -0.18 0.10 0.83 1.39 1.52 1.04 0.00 0.05 0.17 1.34 2.07 2.42 2.37 3.94 4.36 4.36 1.44 1.12 0.74 0.16 0.23 0.46 2.11 3.80 4.26 3.13 2.40 3.64 4.25 3.04 2.42 2.31 2.03 2.15 1.34 0.00 0.00 0.00 0.00 0.00 0.00 0.00 0.00 0.00 0.00 0.00 0.00 0.00
-0.67 -0.63 -0.59 -0.57 -0.55 -0.55 -0.56 -0.57 -0.62 -0.72 -0.78 -0.86 -0.92 -1.04 -1.41 -1.57 -1.65 -1.68 -1.67 -1.63 -1.58 -1.47 -1.43 -1.37 -1.27 -1.13 -0.95 -0.82 -0.66 -0.52 -0.31 -0.29 -0.18 -0.15 0.14 0.22 1.45 1.57 0.95 0.00 0.19 0.43 1.65 2.08 2.38 2.37 4.38 4.37 3.54 1.44 1.10 1.09 0.91 0.44 1.17 2.15 3.01 3.66 3.06 2.93 3.67 4.27 3.03 2.30 2.33 2.13 2.03 0.00 0.00 0.00 0.00 0.00 0.00 0.00 0.00 0.00 0.00 0.00 0.00 0.00 0.00
-0.70 -0.66 -0.62 -0.59 -0.58 -0.57 -0.56 -0.58 -0.62 -0.73 -0.78 -0.86 -0.93 -1.08 -1.32 -1.55 -1.64 -1.68 -1.68 -1.63 -1.57 -1.52 -1.42 -1.35 -1.26 -1.14 -0.98 -0.82 -0.63 -0.41 -0.25 -0.22 -0.14 -0.03 0.24 1.14 1.55 1.59 0.06 0.00 0.00 0.81 2.43 2.29 2.32 2.27 4.38 4.38 2.37 1.37 1.11 1.10 1.06 0.54 1.55 2.17 2.22 2.33 2.29 2.45 2.75 4.29 3.09 2.24 1.57 1.08 0.76 0.00 0.00 0.00 0.00 0.00 0.00 0.00 0.00 0.00 0.00 0.00 0.00 0.00 0.00
-0.72 -0.68 -0.64 -0.61 -0.59 -0.58 -0.57 -0.58 -0.67 -0.72 -0.77 -0.84 -0.93 -1.10 -1.33 -1.53 -1.63 -1.68 -1.68 -1.63 -1.57 -1.46 -1.40 -1.33 -1.25 -1.14 -1.00 -0.82 -0.63 -0.27 -0.18 -0.18 -0.13 0.04 0.18 0.93 1.54 1.62 0.04 0.01 0.13 1.85 2.51 2.24 2.28 2.27 4.39 1.79 1.45 1.32 1.15 1.14 0.91 0.71 1.81 2.15 2.17 2.18 2.15 2.42 3.08 4.29 2.70 1.99 0.00 0.00 0.00 0.00 0.00 0.00 0.00 0.00 0.00 0.00 0.00 0.00 0.00 0.00 0.00 0.00 0.00
-0.75 -0.70 -0.66 -0.62 -0.60 -0.59 -0.58 -0.58 -0.66 -0.72 -0.76 -0.82 -0.92 -1.11 -1.32 -1.51 -1.62 -1.67 -1.68 -1.63 -1.58 -1.48 -1.34 -1.26 -1.19 -1.11 -0.97 -0.83 -0.64 -0.27 -0.17 -0.17 -0.08 0.16 0.26 1.10 1.47 0.47 0.01 0.00 1.09 2.02 2.34 2.43 2.28 2.25 4.40 1.62 1.41 1.25 1.13 1.18 0.79 1.06 1.96 2.25 2.22 2.09 2.04 3.00 4.31 3.60 2.27 0.79 0.00 0.00 0.00 0.00 0.00 0.00 0.00 0.00 0.00 0.00 0.00 0.00 0.00 0.00 0.00 0.00 0.00
-0.76 -0.70 -0.67 -0.63 -0.61 -0.60 -0.59 -0.59 -0.66 -0.71 -0.75 -0.80 -0.91 -1.11 -1.31 -1.50 -1.58 -1.65 -1.65 -1.63 -1.57 -1.38 -1.20 -1.11 -1.08 -1.03 -0.94 -0.85 -0.63 -0.38 -0.18 -0.18 0.02 0.19 0.25 1.21 1.43 0.04 0.00 0.00 1.12 2.18 2.22 2.35 3.03 3.01 4.42 3.51 1.28 1.23 1.13 1.10 0.75 1.21 1.97 2.31 2.20 2.03 2.17 4.34 3.05 2.31 0.69 0.00 0.00 0.00 0.00 0.00 0.00 0.00 0.00 0.00 0.00 0.00 0.00 0.00 0.00 0.00 0.00 0.00 0.00
-0.76 -0.70 -0.67 -0.63 -0.61 -0.60 -0.59 -0.59 -0.66 -0.70 -0.74 -0.79 -0.89 -1.10 -1.31 -1.46 -1.54 -1.60 -1.60 -1.55 -1.42 -1.27 -1.02 -0.95 -0.92 -0.87 -0.83 -0.80 -0.61 -0.36 -0.21 -0.19 0.13 0.22 0.27 1.24 1.43 0.05 0.00 0.00 1.22 2.19 2.05 2.29 2.62 2.45 4.45 1.41 1.28 1.23 1.11 0.79 0.69 1.18 1.92 2.17 2.13 2.24 2.72 4.39 2.73 2.06 0.00 0.00 0.00 0.00 0.00 0.00 0.00 0.00 0.00 0.00 0.00 0.00 0.00 0.00 0.00 0.00 0.00 0.00 0.00
-0.75 -0.69 -0.66 -0.62 -0.60 -0.60 -0.60 -0.60 -0.66 -0.70 -0.74 -0.78 -0.88 -1.08 -1.30 -1.40 -1.46 -1.47 -1.42 -1.34 -1.25 -1.10 -1.00 -0.95 -0.91 -0.85 -0.75 -0.71 -0.52 -0.28 -0.25 -0.03 0.18 0.25 0.36 1.28 1.34 0.02 0.00 0.25 1.91 2.40 2.29 2.38 2.33 2.41 4.48 3.65 1.29 1.28 1.08 0.44 0.66 1.19 1.98 2.15 2.16 2.41 2.60 4.01 2.77 1.91 0.00 0.00 0.00 0.00 0.00 0.00 0.00 0.00 0.00 0.00 0.00 0.00 0.00 0.00 0.00 0.00 0.00 0.00 0.00
-0.72 -0.67 -0.64 -0.61 -0.59 -0.59 -0.59 -0.60 -0.67 -0.71 -0.75 -0.79 -0.87 -1.07 -1.28 -1.33 -1.31 -1.31 -1.29 -1.26 -1.22 -1.12 -1.04 -0.98 -0.92 -0.87 -0.76 -0.74 -0.47 -0.26 -0.20 0.14 0.28 0.32 1.10 1.28 0.32 0.00 0.15 0.96 2.04 2.33 2.38 2.44 2.42 2.52 4.50 1.48 1.35 1.40 0.99 1.13 1.34 1.41 2.02 2.25 2.23 2.49 2.57 4.13 4.44 1.49 0.00 0.00 0.00 0.00 0.00 0.00 0.00 0.00 0.00 0.00 0.00 0.00 0.00 0.00 0.00 0.00 0.00 0.00 0.00
-0.69 -0.66 -0.62 -0.60 -0.58 -0.58 -0.58 -0.62 -0.68 -0.71 -0.76 -0.79 -0.85 -1.04 -1.21 -1.23 -1.22 -1.25 -1.27 -1.26 -1.19 -1.15 -1.11 -1.02 -0.97 -0.89 -0.82 -0.84 -0.47 -0.28 -0.19 0.30 0.49 0.57 1.12 1.17 0.04 0.12 0.54 1.09 1.58 1.98 2.00 1.89 2.18 3.08 4.51 1.55 1.48 1.46 1.05 1.52 1.31 1.52 2.13 2.34 2.19 2.31 2.46 3.60 4.49 0.00 0.00 0.00 0.00 0.00 0.00 0.00 0.00 0.00 0.00 0.00 0.00 0.00 0.00 0.00 0.00 0.00 0.00 0.00 0.00
-0.66 -0.63 -0.59 -0.58 -0.56 -0.56 -0.57 -0.62 -0.68 -0.72 -0.76 -0.79 -0.82 -0.99 -1.15 -1.18 -1.21 -1.24 -1.26 -1.26 -1.21 -1.17 -1.13 -1.06 -1.02 -0.91 -0.92 -0.89 -0.48 -0.29 -0.31 0.35 0.51 0.65 1.09 0.87 0.02 0.34 1.25 0.98 1.04 1.27 1.34 1.56 2.35 3.89 4.00 1.58 1.53 1.38 1.10 1.38 1.34 1.65 2.14 2.49 2.30 2.33 2.61 4.53 2.41 0.00 0.00 0.00 0.00 0.00 0.00 0.00 0.00 0.00 0.00 0.00 0.00 0.00 0.00 0.00 0.00 0.00 0.00 0.00 0.00
-0.62 -0.59 -0.56 -0.55 -0.54 -0.54 -0.56 -0.61 -0.66 -0.72 -0.76 -0.76 -0.78 -0.96 -1.13 -1.19 -1.22 -1.23 -1.24 -1.24 -1.23 -1.18 -1.13 -1.09 -1.05 -0.93 -1.01 -0.92 -0.47 -0.29 -0.29 0.36 0.50 0.57 1.06 0.15 0.32 0.40 1.34 0.69 0.38 0.53 1.14 2.03 2.75 4.52 4.52 1.46 1.55 1.35 1.20 1.37 1.49 1.94 2.20 2.28 2.45 2.68 2.90 3.56 1.18 0.00 0.00 0.00 0.00 0.00 0.00 0.00 0.00 0.00 0.00 0.00 0.00 0.00 0.00 0.00 0.00 0.00 0.00 0.00 0.00
-0.59 -0.56 -0.53 -0.53 -0.52 -0.52 -0.58 -0.61 -0.65 -0.71 -0.72 -0.71 -0.76 -0.96 -1.13 -1.19 -1.21 -1.22 -1.23 -1.23 -1.20 -1.17 -1.13 -1.11 -1.07 -0.96 -1.11 -0.88 -0.47 -0.29 -0.21 0.34 0.42 0.41 1.04 0.12 0.28 0.21 1.40 0.57 0.39 0.61 1.45 2.24 3.03 4.53 3.69 1.33 1.50 1.32 1.37 1.41 1.50 2.05 2.29 2.43 2.91 3.44 3.86 4.57 0.00 0.00 0.00 0.00 0.00 0.00 0.00 0.00 0.00 0.00 0.00 0.00 0.00 0.00 0.00 0.00 0.00 0.00 0.00 0.00 0.00
-0.56 -0.51 -0.48 -0.48 -0.49 -0.50 -0.53 -0.60 -0.63 -0.69 -0.69 -0.69 -0.77 -0.97 -1.14 -1.20 -1.21 -1.20 -1.21 -1.22 -1.19 -1.16 -1.12 -1.12 -1.07 -1.00 -1.20 -0.83 -0.46 -0.30 -0.21 0.27 0.25 0.86 0.96 0.02 0.11 0.23 1.18 0.41 0.66 1.35 2.07 2.36 4.06 4.54 3.43 1.39 1.58 1.30 1.17 1.35 1.67 2.20 2.45 2.58 3.09 4.38 4.56 3.37 0.00 0.00 0.00 0.00 0.00 0.00 0.00 0.00 0.00 0.00 0.00 0.00 0.00 0.00 0.00 0.00 0.00 0.00 0.00 0.00 0.00
-0.52 -0.47 -0.44 -0.45 -0.47 -0.48 -0.55 -0.59 -0.62 -0.66 -0.67 -0.68 -0.80 -0.99 -1.15 -1.20 -1.20 -1.19 -1.20 -1.21 -1.18 -1.14 -1.11 -1.11 -1.08 -1.05 -1.22 -0.79 -0.48 -0.33 -0.23 0.13 0.20 0.88 0.03 0.11 0.07 0.72 1.05 0.39 0.73 1.52 2.19 2.46 4.54 4.54 2.53 1.47 1.63 1.05 0.93 1.30 1.84 2.29 2.61 3.28 4.36 4.53 4.56 4.35 0.00 0.00 0.00 0.00 0.00 0.00 0.00 0.00 0.00 0.00 0.00 0.00 0.00 0.00 0.00 0.00 0.00 0.00 0.00 0.00 0.00
-0.51 -0.46 -0.42 -0.39 -0.44 -0.43 -0.52 -0.57 -0.60 -0.64 -0.65 -0.68 -0.81 -1.02 -1.16 -1.20 -1.20 -1.19 -1.19 -1.20 -1.17 -1.13 -1.10 -1.09 -1.07 -1.15 -1.12 -0.77 -0.52 -0.38 -0.41 0.06 0.48 0.93 0.03 0.03 0.00 0.82 0.82 0.42 0.80 1.81 2.37 3.06 4.55 4.55 1.52 1.49 1.51 0.75 1.13 1.30 1.67 2.52 3.62 4.41 4.65 4.65 4.64 3.16 1.24 0.00 0.00 0.00 0.00 0.00 0.00 0.00 0.00 0.00 0.00 0.00 0.00 0.00 0.00 0.00 0.00 0.00 0.00 0.00 0.00
-0.50 -0.45 -0.40 -0.36 -0.37 -0.40 -0.44 -0.55 -0.54 -0.58 -0.65 -0.68 -0.83 -1.04 -1.17 -1.21 -1.21 -1.19 -1.18 -1.16 -1.13 -1.09 -1.07 -1.05 -1.04 -1.12 -1.07 -0.76 -0.55 -0.51 -0.35 0.06 0.61 0.81 0.04 0.08 0.00 0.88 0.65 0.51 1.35 2.16 2.59 3.77 4.56 4.55 1.46 1.47 1.40 0.65 1.16 1.48 2.06 3.16 4.42 4.61 4.66 4.65 3.62 2.68 2.28 0.00 0.00 0.00 0.00 0.00 0.00 0.00 0.00 0.00 0.00 0.00 0.00 0.00 0.00 0.00 0.00 0.00 0.00 0.00 0.00
-0.50 -0.44 -0.39 -0.34 -0.34 -0.37 -0.46 -0.50 -0.51 -0.58 -0.66 -0.71 -0.92 -1.09 -1.19 -1.23 -1.22 -1.20 -1.17 -1.13 -1.10 -1.07 -1.05 -1.01 -0.98 -1.04 -1.01 -0.77 -0.63 -0.76 -0.33 0.06 0.15 0.79 0.03 0.21 0.24 0.82 0.70 0.75 2.11 2.54 2.84 3.71 4.56 4.56 1.39 1.42 1.20 0.57 1.26 1.99 2.68 4.47 4.66 4.67 4.67 4.31 3.07 2.44 2.43 1.21 0.00 0.00 0.00 0.00 0.00 0.00 0.00 0.00 0.00 0.00 0.00 0.00 0.00 0.00 0.00 0.00 0.00 0.00 0.00
-0.50 -0.43 -0.37 -0.33 -0.30 -0.33 -0.43 -0.48 -0.51 -0.59 -0.67 -0.74 -0.96 -1.16 -1.23 -1.24 -1.22 -1.19 -1.15 -1.11 -1.08 -1.06 -1.03 -0.98 -0.93 -0.94 -1.00 -0.89 -0.77 -0.80 -0.35 0.06 0.15 0.46 0.16 0.25 0.42 1.02 0.70 1.65 2.55 2.73 2.97 4.21 4.58 2.34 1.68 1.68 1.28 0.92 1.52 2.39 3.45 4.57 4.53 4.58 4.59 4.32 4.18 2.46 2.39 2.48 2.29 0.28 0.00 0.00 0.00 0.00 0.00 0.00 0.00 0.00 0.00 0.00 0.00 0.00 0.00 0.00 0.00 0.00 0.00
-0.49 -0.43 -0.36 -0.32 -0.28 -0.30 -0.41 -0.47 -0.52 -0.60 -0.68 -0.78 -1.01 -1.18 -1.24 -1.25 -1.23 -1.19 -1.13 -1.11 -1.08 -1.06 -1.03 -0.98 -0.95 -0.88 -1.09 -1.00 -0.76 -0.78 -0.35 0.01 0.18 0.31 0.23 0.18 0.84 0.94 0.90 2.11 2.36 2.44 2.96 4.22 4.59 2.74 1.77 1.62 1.16 1.43 1.88 2.74 4.07 4.38 4.37 4.67 4.63 4.45 2.86 2.61 2.46 2.40 1.88 0.00 0.00 0.00 0.00 0.00 0.00 0.00 0.00 0.00 0.00 0.00 0.00 0.00 0.00 0.00 0.00 0.00 0.00
-0.48 -0.42 -0.36 -0.32 -0.28 -0.28 -0.38 -0.46 -0.53 -0.61 -0.68 -0.83 -1.06 -1.20 -1.24 -1.24 -1.22 -1.18 -1.14 -1.10 -1.06 -1.03 -0.96 -0.94 -0.93 -0.90 -1.30 -1.01 -0.73 -0.64 -0.43 -0.02 0.07 0.02 0.24 0.14 0.95 0.85 1.30 2.26 2.32 2.49 2.45 3.20 4.60 3.76 1.66 1.59 1.50 1.71 2.24 2.84 4.32 4.41 4.69 4.69 4.24 3.94 3.08 2.13 2.02 0.33 0.00 0.00 0.00 0.00 0.00 0.00 0.00 0.00 0.00 0.00 0.00 0.00 0.00 0.00 0.00 0.00 0.00 0.00 0.00
-0.47 -0.42 -0.36 -0.31 -0.27 -0.27 -0.34 -0.45 -0.53 -0.62 -0.70 -0.89 -1.09 -1.21 -1.23 -1.22 -1.15 -1.11 -1.07 -1.05 -1.00 -0.95 -0.89 -0.87 -0.89 -1.03 -1.33 -0.99 -0.70 -0.60 -0.40 -0.03 0.03 0.02 0.24 0.16 0.78 1.02 1.66 2.47 2.42 2.99 2.52 4.14 4.62 4.16 1.71 1.62 1.60 2.12 2.40 2.80 4.20 4.46 4.69 4.23 2.50 1.18 0.00 0.00 0.00 0.00 0.00 0.00 0.00 0.00 0.00 0.00 0.00 0.00 0.00 0.00 0.00 0.00 0.00 0.00 0.00 0.00 0.00 0.00 0.00
-0.46 -0.41 -0.35 -0.30 -0.26 -0.25 -0.30 -0.42 -0.52 -0.63 -0.73 -0.95 -1.13 -1.20 -1.17 -1.13 -1.10 -1.09 -1.08 -1.04 -1.00 -0.95 -0.90 -0.90 -1.00 -1.07 -1.30 -0.91 -0.67 -0.54 -0.36 0.07 0.04 0.17 0.20 0.34 0.37 1.08 1.95 2.58 2.97 3.52 3.49 4.24 4.64 4.27 1.60 1.58 2.04 2.39 2.75 3.89 4.42 4.58 3.96 1.79 0.00 0.00 0.00 0.00 0.00 0.00 0.00 0.00 0.00 0.00 0.00 0.00 0.00 0.00 0.00 0.00 0.00 0.00 0.00 0.00 0.00 0.00 0.00 0.00 0.00
-0.43 -0.39 -0.34 -0.27 -0.23 -0.21 -0.25 -0.36 -0.48 -0.62 -0.73 -0.96 -1.11 -1.13 -1.09 -1.10 -1.11 -1.11 -1.09 -1.06 -1.03 -1.01 -1.03 -1.09 -1.10 -1.08 -1.21 -0.73 -0.66 -0.49 -0.30 0.33 0.10 0.22 0.11 0.21 0.35 1.84 2.41 2.66 2.52 3.49 3.27 3.38 4.65 3.44 1.72 2.33 2.79 3.05 4.08 4.42 4.53 4.65 3.08 0.57 0.00 0.00 0.00 0.00 0.00 0.00 0.00 0.00 0.00 0.00 0.00 0.00 0.00 0.00 0.00 0.00 0.00 0.00 0.00 0.00 0.00 0.00 0.00 0.00 0.00
-0.38 -0.35 -0.31 -0.26 -0.18 -0.18 -0.23 -0.32 -0.45 -0.60 -0.71 -0.95 -1.05 -1.06 -1.08 -1.12 -1.15 -1.16 -1.14 -1.15 -1.19 -1.22 -1.21 -1.23 -1.23 -1.28 -0.97 -0.58 -0.54 -0.43 -0.22 0.72 0.05 0.26 0.36 0.32 0.87 2.21 2.50 2.46 2.53 2.51 2.56 2.91 2.17 1.72 2.13 2.60 3.18 3.50 4.22 4.39 4.47 4.47 2.49 0.00 0.00 0.00 0.00 0.00 0.00 0.00 0.00 0.00 0.00 0.00 0.00 0.00 0.00 0.00 0.00 0.00 0.00 0.00 0.00 0.00 0.00 0.00 0.00 0.00 0.00
-0.34 -0.32 -0.29 -0.25 -0.20 -0.16 -0.20 -0.28 -0.44 -0.57 -0.68 -0.84 -1.01 -1.05 -1.12 -1.17 -1.19 -1.21 -1.31 -1.37 -1.39 -1.35 -1.30 -1.33 -1.38 -1.57 -0.73 -0.48 -0.36 -0.24 -0.11 1.06 0.05 0.21 0.41 0.44 1.27 2.27 2.47 2.47 2.42 2.50 2.53 3.28 1.69 2.38 2.42 2.49 2.73 3.17 4.02 4.42 4.46 4.35 3.03 0.00 0.00 0.00 0.00 0.00 0.00 0.00 0.00 0.00 0.00 0.00 0.00 0.00 0.00 0.00 0.00 0.00 0.00 0.00 0.00 0.00 0.00 0.00 0.00 0.00 0.00
-0.30 -0.28 -0.26 -0.23 -0.13 -0.14 -0.18 -0.27 -0.44 -0.54 -0.67 -0.86 -1.04 -1.11 -1.22 -1.28 -1.31 -1.46 -1.48 -1.47 -1.47 -1.42 -1.38 -1.43 -1.70 -1.34 -0.60 -0.45 -0.30 -0.12 0.44 1.07 0.05 0.05 0.36 0.62 1.60 2.23 2.43 2.41 2.42 2.45 2.62 3.48 1.89 2.41 2.45 2.43 2.68 2.88 2.96 3.69 4.42 4.30 3.33 0.00 0.00 0.00 0.00 0.00 0.00 0.00 0.00 0.00 0.00 0.00 0.00 0.00 0.00 0.00 0.00 0.00 0.00 0.00 0.00 0.00 0.00 0.00 0.00 0.00 0.00
-0.27 -0.26 -0.25 -0.23 -0.19 -0.16 -0.19 -0.33 -0.50 -0.59 -0.78 -1.02 -1.22 -1.35 -1.53 -1.54 -1.52 -1.56 -1.55 -1.52 -1.50 -1.45 -1.42 -1.52 -1.94 -1.10 -0.55 -0.42 -0.25 -0.08 0.60 1.02 0.04 0.00 0.16 0.87 1.57 2.01 2.32 2.36 2.35 2.52 2.91 3.00 2.13 2.40 2.44 2.44 2.59 2.84 2.79 2.98 4.34 4.18 3.24 0.00 0.00 0.00 0.00 0.00 0.00 0.00 0.00 0.00 0.00 0.00 0.00 0.00 0.00 0.00 0.00 0.00 0.00 0.00 0.00 0.00 0.00 0.00 0.00 0.00 0.00
-0.25 -0.26 -0.27 -0.27 -0.26 -0.31 -0.41 -0.76 -0.89 -1.01 -1.20 -1.36 -1.48 -1.56 -1.59 -1.57 -1.54 -1.54 -1.56 -1.54 -1.52 -1.48 -1.47 -1.68 -1.90 -0.97 -0.61 -0.39 -0.24 -0.03 0.80 1.00 0.05 0.00 0.19 0.84 1.54 1.63 2.12 2.27 2.34 2.58 3.21 1.60 2.15 2.37 2.47 2.49 2.48 2.62 2.76 2.97 4.38 4.55 3.57 1.80 0.07 0.20 0.00 0.00 0.00 0.00 0.00 0.00 0.00 0.00 0.00 0.00 0.00 0.00 0.00 0.00 0.00 0.00 0.00 0.00 0.00 0.00 0.00 0.00 0.00
-0.44 -0.55 -0.59 -0.64 -0.68 -0.71 -0.79 -0.88 -0.97 -1.09 -1.28 -1.45 -1.55 -1.60 -1.61 -1.58 -1.54 -1.53 -1.57 -1.54 -1.53 -1.51 -1.51 -1.88 -1.59 -0.86 -0.55 -0.36 -0.27 0.05 0.37 0.79 0.05 0.01 0.45 0.91 1.56 1.54 1.83 2.14 2.28 2.82 3.55 1.45 1.98 2.25 2.37 2.47 3.36 3.54 3.52 3.86 4.62 4.45 3.82 3.54 2.66 2.54 2.00 0.27 0.00 0.00 0.00 0.00 0.00 0.00 0.00 0.00 0.00 0.00 0.00 0.00 0.00 0.00 0.00 0.00 0.00 0.00 0.00 0.00 0.00
