tsunami_inundation/3570.asc
ncols        89
nrows        96
xllcorner    425855.973699999973
yllcorner    5091051.504999999888
cellsize     55.000000000000
NODATA_value  -9999.00
[rows 36 to 71 of 96, columns 0 to 80 of 89]
-1.45 -1.39 -1.34 -1.28 -1.22 -1.16 -1.07 -1.00 -0.94 -0.90 -0.82 -0.82 -0.82 -0.82 -0.86 -0.92 -0.97 -1.09 -1.18 -1.23 -1.72 -1.79 -1.84 -1.88 -1.88 -1.87 -1.85 -1.82 -1.78 -1.81 -1.82 -1.37 -1.12 -0.85 -0.97 -0.03 0.07 1.09 1.17 0.98 0.00 0.08 0.41 1.82 2.17 2.60 2.35 2.15 3.31 4.21 1.02 0.94 0.18 0.11 0.08 0.65 1.02 1.67 2.10 3.83 4.13 2.94 1.93 2.62 2.29 0.00 0.00 0.00 0.00 0.00 0.00 0.00 0.00 0.00 0.00 0.00 0.00 0.00 0.00 0.00 0.00
-1.42 -1.36 -1.32 -1.27 -1.21 -1.15 -1.06 -0.99 -0.93 -0.85 -0.83 -0.83 -0.83 -0.82 -0.86 -0.92 -0.98 -1.11 -1.20 -1.34 -1.68 -1.80 -1.89 -1.90 -1.89 -1.88 -1.86 -1.83 -1.76 -1.75 -1.62 -1.29 -1.15 -0.84 -0.92 -0.06 0.06 1.10 1.19 1.23 0.04 0.03 0.55 1.83 2.20 2.80 2.69 2.30 4.12 4.23 1.07 0.97 0.15 0.03 0.22 0.50 1.08 1.95 2.08 4.09 4.17 3.52 3.09 2.82 1.51 0.00 0.00 0.00 0.00 0.00 0.00 0.00 0.00 0.00 0.00 0.00 0.00 0.00 0.00 0.00 0.00
-1.43 -1.37 -1.31 -1.26 -1.20 -1.14 -1.06 -0.98 -0.91 -0.84 -0.82 -0.82 -0.83 -0.82 -0.86 -0.93 -1.00 -1.13 -1.21 -1.45 -1.74 -1.81 -1.90 -1.92 -1.91 -1.89 -1.86 -1.86 -1.74 -1.63 -1.39 -1.23 -1.17 -0.87 -0.73 0.11 0.97 1.14 1.18 0.23 0.00 0.02 0.64 1.86 2.27 2.60 2.28 2.69 4.27 1.35 1.09 0.87 0.12 0.05 0.25 0.31 1.51 2.11 2.28 4.19 4.19 3.77 3.38 2.47 2.03 0.00 0.00 0.00 0.00 0.00 0.00 0.00 0.00 0.00 0.00 0.00 0.00 0.00 0.00 0.00 0.00
-1.44 -1.38 -1.32 -1.26 -1.19 -1.13 -1.05 -0.96 -0.90 -0.80 -0.79 -0.80 -0.82 -0.83 -0.88 -0.95 -1.03 -1.14 -1.23 -1.57 -1.79 -1.84 -1.92 -1.93 -1.92 -1.89 -1.87 -1.88 -1.67 -1.45 -1.26 -1.15 -1.10 -0.95 -0.44 -0.16 1.02 1.19 1.27 0.04 0.00 0.05 1.03 1.91 2.15 2.46 2.33 3.69 4.26 1.34 1.11 0.87 0.15 0.12 0.30 0.50 1.66 2.09 2.62 4.21 4.21 3.80 2.12 2.48 3.16 0.00 0.00 0.00 0.00 0.00 0.00 0.00 0.00 0.00 0.00 0.00 0.00 0.00 0.00 0.00 0.00
-1.43 -1.37 -1.31 -1.25 -1.19 -1.12 -1.05 -0.94 -0.88 -0.83 -0.79 -0.79 -0.81 -0.84 -0.93 -0.97 -1.06 -1.14 -1.27 -1.69 -1.86 -1.88 -1.93 -1.93 -1.92 -1.89 -1.87 -1.86 -1.55 -1.34 -1.15 -1.01 -1.01 -0.82 -0.29 0.47 1.09 1.21 1.30 0.05 0.03 0.02 1.42 1.99 2.21 2.48 2.52 4.31 4.30 1.31 1.16 0.93 0.17 0.16 0.26 0.85 2.11 2.51 3.65 4.23 4.22 3.71 2.63 2.21 2.67 1.95 0.11 0.00 0.00 0.00 0.00 0.00 0.00 0.00 0.00 0.00 0.00 0.00 0.00 0.00 0.00
-1.42 -1.37 -1.31 -1.25 -1.19 -1.13 -1.06 -0.95 -0.88 -0.83 -0.79 -0.79 -0.81 -0.86 -0.93 -1.00 -1.11 -1.17 -1.36 -1.94 -1.93 -1.92 -1.91 -1.93 -1.91 -1.88 -1.84 -1.78 -1.42 -1.23 -1.02 -0.90 -0.89 -0.80 -0.31 -0.21 1.15 1.27 1.29 0.00 0.02 0.00 1.15 2.07 2.31 2.32 3.10 4.32 4.32 1.18 1.09 0.85 0.19 0.18 0.24 1.46 2.68 3.81 4.23 4.21 4.22 4.03 3.20 2.41 2.30 2.12 2.30 2.43 0.29 0.00 0.00 0.00 0.00 0.00 0.00 0.00 0.00 0.00 0.00 0.00 0.00
-1.41 -1.36 -1.31 -1.25 -1.19 -1.13 -1.07 -0.96 -0.85 -0.81 -0.80 -0.79 -0.81 -0.87 -0.95 -1.07 -1.16 -1.27 -1.66 -1.95 -2.00 -1.98 -1.93 -1.92 -1.91 -1.87 -1.81 -1.72 -1.36 -1.15 -0.92 -0.84 -0.80 -0.72 -0.34 0.69 1.22 1.33 0.85 0.00 0.05 0.15 1.33 2.04 2.39 2.34 3.91 4.33 4.33 1.41 1.10 0.74 0.16 0.22 0.49 2.12 3.80 4.25 3.13 2.39 3.63 4.24 3.03 2.42 2.32 2.05 2.19 1.39 0.00 0.00 0.00 0.00 0.00 0.00 0.00 0.00 0.00 0.00 0.00 0.00 0.00
-1.40 -1.35 -1.30 -1.25 -1.19 -1.13 -1.07 -1.00 -0.91 -0.83 -0.81 -0.81 -0.82 -0.88 -0.97 -1.07 -1.15 -1.28 -1.64 -1.86 -1.89 -1.83 -1.83 -1.86 -1.87 -1.85 -1.78 -1.66 -1.44 -1.07 -0.82 -0.83 -0.74 -0.65 -0.31 -0.24 1.30 1.38 0.78 0.00 0.17 0.41 1.63 2.06 2.35 2.34 4.35 4.34 3.51 1.42 1.09 1.09 0.91 0.46 1.19 2.15 3.01 3.66 3.05 2.92 3.66 4.25 3.02 2.30 2.34 2.15 2.05 0.00 0.00 0.00 0.00 0.00 0.00 0.00 0.00 0.00 0.00 0.00 0.00 0.00 0.00
-1.37 -1.31 -1.27 -1.22 -1.17 -1.11 -1.06 -1.00 -0.91 -0.85 -0.84 -0.84 -0.85 -0.89 -0.92 -0.96 -0.99 -1.16 -1.48 -1.70 -1.78 -1.80 -1.74 -1.75 -1.78 -1.80 -1.71 -1.61 -1.42 -0.96 -0.76 -0.75 -0.69 -0.53 -0.20 1.00 1.39 1.37 0.05 0.00 0.00 0.78 2.40 2.27 2.30 2.25 4.36 4.36 2.35 1.35 1.09 1.10 1.07 0.56 1.55 2.17 2.22 2.33 2.28 2.44 2.73 4.27 3.07 2.23 1.58 1.09 0.77 0.00 0.00 0.00 0.00 0.00 0.00 0.00 0.00 0.00 0.00 0.00 0.00 0.00 0.00
-1.34 -1.28 -1.24 -1.20 -1.15 -1.10 -1.05 -1.00 -0.90 -0.88 -0.87 -0.86 -0.84 -0.83 -0.82 -0.86 -0.92 -1.16 -1.47 -1.67 -1.77 -1.78 -1.73 -1.71 -1.69 -1.69 -1.66 -1.56 -1.33 -0.86 -0.75 -0.70 -0.62 -0.45 -0.29 0.82 1.41 1.42 0.04 0.01 0.10 1.81 2.48 2.21 2.26 2.24 4.37 1.77 1.43 1.30 1.14 1.14 0.91 0.72 1.81 2.14 2.16 2.18 2.14 2.40 3.06 4.27 2.68 1.98 0.00 0.00 0.00 0.00 0.00 0.00 0.00 0.00 0.00 0.00 0.00 0.00 0.00 0.00 0.00 0.00 0.00
-1.35 -1.26 -1.21 -1.17 -1.13 -1.09 -1.05 -1.01 -0.93 -0.90 -0.87 -0.83 -0.78 -0.79 -0.81 -0.87 -0.94 -1.22 -1.51 -1.69 -1.81 -1.86 -1.80 -1.76 -1.72 -1.64 -1.52 -1.46 -1.25 -0.84 -0.75 -0.66 -0.46 -0.25 -0.17 0.98 1.31 0.36 0.01 0.00 1.05 1.98 2.30 2.40 2.26 2.23 4.39 1.60 1.39 1.23 1.12 1.18 0.80 1.05 1.96 2.25 2.22 2.08 2.02 2.98 4.28 3.57 2.25 0.77 0.00 0.00 0.00 0.00 0.00 0.00 0.00 0.00 0.00 0.00 0.00 0.00 0.00 0.00 0.00 0.00 0.00
-1.34 -1.25 -1.20 -1.16 -1.13 -1.09 -1.06 -1.02 -0.93 -0.88 -0.83 -0.79 -0.79 -0.80 -0.84 -0.92 -1.02 -1.28 -1.56 -1.70 -1.82 -1.90 -1.85 -1.82 -1.79 -1.69 -1.54 -1.44 -1.18 -0.89 -0.71 -0.67 -0.33 -0.21 -0.17 1.08 1.28 0.04 0.00 0.00 1.08 2.15 2.18 2.32 3.01 2.99 4.41 3.49 1.26 1.21 1.12 1.10 0.75 1.21 1.96 2.30 2.19 2.01 2.15 4.31 3.03 2.28 0.66 0.00 0.00 0.00 0.00 0.00 0.00 0.00 0.00 0.00 0.00 0.00 0.00 0.00 0.00 0.00 0.00 0.00 0.00
-1.35 -1.25 -1.20 -1.16 -1.13 -1.10 -1.06 -1.03 -0.89 -0.83 -0.81 -0.81 -0.82 -0.85 -0.90 -0.97 -1.05 -1.30 -1.58 -1.71 -1.81 -1.88 -1.88 -1.86 -1.84 -1.76 -1.62 -1.47 -1.16 -0.90 -0.73 -0.63 -0.19 -0.14 -0.04 1.12 1.26 0.06 0.00 0.00 1.19 2.16 2.03 2.27 2.60 2.43 4.44 1.40 1.28 1.22 1.11 0.79 0.69 1.18 1.91 2.16 2.12 2.22 2.70 4.36 2.70 2.02 0.00 0.00 0.00 0.00 0.00 0.00 0.00 0.00 0.00 0.00 0.00 0.00 0.00 0.00 0.00 0.00 0.00 0.00 0.00
-1.36 -1.26 -1.21 -1.16 -1.12 -1.08 -1.03 -0.98 -0.83 -0.81 -0.81 -0.82 -0.84 -0.87 -0.92 -0.97 -1.07 -1.31 -1.59 -1.71 -1.80 -1.90 -1.89 -1.87 -1.86 -1.83 -1.70 -1.55 -1.19 -0.93 -0.90 -0.33 -0.11 -0.03 0.13 1.16 1.20 0.02 0.00 0.20 1.88 2.37 2.27 2.35 2.31 2.39 4.46 3.63 1.28 1.29 1.08 0.45 0.65 1.18 1.97 2.14 2.14 2.38 2.58 3.99 2.74 1.88 0.00 0.00 0.00 0.00 0.00 0.00 0.00 0.00 0.00 0.00 0.00 0.00 0.00 0.00 0.00 0.00 0.00 0.00 0.00
-1.39 -1.27 -1.21 -1.15 -1.10 -1.04 -0.98 -0.92 -0.81 -0.80 -0.81 -0.81 -0.84 -0.88 -0.93 -0.99 -1.09 -1.32 -1.61 -1.72 -1.79 -1.89 -1.88 -1.86 -1.86 -1.86 -1.76 -1.73 -1.21 -0.97 -0.91 -0.24 -0.06 0.07 1.00 1.17 0.24 0.00 0.12 0.93 2.01 2.30 2.35 2.42 2.39 2.50 4.47 1.46 1.34 1.40 0.98 1.11 1.33 1.41 2.01 2.23 2.21 2.47 2.54 4.10 4.41 1.46 0.00 0.00 0.00 0.00 0.00 0.00 0.00 0.00 0.00 0.00 0.00 0.00 0.00 0.00 0.00 0.00 0.00 0.00 0.00
-1.39 -1.31 -1.20 -1.13 -1.06 -0.99 -0.92 -0.83 -0.79 -0.79 -0.79 -0.81 -0.84 -0.89 -0.94 -1.01 -1.10 -1.33 -1.61 -1.72 -1.84 -1.87 -1.88 -1.85 -1.87 -1.85 -1.83 -1.86 -1.23 -1.04 -0.88 -0.15 0.03 0.44 1.02 1.07 0.00 0.08 0.50 1.05 1.56 1.95 1.97 1.86 2.16 3.06 4.49 1.53 1.47 1.45 1.03 1.50 1.30 1.51 2.12 2.33 2.17 2.29 2.43 3.57 4.47 0.00 0.00 0.00 0.00 0.00 0.00 0.00 0.00 0.00 0.00 0.00 0.00 0.00 0.00 0.00 0.00 0.00 0.00 0.00 0.00
-1.39 -1.30 -1.19 -1.10 -1.02 -0.93 -0.86 -0.79 -0.77 -0.76 -0.77 -0.79 -0.83 -0.89 -0.95 -1.02 -1.12 -1.35 -1.62 -1.72 -1.83 -1.85 -1.86 -1.87 -1.89 -1.82 -1.95 -1.80 -1.20 -1.04 -1.15 -0.07 0.05 0.55 0.99 0.78 0.02 0.30 1.21 0.94 1.02 1.25 1.31 1.53 2.33 3.87 3.98 1.57 1.52 1.37 1.07 1.36 1.34 1.65 2.14 2.48 2.28 2.31 2.59 4.50 2.38 0.00 0.00 0.00 0.00 0.00 0.00 0.00 0.00 0.00 0.00 0.00 0.00 0.00 0.00 0.00 0.00 0.00 0.00 0.00 0.00
-1.38 -1.29 -1.16 -1.07 -0.97 -0.88 -0.81 -0.75 -0.74 -0.74 -0.76 -0.78 -0.82 -0.89 -0.96 -1.03 -1.14 -1.39 -1.62 -1.72 -1.76 -1.83 -1.85 -1.88 -1.90 -1.82 -2.03 -1.77 -1.16 -1.03 -1.13 -0.09 0.04 0.20 0.94 0.11 0.30 0.36 1.31 0.66 0.36 0.51 1.11 2.00 2.72 4.50 4.50 1.45 1.54 1.34 1.18 1.36 1.50 1.96 2.21 2.28 2.45 2.67 2.88 3.54 1.17 0.00 0.00 0.00 0.00 0.00 0.00 0.00 0.00 0.00 0.00 0.00 0.00 0.00 0.00 0.00 0.00 0.00 0.00 0.00 0.00
-1.37 -1.28 -1.13 -1.03 -0.93 -0.84 -0.73 -0.69 -0.69 -0.70 -0.73 -0.77 -0.82 -0.89 -0.96 -1.03 -1.09 -1.41 -1.62 -1.71 -1.79 -1.81 -1.82 -1.89 -1.89 -1.84 -2.17 -1.62 -1.15 -1.02 -1.04 -0.14 0.02 0.18 0.88 0.09 0.27 0.18 1.36 0.54 0.38 0.58 1.42 2.21 3.01 4.51 3.67 1.33 1.50 1.31 1.36 1.42 1.52 2.07 2.30 2.44 2.90 3.43 3.85 4.55 0.00 0.00 0.00 0.00 0.00 0.00 0.00 0.00 0.00 0.00 0.00 0.00 0.00 0.00 0.00 0.00 0.00 0.00 0.00 0.00 0.00
-1.35 -1.24 -1.08 -0.97 -0.87 -0.79 -0.73 -0.65 -0.66 -0.69 -0.72 -0.77 -0.82 -0.88 -0.97 -1.03 -1.10 -1.43 -1.62 -1.75 -1.77 -1.79 -1.81 -1.88 -1.87 -1.86 -2.32 -1.52 -1.14 -1.04 -1.05 -0.17 0.00 0.67 0.79 0.00 0.09 0.20 1.16 0.39 0.64 1.32 2.04 2.34 4.04 4.52 3.42 1.39 1.58 1.30 1.17 1.38 1.71 2.23 2.47 2.58 3.08 4.37 4.55 3.35 0.00 0.00 0.00 0.00 0.00 0.00 0.00 0.00 0.00 0.00 0.00 0.00 0.00 0.00 0.00 0.00 0.00 0.00 0.00 0.00 0.00
-1.26 -1.17 -1.06 -0.94 -0.85 -0.77 -0.65 -0.63 -0.63 -0.67 -0.71 -0.76 -0.81 -0.88 -0.97 -1.04 -1.11 -1.46 -1.63 -1.72 -1.76 -1.77 -1.80 -1.84 -1.85 -1.87 -2.28 -1.44 -1.17 -1.08 -0.97 -0.15 -0.15 0.71 0.03 0.09 0.04 0.70 1.02 0.37 0.71 1.50 2.17 2.44 4.54 4.53 2.53 1.48 1.65 1.06 0.96 1.34 1.87 2.31 2.61 3.28 4.35 4.51 4.54 4.33 0.00 0.00 0.00 0.00 0.00 0.00 0.00 0.00 0.00 0.00 0.00 0.00 0.00 0.00 0.00 0.00 0.00 0.00 0.00 0.00 0.00
-1.21 -1.12 -1.02 -0.89 -0.83 -0.75 -0.62 -0.60 -0.60 -0.64 -0.69 -0.75 -0.80 -0.89 -0.98 -1.04 -1.13 -1.49 -1.65 -1.73 -1.75 -1.77 -1.79 -1.82 -1.82 -1.96 -1.92 -1.44 -1.22 -1.13 -0.68 -0.25 0.31 0.78 0.04 0.00 0.00 0.81 0.79 0.40 0.77 1.79 2.36 3.06 4.55 4.55 1.53 1.51 1.55 0.79 1.18 1.34 1.70 2.53 3.62 4.40 4.63 4.62 4.61 3.14 1.20 0.00 0.00 0.00 0.00 0.00 0.00 0.00 0.00 0.00 0.00 0.00 0.00 0.00 0.00 0.00 0.00 0.00 0.00 0.00 0.00
-1.16 -1.07 -0.98 -0.87 -0.80 -0.73 -0.66 -0.58 -0.54 -0.55 -0.62 -0.73 -0.79 -0.89 -0.98 -1.04 -1.14 -1.51 -1.64 -1.70 -1.71 -1.73 -1.77 -1.78 -1.81 -1.95 -1.85 -1.44 -1.24 -1.25 -0.59 -0.28 0.45 0.66 0.00 0.05 0.00 0.87 0.63 0.49 1.34 2.15 2.59 3.78 4.57 4.57 1.50 1.53 1.46 0.71 1.21 1.52 2.08 3.16 4.40 4.59 4.63 4.62 3.59 2.65 2.25 0.00 0.00 0.00 0.00 0.00 0.00 0.00 0.00 0.00 0.00 0.00 0.00 0.00 0.00 0.00 0.00 0.00 0.00 0.00 0.00
-1.11 -1.02 -0.93 -0.84 -0.78 -0.71 -0.58 -0.52 -0.48 -0.47 -0.51 -0.61 -0.70 -0.84 -0.93 -0.99 -1.11 -1.39 -1.64 -1.68 -1.68 -1.70 -1.72 -1.74 -1.79 -1.95 -1.82 -1.43 -1.26 -1.28 -0.57 -0.29 -0.18 0.63 0.03 0.17 0.24 0.82 0.68 0.74 2.10 2.54 2.84 3.72 4.58 4.59 1.46 1.50 1.27 0.62 1.29 2.01 2.69 4.45 4.63 4.64 4.63 4.27 3.03 2.40 2.38 1.15 0.00 0.00 0.00 0.00 0.00 0.00 0.00 0.00 0.00 0.00 0.00 0.00 0.00 0.00 0.00 0.00 0.00 0.00 0.00
-1.04 -0.96 -0.88 -0.83 -0.75 -0.69 -0.56 -0.49 -0.43 -0.38 -0.41 -0.56 -0.68 -0.81 -0.94 -1.02 -1.14 -1.49 -1.69 -1.69 -1.69 -1.70 -1.71 -1.71 -1.75 -1.90 -1.85 -1.42 -1.26 -1.28 -0.60 -0.33 -0.08 0.42 0.14 0.22 0.43 1.02 0.68 1.64 2.55 2.74 3.00 4.24 4.60 2.38 1.74 1.73 1.31 0.94 1.54 2.40 3.44 4.55 4.50 4.55 4.55 4.28 4.13 2.42 2.33 2.40 2.19 0.20 0.00 0.00 0.00 0.00 0.00 0.00 0.00 0.00 0.00 0.00 0.00 0.00 0.00 0.00 0.00 0.00 0.00
-1.01 -0.92 -0.86 -0.81 -0.74 -0.68 -0.53 -0.44 -0.35 -0.30 -0.37 -0.54 -0.69 -0.84 -0.98 -1.06 -1.28 -1.56 -1.77 -1.77 -1.76 -1.73 -1.73 -1.72 -1.71 -1.73 -1.93 -1.43 -1.28 -1.40 -0.63 -0.41 -0.06 0.34 0.20 0.17 0.86 0.93 0.89 2.10 2.37 2.47 2.99 4.25 4.61 2.76 1.79 1.62 1.16 1.43 1.88 2.74 4.06 4.36 4.33 4.63 4.59 4.40 2.82 2.56 2.40 2.32 1.80 0.00 0.00 0.00 0.00 0.00 0.00 0.00 0.00 0.00 0.00 0.00 0.00 0.00 0.00 0.00 0.00 0.00 0.00
-0.97 -0.90 -0.84 -0.79 -0.73 -0.68 -0.50 -0.38 -0.30 -0.29 -0.33 -0.54 -0.70 -0.87 -1.00 -1.10 -1.35 -1.61 -1.78 -1.82 -1.80 -1.79 -1.79 -1.77 -1.74 -1.64 -1.81 -1.62 -1.38 -1.34 -0.94 -0.40 0.02 0.02 0.21 0.15 0.97 0.85 1.29 2.26 2.34 2.52 2.48 3.22 4.62 3.76 1.65 1.57 1.47 1.70 2.23 2.83 4.30 4.38 4.65 4.65 4.19 3.90 3.04 2.08 1.97 0.25 0.00 0.00 0.00 0.00 0.00 0.00 0.00 0.00 0.00 0.00 0.00 0.00 0.00 0.00 0.00 0.00 0.00 0.00 0.00
-0.93 -0.87 -0.82 -0.78 -0.73 -0.67 -0.45 -0.34 -0.30 -0.32 -0.38 -0.55 -0.71 -0.89 -1.02 -1.14 -1.45 -1.69 -1.88 -1.88 -1.85 -1.85 -1.82 -1.80 -1.78 -1.69 -1.87 -1.58 -1.31 -1.25 -1.02 -0.29 0.00 0.01 0.21 0.18 0.80 1.01 1.66 2.49 2.45 3.03 2.54 4.15 4.62 4.15 1.68 1.59 1.57 2.09 2.38 2.78 4.18 4.43 4.65 4.19 2.45 1.12 0.00 0.00 0.00 0.00 0.00 0.00 0.00 0.00 0.00 0.00 0.00 0.00 0.00 0.00 0.00 0.00 0.00 0.00 0.00 0.00 0.00 0.00 0.00
-0.88 -0.83 -0.79 -0.76 -0.71 -0.64 -0.41 -0.34 -0.33 -0.39 -0.43 -0.57 -0.74 -0.92 -1.05 -1.22 -1.52 -1.74 -1.85 -1.92 -1.90 -1.89 -1.86 -1.86 -1.84 -1.75 -2.06 -1.52 -1.26 -1.16 -0.95 -0.03 0.04 0.16 0.17 0.35 0.38 1.07 1.94 2.59 3.00 3.55 3.51 4.23 4.63 4.26 1.57 1.55 2.00 2.36 2.72 3.86 4.39 4.55 3.93 1.76 0.00 0.00 0.00 0.00 0.00 0.00 0.00 0.00 0.00 0.00 0.00 0.00 0.00 0.00 0.00 0.00 0.00 0.00 0.00 0.00 0.00 0.00 0.00 0.00 0.00
-0.80 -0.77 -0.74 -0.70 -0.66 -0.45 -0.39 -0.38 -0.39 -0.42 -0.45 -0.60 -0.77 -0.94 -1.08 -1.29 -1.59 -1.79 -1.95 -1.96 -1.95 -1.94 -1.92 -1.92 -1.91 -1.86 -2.05 -1.40 -1.28 -1.06 -0.83 0.35 0.10 0.20 0.09 0.21 0.35 1.84 2.42 2.68 2.54 3.51 3.28 3.37 4.63 3.42 1.69 2.30 2.75 3.01 4.04 4.39 4.50 4.62 3.05 0.52 0.00 0.00 0.00 0.00 0.00 0.00 0.00 0.00 0.00 0.00 0.00 0.00 0.00 0.00 0.00 0.00 0.00 0.00 0.00 0.00 0.00 0.00 0.00 0.00 0.00
-0.60 -0.59 -0.61 -0.61 -0.47 -0.41 -0.40 -0.40 -0.42 -0.44 -0.47 -0.62 -0.79 -0.98 -1.13 -1.37 -1.64 -1.83 -1.99 -2.01 -2.02 -2.00 -1.97 -2.00 -2.02 -2.30 -1.63 -1.29 -1.24 -0.95 -0.69 0.70 0.00 0.24 0.37 0.36 0.87 2.21 2.51 2.48 2.55 2.51 2.55 2.89 2.13 1.68 2.10 2.56 3.14 3.46 4.18 4.35 4.43 4.44 2.45 0.00 0.00 0.00 0.00 0.00 0.00 0.00 0.00 0.00 0.00 0.00 0.00 0.00 0.00 0.00 0.00 0.00 0.00 0.00 0.00 0.00 0.00 0.00 0.00 0.00 0.00
-0.48 -0.45 -0.46 -0.47 -0.47 -0.38 -0.40 -0.42 -0.44 -0.45 -0.48 -0.57 -0.82 -1.01 -1.18 -1.45 -1.69 -1.86 -2.02 -2.05 -2.07 -2.06 -2.02 -2.07 -2.20 -2.69 -1.37 -1.21 -1.15 -0.86 -0.53 0.99 0.00 0.19 0.45 0.49 1.27 2.27 2.48 2.48 2.43 2.49 2.52 3.25 1.65 2.34 2.38 2.45 2.69 3.13 3.98 4.38 4.42 4.31 2.98 0.00 0.00 0.00 0.00 0.00 0.00 0.00 0.00 0.00 0.00 0.00 0.00 0.00 0.00 0.00 0.00 0.00 0.00 0.00 0.00 0.00 0.00 0.00 0.00 0.00 0.00
-0.45 -0.37 -0.32 -0.30 -0.29 -0.33 -0.40 -0.44 -0.45 -0.46 -0.50 -0.59 -0.83 -1.04 -1.24 -1.53 -1.75 -1.99 -2.03 -2.08 -2.09 -2.10 -2.13 -2.27 -3.06 -1.86 -1.26 -1.20 -1.11 -0.79 0.37 0.95 0.00 0.03 0.42 0.67 1.60 2.22 2.42 2.41 2.41 2.44 2.61 3.46 1.85 2.36 2.41 2.39 2.63 2.84 2.91 3.64 4.36 4.25 3.27 0.00 0.00 0.00 0.00 0.00 0.00 0.00 0.00 0.00 0.00 0.00 0.00 0.00 0.00 0.00 0.00 0.00 0.00 0.00 0.00 0.00 0.00 0.00 0.00 0.00 0.00
-0.42 -0.35 -0.27 -0.17 -0.11 -0.27 -0.38 -0.45 -0.46 -0.48 -0.53 -0.60 -0.86 -1.07 -1.34 -1.67 -1.85 -2.03 -2.06 -2.08 -2.12 -2.20 -2.32 -2.61 -2.95 -1.64 -1.24 -1.19 -1.07 -0.73 0.47 0.83 0.04 0.00 0.25 0.92 1.57 2.00 2.30 2.35 2.33 2.51 2.89 2.97 2.08 2.35 2.39 2.40 2.55 2.80 2.75 2.92 4.27 4.10 3.16 0.00 0.00 0.00 0.00 0.00 0.00 0.00 0.00 0.00 0.00 0.00 0.00 0.00 0.00 0.00 0.00 0.00 0.00 0.00 0.00 0.00 0.00 0.00 0.00 0.00 0.00
-0.40 -0.32 -0.25 -0.13 0.03 -0.14 -0.31 -0.40 -0.46 -0.50 -0.56 -0.63 -0.90 -1.09 -1.44 -1.77 -1.91 -1.99 -2.07 -2.14 -2.27 -2.41 -2.50 -2.86 -2.47 -1.54 -1.28 -1.17 -1.08 -0.63 0.58 0.77 0.05 0.00 0.28 0.89 1.53 1.61 2.10 2.25 2.32 2.56 3.19 1.55 2.09 2.32 2.43 2.45 2.44 2.57 2.71 2.90 4.31 4.46 3.49 1.72 0.06 0.13 0.00 0.00 0.00 0.00 0.00 0.00 0.00 0.00 0.00 0.00 0.00 0.00 0.00 0.00 0.00 0.00 0.00 0.00 0.00 0.00 0.00 0.00 0.00
-0.37 -0.27 -0.18 -0.07 0.13 0.10 -0.09 -0.32 -0.45 -0.52 -0.57 -0.65 -0.90 -1.12 -1.56 -1.84 -1.96 -2.03 -2.19 -2.33 -2.41 -2.50 -2.56 -3.08 -2.07 -1.46 -1.23 -1.17 -1.08 -0.50 0.07 0.60 0.05 0.02 0.52 0.96 1.55 1.50 1.79 2.11 2.26 2.80 3.53 1.40 1.93 2.21 2.34 2.43 3.32 3.49 3.45 3.79 4.54 4.36 3.73 3.45 2.55 2.41 1.86 0.16 0.00 0.00 0.00 0.00 0.00 0.00 0.00 0.00 0.00 0.00 0.00 0.00 0.00 0.00 0.00 0.00 0.00 0.00 0.00 0.00 0.00
