tsunami_inundation/3570.asc
ncols        89
nrows        96
xllcorner    425855.973699999973
yllcorner    5091051.504999999888
cellsize     55.000000000000
NODATA_value  -9999.00
[rows 0 to 35 of 96, columns 0 to 80 of 89]
-9999.00 -1.73 -1.68 -1.62 -1.52 -1.46 -1.37 -1.33 -1.31 -1.25 -1.20 -1.13 -1.04 -0.94 -0.76 -0.68 -0.59 -0.25 -0.21 -0.18 -0.18 -0.17 -0.17 -0.20 -0.31 -0.44 -0.55 -0.63 -0.69 -0.73 -0.82 -0.89 -1.00 -0.92 -0.57 -0.19 -0.00 0.16 0.32 0.54 1.01 0.08 0.00 0.28 0.23 0.01 0.01 0.00 0.04 1.39 3.20 3.49 3.50 3.50 3.51 3.51 3.52 3.53 3.53 1.62 2.31 2.43 2.03 1.48 0.02 0.00 0.27 1.53 2.42 2.63 2.03 1.97 1.51 1.87 1.55 0.00 0.00 0.00 0.00 0.00 0.00
-9999.00 -1.69 -1.62 -1.54 -1.49 -1.42 -1.31 -1.28 -1.22 -1.19 -1.18 -1.12 -1.05 -0.95 -0.77 -0.69 -0.41 -0.28 -0.25 -0.23 -0.22 -0.19 -0.19 -0.23 -0.34 -0.49 -0.61 -0.68 -0.75 -0.78 -0.84 -0.93 -1.05 -0.89 -0.51 -0.14 0.04 0.19 0.33 0.49 1.01 0.07 0.02 0.05 0.27 0.15 0.05 0.03 1.70 3.14 3.49 3.49 3.49 3.50 3.50 3.50 3.51 3.52 3.52 1.69 2.33 2.51 2.33 1.50 0.00 0.01 0.25 1.84 2.57 2.70 2.18 1.55 1.56 1.75 1.62 0.00 0.00 0.00 0.00 0.00 0.00
-9999.00 -1.66 -1.54 -1.49 -1.45 -1.40 -1.33 -1.23 -1.18 -1.16 -1.13 -1.11 -1.04 -0.97 -0.79 -0.61 -0.46 -0.32 -0.29 -0.27 -0.26 -0.23 -0.23 -0.26 -0.38 -0.54 -0.66 -0.72 -0.75 -0.78 -0.85 -0.98 -1.10 -0.81 -0.44 -0.19 0.09 0.23 0.34 0.45 0.86 0.00 0.00 0.00 0.07 0.26 0.15 1.39 2.96 3.48 3.48 3.48 3.49 3.49 3.49 3.50 3.51 3.51 3.31 2.02 2.24 2.63 2.49 1.43 0.44 0.01 0.47 1.92 2.34 2.80 2.40 1.14 1.21 1.54 0.00 0.00 0.00 0.00 0.00 0.00 0.00
-9999.00 -1.64 -1.50 -1.45 -1.41 -1.37 -1.32 -1.21 -1.15 -1.12 -1.10 -1.08 -1.04 -0.98 -0.82 -0.71 -0.51 -0.35 -0.33 -0.31 -0.32 -0.29 -0.27 -0.30 -0.41 -0.59 -0.73 -0.79 -0.79 -0.80 -0.87 -1.06 -1.11 -0.75 -0.40 -0.16 0.11 0.25 0.35 0.46 0.76 0.15 0.00 0.01 0.01 0.07 0.08 2.32 3.38 3.47 3.48 3.48 3.48 3.48 3.48 3.49 3.50 3.51 3.40 2.48 2.34 2.65 2.45 1.33 0.46 0.70 1.43 2.28 2.67 2.92 2.56 1.35 1.35 1.25 0.00 0.00 0.00 0.00 0.00 0.00 0.00
-9999.00 -1.62 -1.48 -1.42 -1.38 -1.34 -1.30 -1.20 -1.13 -1.09 -1.07 -1.06 -1.03 -0.98 -0.92 -0.71 -0.65 -0.56 -0.45 -0.39 -0.45 -0.38 -0.35 -0.36 -0.47 -0.65 -0.77 -0.83 -0.84 -0.84 -0.90 -1.11 -1.09 -0.70 -0.37 -0.15 0.13 0.27 0.37 0.46 0.76 0.55 0.01 0.01 0.01 0.00 1.13 2.85 3.46 3.46 3.46 3.47 3.47 3.47 3.47 3.47 3.48 3.50 3.51 3.01 2.57 3.05 2.37 1.31 0.21 0.71 1.42 2.01 2.63 3.00 2.65 1.39 1.47 0.45 0.00 0.00 0.00 0.00 0.00 0.00 0.00
-9999.00 -1.60 -1.47 -1.40 -1.35 -1.31 -1.28 -1.19 -1.12 -1.05 -1.02 -1.01 -1.00 -0.98 -0.94 -0.74 -0.70 -0.67 -0.53 -0.49 -0.49 -0.51 -0.41 -0.41 -0.55 -0.73 -0.84 -0.86 -0.87 -0.88 -0.94 -1.12 -1.06 -0.66 -0.34 -0.13 0.15 0.29 0.39 0.48 0.73 0.46 0.01 0.01 0.01 0.00 1.54 3.20 3.45 3.46 3.45 3.45 3.45 3.45 3.46 3.46 3.47 3.49 3.51 3.53 3.55 3.49 3.13 2.23 0.22 0.67 1.53 2.12 2.73 3.10 2.75 1.44 1.44 0.00 0.00 0.00 0.00 0.00 0.00 0.00 0.00
-9999.00 -1.52 -1.46 -1.38 -1.32 -1.27 -1.24 -1.20 -1.11 -1.04 -0.99 -0.98 -0.97 -0.97 -0.95 -0.77 -0.75 -0.76 -0.66 -0.54 -0.53 -0.55 -0.54 -0.53 -0.61 -0.78 -0.88 -0.89 -0.91 -0.92 -0.96 -1.10 -1.02 -0.64 -0.34 -0.13 0.16 0.30 0.40 0.50 0.72 0.05 0.01 0.02 0.02 0.00 0.95 2.76 3.44 3.45 3.45 3.44 3.44 3.44 3.44 3.45 3.46 3.48 3.51 3.54 3.57 3.59 3.45 3.15 1.86 0.77 1.62 2.18 2.71 3.16 2.87 1.64 1.46 0.00 0.00 0.00 0.00 0.00 0.00 0.00 0.00
-9999.00 -1.51 -1.45 -1.37 -1.30 -1.25 -1.21 -1.18 -1.10 -1.03 -0.97 -0.95 -0.95 -0.96 -0.95 -0.80 -0.78 -0.81 -0.80 -0.62 -0.57 -0.58 -0.59 -0.59 -0.67 -0.83 -0.94 -0.97 -0.98 -0.98 -1.00 -1.05 -1.03 -0.73 -0.35 -0.12 0.08 0.31 0.42 0.56 0.88 1.14 0.01 0.01 0.03 0.00 1.17 2.69 3.43 3.44 3.44 3.44 3.43 3.43 3.43 3.44 3.45 3.46 2.22 2.59 3.58 3.61 3.63 3.65 3.67 2.56 1.61 2.23 2.77 3.21 3.06 2.22 2.12 0.00 0.00 0.00 0.00 0.00 0.00 0.00 0.00
-9999.00 -1.50 -1.44 -1.37 -1.30 -1.23 -1.19 -1.16 -1.09 -1.03 -0.97 -0.93 -0.92 -0.94 -0.95 -0.83 -0.80 -0.83 -0.89 -0.80 -0.63 -0.60 -0.62 -0.64 -0.76 -0.90 -1.01 -1.04 -1.04 -1.02 -1.01 -1.05 -1.05 -0.80 -0.42 -0.12 0.10 0.33 0.46 0.60 0.90 0.02 0.05 0.00 0.03 0.35 1.72 2.94 3.45 3.45 3.45 3.44 3.43 3.42 3.42 3.42 3.43 3.45 1.25 1.17 2.19 3.63 3.64 3.66 3.68 3.70 1.85 2.33 2.65 3.25 3.33 2.89 2.64 0.00 0.00 0.00 0.00 0.00 0.00 0.00 0.00
-9999.00 -1.56 -1.43 -1.37 -1.30 -1.23 -1.17 -1.14 -1.08 -1.03 -0.96 -0.91 -0.89 -0.91 -0.94 -0.86 -0.82 -0.84 -0.95 -0.99 -0.89 -0.71 -0.65 -0.70 -0.83 -0.95 -1.04 -1.07 -1.06 -1.03 -1.01 -1.04 -1.06 -0.84 -0.42 -0.10 0.13 0.37 0.49 0.62 0.90 0.36 0.00 0.00 0.18 1.19 2.65 3.44 3.49 3.51 3.51 3.46 3.43 3.41 3.40 3.41 3.42 2.07 0.80 1.28 1.69 2.19 1.95 2.11 3.65 3.72 2.25 2.21 2.83 3.33 3.21 2.82 2.58 0.00 0.00 0.00 0.00 0.00 0.00 0.00 0.00
-9999.00 -1.60 -1.43 -1.37 -1.30 -1.23 -1.17 -1.12 -1.07 -1.02 -0.96 -0.90 -0.87 -0.87 -0.91 -0.89 -0.84 -0.85 -0.95 -1.04 -1.05 -0.91 -0.73 -0.72 -0.87 -1.02 -1.08 -1.11 -1.09 -1.06 -1.02 -1.05 -1.07 -0.83 -0.39 -0.06 0.17 0.43 0.58 0.69 0.93 2.14 2.24 1.46 1.04 2.44 3.30 3.41 3.47 3.51 3.53 3.55 3.49 3.42 3.38 3.38 2.47 0.86 1.19 1.70 1.78 1.83 1.73 1.73 3.27 3.73 2.68 2.36 2.92 3.39 3.37 2.83 2.87 1.33 0.00 0.00 0.00 0.00 0.00 0.00 0.00
-9999.00 -1.61 -1.43 -1.37 -1.31 -1.24 -1.17 -1.11 -1.06 -1.01 -0.95 -0.90 -0.85 -0.84 -0.91 -0.90 -0.85 -0.85 -0.94 -1.06 -1.12 -1.11 -0.95 -0.77 -0.89 -1.06 -1.12 -1.13 -1.11 -1.07 -1.05 -1.09 -1.10 -0.77 -0.33 -0.02 0.20 0.39 0.66 0.80 0.98 2.20 2.49 2.73 3.01 3.18 3.26 3.30 3.34 3.37 3.41 3.46 3.54 3.41 3.37 3.36 1.94 0.55 0.83 1.77 1.86 2.04 1.92 1.93 2.99 3.74 3.11 2.71 3.15 3.45 3.29 2.75 2.97 2.62 1.32 0.00 0.00 0.00 0.00 0.00 0.00
-1.62 -1.51 -1.44 -1.37 -1.32 -1.25 -1.18 -1.11 -1.05 -0.99 -0.95 -0.90 -0.85 -0.84 -0.90 -0.90 -0.86 -0.85 -0.94 -1.07 -1.16 -1.20 -1.18 -0.94 -0.96 -1.07 -1.16 -1.16 -1.14 -1.12 -1.12 -1.17 -1.12 -0.68 -0.24 0.07 0.26 0.45 0.79 0.98 1.63 2.19 2.51 2.75 3.03 3.16 3.22 3.25 3.30 3.34 3.37 3.42 3.52 3.46 3.39 3.29 1.04 0.55 0.98 1.71 1.80 1.83 1.79 1.83 2.68 3.75 2.30 2.55 3.05 3.51 3.38 2.64 2.76 2.60 2.83 1.72 0.00 0.00 0.00 0.00 0.00
-1.63 -1.52 -1.45 -1.38 -1.32 -1.26 -1.19 -1.11 -1.05 -0.98 -0.94 -0.89 -0.84 -0.81 -0.87 -0.90 -0.86 -0.86 -0.94 -1.09 -1.18 -1.25 -1.27 -1.23 -1.16 -1.13 -1.16 -1.19 -1.17 -1.16 -1.25 -1.29 -1.07 -0.53 -0.14 0.10 0.28 0.51 0.92 1.26 1.48 2.11 2.47 2.73 2.97 3.12 3.17 3.21 3.25 3.30 3.34 3.40 3.49 3.52 3.42 2.26 0.75 0.59 1.60 1.75 1.86 1.75 1.73 1.90 2.56 3.76 2.23 2.07 2.77 3.78 3.29 2.67 2.60 2.62 2.89 2.78 2.49 1.84 0.00 0.00 0.00
-1.64 -1.53 -1.45 -1.38 -1.31 -1.26 -1.20 -1.12 -1.04 -0.96 -0.92 -0.88 -0.83 -0.79 -0.85 -0.89 -0.87 -0.86 -0.94 -1.10 -1.22 -1.28 -1.32 -1.35 -1.48 -1.47 -1.32 -1.18 -1.17 -1.15 -1.26 -1.42 -1.02 -0.46 -0.09 0.13 0.29 0.60 1.04 1.35 1.54 1.90 2.38 2.70 2.88 3.05 3.13 3.17 3.20 3.26 3.32 3.38 3.51 3.52 3.44 1.59 0.45 0.91 1.67 1.77 1.77 1.81 2.15 1.88 2.57 3.78 1.89 2.50 2.89 3.80 3.11 2.58 2.55 2.48 2.67 2.52 2.18 1.89 1.70 0.20 0.00
-1.65 -1.58 -1.46 -1.38 -1.31 -1.25 -1.20 -1.12 -1.04 -0.95 -0.91 -0.87 -0.82 -0.77 -0.82 -0.88 -0.89 -0.88 -0.93 -1.12 -1.25 -1.31 -1.35 -1.37 -1.51 -1.55 -1.50 -1.22 -1.17 -1.17 -1.27 -1.74 -1.04 -0.46 -0.10 0.09 0.31 0.69 1.14 1.30 1.59 1.82 2.24 2.63 2.82 2.96 3.05 3.14 3.16 3.23 3.30 3.36 3.42 3.50 3.33 1.60 0.00 1.14 1.72 1.77 1.70 1.85 1.84 1.73 2.72 2.06 2.29 3.09 3.81 3.81 3.41 2.50 2.38 2.38 2.55 2.51 2.05 1.68 1.84 0.52 0.12
-1.65 -1.58 -1.46 -1.38 -1.30 -1.25 -1.19 -1.12 -1.05 -0.97 -0.89 -0.86 -0.81 -0.76 -0.80 -0.88 -0.90 -0.89 -0.93 -1.12 -1.26 -1.33 -1.36 -1.38 -1.50 -1.54 -1.53 -1.43 -1.36 -1.37 -1.51 -1.93 -1.09 -0.51 -0.16 0.04 0.34 0.77 1.09 1.38 1.68 1.89 2.21 2.56 2.76 2.88 2.95 3.06 3.13 3.20 3.26 3.33 3.40 3.48 2.78 1.52 0.22 1.58 1.97 1.93 2.16 1.99 2.02 1.90 3.06 2.05 2.23 2.89 3.82 3.82 3.82 2.55 2.44 2.23 2.58 2.49 2.05 1.70 1.54 0.90 0.20
-1.64 -1.57 -1.45 -1.37 -1.30 -1.23 -1.18 -1.12 -1.05 -0.98 -0.89 -0.85 -0.81 -0.78 -0.78 -0.87 -0.91 -0.91 -0.93 -1.11 -1.26 -1.34 -1.36 -1.39 -1.51 -1.54 -1.56 -1.53 -1.52 -1.53 -1.61 -2.02 -1.11 -0.52 -0.18 0.05 0.43 0.86 1.17 1.46 1.78 1.98 2.18 2.40 2.61 2.74 2.88 3.00 3.12 3.19 3.25 3.32 3.44 3.45 2.40 1.07 0.67 1.76 1.92 2.12 2.23 1.90 1.96 2.10 3.72 2.64 2.39 3.03 3.82 3.82 3.72 2.43 3.03 2.40 2.97 2.76 2.39 1.78 1.54 0.63 0.00
-1.62 -1.55 -1.44 -1.36 -1.29 -1.22 -1.17 -1.11 -1.05 -0.98 -0.89 -0.85 -0.82 -0.76 -0.78 -0.86 -0.91 -0.91 -0.92 -1.09 -1.25 -1.34 -1.37 -1.41 -1.54 -1.56 -1.58 -1.60 -1.58 -1.57 -1.63 -2.08 -1.12 -0.49 -0.17 0.10 0.56 0.97 1.25 1.68 1.81 1.98 2.16 2.34 2.45 2.54 2.43 2.81 3.15 3.22 3.26 3.31 3.37 3.42 2.77 0.66 0.71 1.59 1.54 2.15 2.00 2.01 2.33 3.23 3.83 2.00 2.70 3.38 3.82 3.83 3.79 2.77 3.19 2.34 2.86 2.42 2.15 1.89 1.48 0.00 0.00
-1.61 -1.53 -1.45 -1.34 -1.28 -1.21 -1.16 -1.11 -1.05 -0.98 -0.89 -0.85 -0.82 -0.77 -0.77 -0.84 -0.91 -0.92 -0.91 -1.06 -1.24 -1.35 -1.40 -1.45 -1.55 -1.62 -1.66 -1.68 -1.66 -1.64 -1.70 -2.12 -1.08 -0.43 -0.13 0.10 0.61 1.01 1.26 1.56 1.83 1.98 2.12 2.24 2.33 2.09 0.00 1.66 3.04 3.24 3.27 3.29 3.39 3.38 3.32 0.20 0.83 1.53 1.46 1.88 1.98 3.66 3.85 3.84 2.29 1.67 2.44 3.09 3.82 3.83 3.83 3.74 3.14 2.46 2.89 2.45 2.39 2.14 0.00 0.00 0.00
-1.61 -1.52 -1.44 -1.34 -1.27 -1.20 -1.15 -1.10 -1.04 -0.98 -0.91 -0.85 -0.82 -0.78 -0.77 -0.82 -0.91 -0.91 -0.91 -1.03 -1.24 -1.37 -1.45 -1.53 -1.61 -1.66 -1.69 -1.70 -1.69 -1.68 -1.77 -2.15 -1.06 -0.33 -0.11 0.09 0.65 1.01 1.25 1.72 1.83 1.96 2.08 2.16 1.21 0.03 0.01 1.56 2.62 3.21 3.27 3.28 3.34 3.34 3.29 0.02 0.82 1.42 1.45 1.80 2.08 3.85 3.85 3.85 1.98 2.42 2.42 3.28 3.82 3.83 3.83 3.83 3.19 2.05 2.82 2.67 2.53 1.86 0.00 0.00 0.00
-1.62 -1.53 -1.44 -1.33 -1.27 -1.20 -1.13 -1.08 -1.03 -0.98 -0.91 -0.84 -0.79 -0.78 -0.77 -0.80 -0.88 -0.90 -0.90 -1.00 -1.24 -1.40 -1.49 -1.57 -1.65 -1.70 -1.71 -1.72 -1.73 -1.73 -1.84 -2.16 -1.02 -0.30 -0.14 0.15 0.73 1.01 1.40 1.69 1.80 1.92 2.03 2.15 0.11 0.14 0.01 1.20 1.83 2.14 2.63 3.26 3.29 3.30 2.50 0.06 0.01 0.79 1.30 1.93 2.06 3.55 3.85 3.85 2.61 2.37 2.40 3.15 3.83 3.83 3.83 3.80 3.17 2.04 2.82 2.76 2.06 0.00 0.00 0.00 0.00
-1.63 -1.54 -1.45 -1.33 -1.27 -1.20 -1.13 -1.07 -1.02 -0.97 -0.91 -0.82 -0.79 -0.77 -0.76 -0.78 -0.84 -0.89 -0.91 -0.99 -1.24 -1.42 -1.53 -1.61 -1.69 -1.73 -1.72 -1.74 -1.76 -1.79 -1.90 -2.17 -0.99 -0.35 -0.23 0.27 0.79 1.01 1.34 1.61 1.73 1.84 1.92 1.89 0.02 0.02 0.02 1.32 1.29 1.16 1.60 3.25 3.28 3.30 1.59 0.00 0.05 0.17 1.25 1.95 2.03 3.68 3.86 3.85 2.34 2.55 2.57 2.62 3.84 3.84 3.84 3.72 3.41 2.26 2.86 1.79 0.00 0.00 0.00 0.00 0.00
-1.63 -1.54 -1.46 -1.34 -1.27 -1.20 -1.13 -1.07 -1.02 -0.97 -0.91 -0.82 -0.77 -0.76 -0.75 -0.75 -0.82 -0.89 -0.92 -0.99 -1.24 -1.45 -1.56 -1.66 -1.73 -1.76 -1.74 -1.75 -1.79 -1.85 -1.95 -2.16 -0.99 -0.42 -0.31 0.38 0.78 1.00 1.11 1.44 1.66 1.79 1.91 0.05 0.00 0.00 0.28 1.42 1.39 1.25 1.78 3.03 3.31 3.31 0.81 0.00 0.00 0.44 1.51 1.93 2.39 3.87 3.86 2.75 1.97 2.78 2.69 2.76 3.84 3.85 3.85 3.72 3.45 2.40 1.50 0.00 0.00 0.00 0.00 0.00 0.00
-1.62 -1.54 -1.46 -1.38 -1.27 -1.20 -1.14 -1.07 -1.01 -0.96 -0.91 -0.82 -0.76 -0.76 -0.74 -0.74 -0.80 -0.88 -0.92 -0.98 -1.23 -1.51 -1.64 -1.73 -1.80 -1.86 -1.81 -1.76 -1.80 -1.88 -1.98 -2.15 -0.99 -0.58 -0.25 0.49 0.73 0.93 1.15 1.43 1.66 1.78 1.92 0.05 0.00 0.17 1.25 1.42 1.40 1.31 1.95 3.34 3.34 3.35 0.13 0.00 0.03 0.93 1.84 2.03 3.14 3.88 3.15 1.95 1.92 2.67 2.47 2.89 3.85 3.86 3.62 3.86 2.75 2.45 0.00 0.00 0.00 0.00 0.00 0.00 0.00
-1.62 -1.54 -1.46 -1.38 -1.27 -1.20 -1.14 -1.07 -1.01 -0.96 -0.91 -0.86 -0.76 -0.76 -0.74 -0.73 -0.79 -0.87 -0.92 -0.97 -1.23 -1.55 -1.68 -1.76 -1.90 -1.89 -1.85 -1.78 -1.79 -1.82 -1.94 -2.13 -1.60 -0.73 -0.14 0.49 0.70 0.85 0.94 1.49 1.67 1.77 1.73 0.04 0.03 0.81 1.34 1.54 1.52 1.33 1.98 3.38 3.38 3.35 0.02 0.07 0.36 1.49 1.88 2.12 3.30 3.89 3.20 2.04 2.23 2.64 2.25 2.94 3.86 3.86 3.62 3.87 2.95 2.70 0.00 0.00 0.00 0.00 0.00 0.00 0.00
-1.61 -1.53 -1.45 -1.37 -1.26 -1.20 -1.13 -1.07 -1.01 -0.96 -0.92 -0.87 -0.76 -0.76 -0.75 -0.74 -0.78 -0.88 -0.92 -0.96 -1.22 -1.56 -1.69 -1.78 -1.86 -1.92 -1.87 -1.82 -1.80 -1.81 -1.82 -1.81 -1.84 -1.19 -0.03 0.46 0.65 0.76 0.95 1.51 1.66 1.74 1.39 0.01 0.14 1.26 1.30 1.56 1.55 1.43 2.21 3.42 3.41 2.10 0.02 0.00 0.46 1.51 1.72 1.91 3.82 3.91 3.32 1.99 2.21 2.37 2.39 3.17 3.87 3.87 3.87 3.87 3.21 2.74 2.06 0.00 0.00 0.00 0.00 0.00 0.00
-1.60 -1.52 -1.45 -1.37 -1.26 -1.19 -1.13 -1.07 -1.01 -0.96 -0.91 -0.79 -0.76 -0.77 -0.76 -0.75 -0.79 -0.89 -0.92 -0.96 -1.22 -1.58 -1.70 -1.79 -1.94 -1.93 -1.88 -1.83 -1.80 -1.80 -1.80 -1.71 -1.68 -1.26 0.07 0.43 0.55 0.57 1.02 1.47 1.65 1.73 0.49 0.00 0.31 1.41 1.37 1.58 1.60 2.15 3.57 3.54 2.96 0.02 0.07 0.03 0.43 1.25 1.70 2.37 3.92 3.92 3.07 1.97 2.16 1.92 2.13 2.94 3.71 3.76 3.48 3.87 3.87 1.76 0.39 0.00 0.00 0.00 0.00 0.00 0.00
-1.59 -1.51 -1.43 -1.36 -1.26 -1.19 -1.13 -1.07 -1.01 -0.95 -0.91 -0.80 -0.77 -0.77 -0.77 -0.76 -0.80 -0.90 -0.94 -0.96 -1.23 -1.59 -1.71 -1.80 -1.90 -1.94 -1.87 -1.83 -1.81 -1.81 -1.79 -1.68 -1.77 -1.06 0.11 0.41 0.49 0.49 1.30 1.49 1.64 1.23 0.03 0.03 1.30 1.52 1.40 1.59 1.67 2.58 3.67 3.63 1.03 0.00 0.06 0.00 0.54 1.31 1.80 2.96 3.93 3.93 2.79 1.85 2.39 2.10 2.44 3.18 3.01 2.69 2.81 3.88 3.38 0.00 0.00 0.00 0.00 0.00 0.00 0.00 0.00
-1.58 -1.50 -1.43 -1.36 -1.29 -1.19 -1.13 -1.07 -1.01 -0.95 -0.90 -0.81 -0.78 -0.78 -0.79 -0.78 -0.82 -0.92 -0.95 -0.98 -1.26 -1.61 -1.72 -1.81 -1.89 -1.92 -1.87 -1.84 -1.83 -1.83 -1.83 -1.87 -1.66 -1.19 0.11 0.38 0.45 0.74 1.30 1.48 0.33 0.04 0.00 0.24 1.32 1.54 1.39 1.52 1.74 3.03 3.74 3.16 0.23 0.03 0.03 0.00 0.78 1.49 1.98 3.43 3.94 3.94 2.86 1.95 2.58 2.13 2.70 3.45 3.20 2.36 2.20 2.61 2.24 0.00 0.00 0.00 0.00 0.00 0.00 0.00 0.00
-1.57 -1.49 -1.42 -1.35 -1.29 -1.19 -1.12 -1.06 -1.00 -0.94 -0.87 -0.83 -0.78 -0.79 -0.80 -0.80 -0.84 -0.94 -0.97 -1.00 -1.33 -1.65 -1.73 -1.80 -1.90 -1.90 -1.87 -1.84 -1.84 -1.86 -1.95 -1.98 -1.25 -1.12 0.03 0.31 0.40 0.83 1.25 1.42 0.00 0.04 0.00 0.51 1.28 1.59 1.44 1.58 2.47 3.86 3.79 0.69 0.12 0.00 0.04 0.10 1.03 1.55 2.05 3.59 3.95 3.95 3.14 2.41 1.91 2.18 2.90 3.69 2.19 0.00 0.00 0.00 0.00 0.00 0.00 0.00 0.00 0.00 0.00 0.00 0.00
-1.57 -1.49 -1.41 -1.35 -1.28 -1.19 -1.12 -1.06 -1.00 -0.94 -0.86 -0.83 -0.78 -0.79 -0.80 -0.81 -0.87 -0.99 -1.03 -1.07 -1.45 -1.69 -1.74 -1.80 -1.88 -1.89 -1.87 -1.84 -1.84 -1.88 -2.07 -1.73 -1.12 -1.20 -0.00 0.25 0.36 0.91 1.22 1.37 0.03 0.06 0.00 0.37 1.37 1.68 1.55 1.63 2.73 3.93 1.66 0.64 0.29 0.04 0.02 0.82 1.26 1.71 1.95 3.90 3.97 3.87 3.10 2.35 2.10 2.34 2.75 3.57 0.00 0.00 0.00 0.00 0.00 0.00 0.00 0.00 0.00 0.00 0.00 0.00 0.00
-1.55 -1.48 -1.41 -1.34 -1.28 -1.18 -1.11 -1.05 -1.00 -0.94 -0.84 -0.82 -0.77 -0.78 -0.81 -0.82 -0.90 -1.03 -1.07 -1.08 -1.52 -1.71 -1.76 -1.84 -1.87 -1.87 -1.85 -1.83 -1.84 -1.92 -2.09 -1.66 -1.06 -1.03 -0.03 0.19 0.32 0.93 1.21 1.29 0.00 0.02 0.00 0.37 1.51 1.74 1.72 1.77 2.16 4.04 1.03 0.72 0.30 0.05 0.00 0.79 1.49 1.76 2.13 2.86 3.99 3.82 3.12 2.27 2.02 2.23 2.49 2.24 0.00 0.00 0.00 0.00 0.00 0.00 0.00 0.00 0.00 0.00 0.00 0.00 0.00
-1.54 -1.47 -1.40 -1.33 -1.27 -1.17 -1.11 -1.04 -0.98 -0.92 -0.86 -0.81 -0.77 -0.78 -0.83 -0.85 -0.92 -1.06 -1.11 -1.13 -1.57 -1.73 -1.78 -1.86 -1.87 -1.85 -1.84 -1.83 -1.86 -2.00 -1.93 -1.67 -1.06 -0.93 -0.11 0.14 0.41 0.96 1.15 0.02 0.18 0.00 0.08 0.84 1.72 1.87 1.83 1.86 2.22 4.09 0.94 0.72 0.11 0.04 0.03 0.16 1.34 1.80 1.32 2.75 4.02 3.28 2.87 2.04 2.21 2.14 2.03 0.00 0.00 0.00 0.00 0.00 0.00 0.00 0.00 0.00 0.00 0.00 0.00 0.00 0.00
-1.51 -1.45 -1.38 -1.32 -1.26 -1.19 -1.09 -1.02 -0.96 -0.91 -0.85 -0.80 -0.78 -0.79 -0.84 -0.88 -0.94 -1.08 -1.14 -1.17 -1.61 -1.75 -1.80 -1.88 -1.87 -1.84 -1.83 -1.84 -1.87 -1.98 -1.80 -1.67 -1.11 -0.89 -0.74 0.05 0.10 0.98 0.00 0.00 0.08 0.00 0.21 1.06 1.86 1.97 1.92 1.97 2.39 4.14 0.95 0.73 0.11 0.07 0.02 0.09 1.42 1.54 1.16 3.34 4.04 3.15 2.00 2.01 1.93 1.29 0.00 0.00 0.00 0.00 0.00 0.00 0.00 0.00 0.00 0.00 0.00 0.00 0.00 0.00 0.00
-1.48 -1.42 -1.36 -1.30 -1.24 -1.18 -1.08 -1.01 -0.95 -0.90 -0.82 -0.81 -0.81 -0.81 -0.85 -0.90 -0.96 -1.09 -1.16 -1.20 -1.65 -1.77 -1.83 -1.87 -1.87 -1.84 -1.84 -1.84 -1.81 -1.86 -1.87 -1.49 -1.12 -0.90 -0.87 0.01 0.08 1.01 0.88 0.04 0.00 0.04 0.30 1.53 2.03 2.13 2.06 2.14 2.81 4.18 0.98 0.81 0.10 0.08 0.00 0.38 1.10 1.05 1.51 3.64 4.08 2.81 1.88 2.33 2.91 0.00 0.00 0.00 0.00 0.00 0.00 0.00 0.00 0.00 0.00 0.00 0.00 0.00 0.00 0.00 0.00
