tsunami_inundation/3600.asc
ncols        89
nrows        96
xllcorner    425855.973699999973
yllcorner    5091051.504999999888
cellsize     55.000000000000
NODATA_value  -9999.00
[rows 36 to 71 of 96, columns 0 to 80 of 89]
-2.24 -2.17 -2.11 -2.04 -1.97 -1.89 -1.77 -1.70 -1.63 -1.56 -1.43 -1.36 -1.28 -1.18 -1.13 -1.11 -1.12 -1.15 -1.18 -1.24 -1.40 -1.57 -1.73 -2.06 -2.49 -2.55 -2.56 -2.51 -2.42 -2.46 -2.41 -1.84 -1.54 -1.26 -1.07 -0.25 -0.05 0.97 1.04 0.84 0.02 0.08 0.36 1.78 2.13 2.56 2.31 2.12 3.28 4.18 1.00 0.92 0.15 0.11 0.09 0.67 1.03 1.68 2.11 3.84 4.14 2.95 1.94 2.63 2.30 0.00 0.00 0.00 0.00 0.00 0.00 0.00 0.00 0.00 0.00 0.00 0.00 0.00 0.00 0.00 0.00
-2.21 -2.15 -2.10 -2.03 -1.96 -1.89 -1.77 -1.70 -1.62 -1.48 -1.42 -1.36 -1.27 -1.15 -1.10 -1.08 -1.11 -1.15 -1.19 -1.27 -1.37 -1.60 -2.18 -2.43 -2.51 -2.55 -2.58 -2.57 -2.42 -2.39 -2.14 -1.80 -1.58 -1.27 -1.01 -0.28 -0.05 0.97 1.07 1.11 0.04 0.03 0.50 1.79 2.16 2.76 2.66 2.27 4.09 4.21 1.05 0.94 0.12 0.03 0.24 0.52 1.09 1.96 2.08 4.10 4.17 3.53 3.10 2.83 1.51 0.00 0.00 0.00 0.00 0.00 0.00 0.00 0.00 0.00 0.00 0.00 0.00 0.00 0.00 0.00 0.00
-2.18 -2.12 -2.09 -1.99 -1.92 -1.88 -1.79 -1.69 -1.62 -1.48 -1.41 -1.35 -1.26 -1.13 -1.07 -1.05 -1.08 -1.13 -1.18 -1.27 -1.36 -1.59 -2.31 -2.48 -2.52 -2.56 -2.60 -2.66 -2.39 -2.22 -1.90 -1.75 -1.66 -1.28 -0.97 0.03 0.84 1.01 1.07 0.16 0.00 0.00 0.60 1.82 2.23 2.58 2.26 2.67 4.26 1.34 1.07 0.85 0.10 0.05 0.26 0.33 1.52 2.11 2.28 4.20 4.20 3.78 3.38 2.48 2.03 0.00 0.00 0.00 0.00 0.00 0.00 0.00 0.00 0.00 0.00 0.00 0.00 0.00 0.00 0.00 0.00
-2.16 -2.09 -2.02 -1.96 -1.89 -1.83 -1.77 -1.68 -1.62 -1.46 -1.38 -1.33 -1.25 -1.10 -1.02 -0.97 -0.97 -1.02 -1.08 -1.18 -1.31 -1.55 -2.39 -2.50 -2.53 -2.58 -2.64 -2.74 -2.29 -1.98 -1.77 -1.67 -1.63 -1.28 -0.67 -0.42 0.89 1.06 1.15 0.04 0.00 0.04 0.99 1.88 2.12 2.44 2.30 3.67 4.24 1.32 1.09 0.84 0.13 0.12 0.32 0.50 1.66 2.09 2.62 4.21 4.21 3.81 2.12 2.49 3.18 0.11 0.00 0.00 0.00 0.00 0.00 0.00 0.00 0.00 0.00 0.00 0.00 0.00 0.00 0.00 0.00
-2.14 -2.06 -1.99 -1.93 -1.86 -1.80 -1.75 -1.65 -1.58 -1.50 -1.31 -1.20 -1.10 -1.06 -0.85 -0.83 -0.83 -0.88 -0.95 -1.05 -1.20 -1.46 -2.40 -2.49 -2.56 -2.61 -2.69 -2.72 -2.18 -1.85 -1.66 -1.54 -1.52 -1.07 -0.55 0.38 0.97 1.08 1.16 0.05 0.03 0.01 1.39 1.96 2.19 2.45 2.50 4.29 4.29 1.29 1.14 0.90 0.16 0.17 0.27 0.84 2.11 2.51 3.65 4.23 4.23 3.72 2.64 2.22 2.68 1.97 0.11 0.00 0.00 0.00 0.00 0.00 0.00 0.00 0.00 0.00 0.00 0.00 0.00 0.00 0.00
-2.12 -2.04 -1.96 -1.90 -1.83 -1.77 -1.71 -1.62 -1.53 -1.43 -1.23 -1.15 -1.07 -0.99 -0.88 -0.80 -0.82 -0.87 -0.92 -1.07 -1.19 -1.42 -2.01 -2.48 -2.57 -2.63 -2.66 -2.58 -2.06 -1.77 -1.51 -1.39 -1.36 -1.09 -0.57 -0.54 1.01 1.12 1.14 0.06 0.02 0.00 1.12 2.04 2.29 2.30 3.09 4.30 4.30 1.16 1.07 0.82 0.17 0.18 0.24 1.45 2.68 3.81 4.23 4.21 4.23 4.04 3.21 2.42 2.32 2.13 2.31 2.44 0.28 0.00 0.00 0.00 0.00 0.00 0.00 0.00 0.00 0.00 0.00 0.00 0.00
-2.10 -2.02 -1.94 -1.87 -1.80 -1.73 -1.66 -1.54 -1.36 -1.28 -1.21 -1.14 -1.08 -1.03 -0.95 -0.91 -0.90 -0.94 -1.02 -1.11 -1.23 -1.38 -2.40 -2.47 -2.52 -2.60 -2.61 -2.50 -1.99 -1.70 -1.39 -1.31 -1.26 -1.08 -0.62 0.58 1.05 1.15 0.70 0.00 0.04 0.13 1.30 2.02 2.37 2.33 3.90 4.31 4.31 1.39 1.08 0.72 0.15 0.23 0.47 2.11 3.79 4.25 3.12 2.40 3.64 4.25 3.04 2.43 2.34 2.07 2.20 1.40 0.00 0.00 0.00 0.00 0.00 0.00 0.00 0.00 0.00 0.00 0.00 0.00 0.00
-2.09 -2.01 -1.93 -1.84 -1.76 -1.63 -1.54 -1.46 -1.38 -1.26 -1.20 -1.14 -1.09 -1.04 -0.98 -0.95 -0.95 -0.99 -1.05 -1.14 -1.26 -2.32 -2.51 -2.54 -2.52 -2.46 -2.54 -2.43 -2.09 -1.60 -1.30 -1.30 -1.19 -0.95 -0.60 -0.43 1.10 1.19 0.62 0.00 0.16 0.38 1.60 2.03 2.33 2.32 4.33 4.32 3.50 1.40 1.07 1.08 0.91 0.45 1.18 2.15 3.00 3.65 3.05 2.92 3.66 4.25 3.02 2.31 2.35 2.16 2.07 0.00 0.00 0.00 0.00 0.00 0.00 0.00 0.00 0.00 0.00 0.00 0.00 0.00 0.00
-2.08 -1.99 -1.88 -1.78 -1.67 -1.57 -1.49 -1.42 -1.35 -1.25 -1.20 -1.14 -1.09 -1.05 -1.03 -1.00 -1.00 -1.03 -1.09 -1.18 -1.27 -1.52 -2.53 -2.58 -2.55 -2.47 -2.34 -2.29 -2.04 -1.47 -1.26 -1.25 -1.11 -0.85 -0.32 0.86 1.19 1.23 0.00 0.00 0.00 0.76 2.38 2.25 2.28 2.23 4.34 4.34 2.33 1.34 1.09 1.09 1.06 0.55 1.55 2.17 2.21 2.32 2.28 2.43 2.73 4.27 3.07 2.24 1.60 1.11 0.79 0.00 0.00 0.00 0.00 0.00 0.00 0.00 0.00 0.00 0.00 0.00 0.00 0.00 0.00
-2.06 -1.95 -1.84 -1.72 -1.62 -1.54 -1.46 -1.39 -1.28 -1.24 -1.20 -1.15 -1.10 -1.07 -1.05 -1.04 -1.04 -1.07 -1.13 -1.23 -1.32 -2.36 -2.53 -2.60 -2.58 -2.50 -2.34 -2.15 -1.89 -1.34 -1.25 -1.21 -0.98 -0.78 -0.58 0.72 1.21 1.29 0.04 0.00 0.08 1.79 2.46 2.19 2.24 2.23 4.35 1.75 1.42 1.29 1.14 1.13 0.90 0.71 1.79 2.14 2.16 2.17 2.13 2.39 3.05 4.27 2.68 1.98 0.00 0.00 0.00 0.00 0.00 0.00 0.00 0.00 0.00 0.00 0.00 0.00 0.00 0.00 0.00 0.00 0.00
-2.07 -1.90 -1.79 -1.69 -1.60 -1.51 -1.44 -1.36 -1.26 -1.23 -1.19 -1.15 -1.11 -1.08 -1.07 -1.07 -1.08 -1.12 -1.20 -1.30 -1.39 -2.24 -2.53 -2.61 -2.64 -2.57 -2.34 -2.16 -1.80 -1.33 -1.26 -1.16 -0.73 -0.52 -0.48 0.88 1.17 0.26 0.01 0.00 1.03 1.97 2.29 2.39 2.24 2.21 4.37 1.58 1.38 1.23 1.12 1.17 0.78 1.04 1.94 2.24 2.21 2.07 2.01 2.96 4.27 3.56 2.24 0.76 0.00 0.00 0.00 0.00 0.00 0.00 0.00 0.00 0.00 0.00 0.00 0.00 0.00 0.00 0.00 0.00 0.00
-2.03 -1.86 -1.76 -1.67 -1.58 -1.50 -1.42 -1.35 -1.24 -1.21 -1.18 -1.15 -1.12 -1.09 -1.09 -1.10 -1.16 -1.22 -1.31 -1.40 -1.48 -2.25 -2.51 -2.60 -2.68 -2.61 -2.37 -2.25 -1.75 -1.45 -1.27 -1.17 -0.58 -0.43 -0.33 0.98 1.17 0.05 0.00 0.00 1.07 2.13 2.17 2.30 2.99 2.97 4.39 3.47 1.26 1.22 1.12 1.09 0.73 1.19 1.95 2.29 2.18 2.00 2.13 4.30 3.01 2.27 0.64 0.00 0.00 0.00 0.00 0.00 0.00 0.00 0.00 0.00 0.00 0.00 0.00 0.00 0.00 0.00 0.00 0.00 0.00
-1.98 -1.84 -1.75 -1.66 -1.58 -1.49 -1.41 -1.34 -1.23 -1.18 -1.16 -1.14 -1.12 -1.11 -1.12 -1.17 -1.22 -1.28 -1.37 -1.45 -1.53 -1.88 -2.49 -2.58 -2.68 -2.67 -2.48 -2.26 -1.76 -1.49 -1.39 -0.94 -0.46 -0.35 -0.09 1.01 1.16 0.06 0.00 0.00 1.18 2.15 2.01 2.25 2.58 2.41 4.42 1.38 1.26 1.22 1.11 0.77 0.68 1.16 1.90 2.14 2.11 2.21 2.68 4.34 2.68 2.00 0.00 0.00 0.00 0.00 0.00 0.00 0.00 0.00 0.00 0.00 0.00 0.00 0.00 0.00 0.00 0.00 0.00 0.00 0.00
-1.95 -1.83 -1.74 -1.66 -1.57 -1.48 -1.41 -1.34 -1.21 -1.17 -1.15 -1.14 -1.13 -1.13 -1.15 -1.19 -1.26 -1.33 -1.42 -1.50 -1.58 -2.25 -2.47 -2.56 -2.65 -2.69 -2.61 -2.30 -1.77 -1.53 -1.42 -0.56 -0.40 -0.30 0.07 1.07 1.11 0.02 0.00 0.19 1.87 2.35 2.24 2.33 2.29 2.37 4.44 3.61 1.26 1.26 1.07 0.43 0.63 1.16 1.96 2.13 2.12 2.37 2.56 3.97 2.72 1.86 0.00 0.00 0.00 0.00 0.00 0.00 0.00 0.00 0.00 0.00 0.00 0.00 0.00 0.00 0.00 0.00 0.00 0.00 0.00
-1.91 -1.80 -1.73 -1.64 -1.56 -1.48 -1.40 -1.34 -1.21 -1.17 -1.15 -1.14 -1.14 -1.16 -1.18 -1.22 -1.30 -1.37 -1.46 -1.55 -1.62 -2.26 -2.45 -2.55 -2.64 -2.69 -2.68 -2.48 -1.76 -1.56 -1.17 -0.50 -0.35 -0.27 0.92 1.07 0.21 0.00 0.09 0.92 1.99 2.28 2.33 2.39 2.37 2.48 4.46 1.45 1.32 1.38 0.96 1.10 1.32 1.39 1.99 2.23 2.20 2.46 2.53 4.09 4.39 1.44 0.00 0.00 0.00 0.00 0.00 0.00 0.00 0.00 0.00 0.00 0.00 0.00 0.00 0.00 0.00 0.00 0.00 0.00 0.00
-1.89 -1.82 -1.71 -1.63 -1.56 -1.48 -1.41 -1.29 -1.22 -1.19 -1.16 -1.16 -1.16 -1.18 -1.21 -1.25 -1.33 -1.41 -1.50 -1.59 -1.94 -2.28 -2.41 -2.55 -2.65 -2.68 -2.73 -2.47 -1.76 -1.63 -1.06 -0.40 -0.26 0.36 0.93 0.96 0.00 0.05 0.48 1.04 1.53 1.93 1.95 1.84 2.14 3.04 4.47 1.52 1.45 1.44 1.02 1.50 1.30 1.51 2.11 2.33 2.16 2.28 2.42 3.56 4.45 0.00 0.00 0.00 0.00 0.00 0.00 0.00 0.00 0.00 0.00 0.00 0.00 0.00 0.00 0.00 0.00 0.00 0.00 0.00 0.00
-1.87 -1.79 -1.69 -1.63 -1.56 -1.49 -1.42 -1.31 -1.24 -1.21 -1.18 -1.17 -1.17 -1.19 -1.22 -1.26 -1.35 -1.43 -1.52 -1.62 -1.99 -2.31 -2.43 -2.56 -2.67 -2.67 -2.88 -2.31 -1.75 -1.62 -1.45 -0.33 -0.27 0.48 0.90 0.71 0.00 0.26 1.19 0.92 1.00 1.22 1.28 1.51 2.31 3.86 3.97 1.56 1.51 1.36 1.08 1.37 1.34 1.66 2.14 2.48 2.28 2.30 2.58 4.49 2.37 0.00 0.00 0.00 0.00 0.00 0.00 0.00 0.00 0.00 0.00 0.00 0.00 0.00 0.00 0.00 0.00 0.00 0.00 0.00 0.00
-1.85 -1.78 -1.69 -1.62 -1.56 -1.50 -1.44 -1.33 -1.28 -1.22 -1.18 -1.16 -1.16 -1.18 -1.19 -1.23 -1.33 -1.41 -1.51 -1.62 -1.71 -2.31 -2.43 -2.58 -2.67 -2.67 -2.98 -2.24 -1.70 -1.62 -1.43 -0.35 -0.29 -0.13 0.86 0.10 0.28 0.33 1.28 0.63 0.34 0.48 1.09 1.99 2.72 4.50 4.50 1.44 1.53 1.34 1.20 1.39 1.51 1.96 2.20 2.27 2.43 2.65 2.87 3.52 1.15 0.00 0.00 0.00 0.00 0.00 0.00 0.00 0.00 0.00 0.00 0.00 0.00 0.00 0.00 0.00 0.00 0.00 0.00 0.00 0.00
-1.85 -1.78 -1.68 -1.62 -1.56 -1.50 -1.39 -1.32 -1.26 -1.18 -1.13 -1.09 -1.09 -1.11 -1.15 -1.21 -1.27 -1.39 -1.50 -1.60 -2.00 -2.29 -2.43 -2.59 -2.66 -2.66 -3.13 -2.05 -1.66 -1.58 -1.60 -0.41 -0.31 -0.06 0.78 0.06 0.24 0.15 1.34 0.51 0.35 0.55 1.41 2.21 3.02 4.53 3.69 1.33 1.52 1.34 1.40 1.44 1.52 2.07 2.28 2.42 2.88 3.41 3.83 4.53 0.00 0.00 0.00 0.00 0.00 0.00 0.00 0.00 0.00 0.00 0.00 0.00 0.00 0.00 0.00 0.00 0.00 0.00 0.00 0.00 0.00
-1.85 -1.79 -1.69 -1.62 -1.55 -1.48 -1.41 -1.28 -1.22 -1.15 -1.10 -1.06 -1.06 -1.08 -1.13 -1.20 -1.27 -1.39 -1.50 -1.71 -2.01 -2.28 -2.40 -2.56 -2.65 -2.65 -3.10 -1.95 -1.64 -1.59 -1.48 -0.42 -0.33 0.60 0.71 0.03 0.06 0.18 1.13 0.36 0.61 1.31 2.05 2.36 4.06 4.55 3.45 1.42 1.62 1.34 1.21 1.40 1.70 2.21 2.44 2.55 3.05 4.34 4.52 3.33 0.00 0.00 0.00 0.00 0.00 0.00 0.00 0.00 0.00 0.00 0.00 0.00 0.00 0.00 0.00 0.00 0.00 0.00 0.00 0.00 0.00
-1.84 -1.78 -1.71 -1.61 -1.52 -1.44 -1.30 -1.25 -1.20 -1.14 -1.10 -1.06 -1.05 -1.07 -1.13 -1.21 -1.29 -1.42 -1.53 -1.62 -2.05 -2.30 -2.41 -2.47 -2.61 -2.70 -2.87 -1.90 -1.67 -1.61 -1.17 -0.41 -0.35 0.65 0.00 0.07 0.02 0.68 1.00 0.34 0.69 1.50 2.19 2.47 4.56 4.56 2.57 1.53 1.70 1.11 0.99 1.35 1.85 2.29 2.58 3.25 4.32 4.48 4.51 4.31 0.00 0.00 0.00 0.00 0.00 0.00 0.00 0.00 0.00 0.00 0.00 0.00 0.00 0.00 0.00 0.00 0.00 0.00 0.00 0.00 0.00
-1.81 -1.75 -1.67 -1.52 -1.48 -1.36 -1.29 -1.25 -1.21 -1.15 -1.11 -1.07 -1.06 -1.07 -1.12 -1.22 -1.31 -1.45 -1.57 -1.66 -2.10 -2.33 -2.42 -2.46 -2.55 -2.82 -2.42 -1.92 -1.74 -1.67 -0.86 -0.46 0.25 0.75 0.04 0.00 0.00 0.80 0.77 0.38 0.78 1.81 2.38 3.08 4.57 4.58 1.59 1.57 1.60 0.83 1.20 1.34 1.68 2.50 3.58 4.36 4.59 4.59 4.59 3.12 1.18 0.00 0.00 0.00 0.00 0.00 0.00 0.00 0.00 0.00 0.00 0.00 0.00 0.00 0.00 0.00 0.00 0.00 0.00 0.00 0.00
-1.75 -1.69 -1.60 -1.46 -1.39 -1.35 -1.33 -1.27 -1.26 -1.22 -1.14 -1.09 -1.07 -1.07 -1.10 -1.21 -1.32 -1.48 -1.63 -1.88 -2.20 -2.40 -2.46 -2.47 -2.55 -2.77 -2.39 -1.93 -1.75 -1.76 -0.75 -0.48 0.39 0.60 0.03 0.04 0.00 0.86 0.62 0.48 1.36 2.18 2.61 3.79 4.59 4.59 1.54 1.56 1.49 0.73 1.21 1.50 2.05 3.12 4.37 4.55 4.59 4.59 3.56 2.63 2.24 0.00 0.00 0.00 0.00 0.00 0.00 0.00 0.00 0.00 0.00 0.00 0.00 0.00 0.00 0.00 0.00 0.00 0.00 0.00 0.00
-1.64 -1.58 -1.49 -1.40 -1.37 -1.35 -1.31 -1.28 -1.26 -1.23 -1.16 -1.13 -1.10 -1.08 -1.09 -1.18 -1.32 -1.45 -1.66 -1.95 -2.26 -2.44 -2.48 -2.49 -2.55 -2.70 -2.39 -1.94 -1.76 -1.78 -0.75 -0.50 -0.21 0.55 0.03 0.16 0.25 0.82 0.68 0.75 2.12 2.56 2.86 3.74 4.59 4.59 1.45 1.50 1.28 0.62 1.27 1.97 2.65 4.41 4.59 4.60 4.59 4.24 2.99 2.37 2.36 1.14 0.00 0.00 0.00 0.00 0.00 0.00 0.00 0.00 0.00 0.00 0.00 0.00 0.00 0.00 0.00 0.00 0.00 0.00 0.00
-1.39 -1.32 -1.29 -1.30 -1.31 -1.31 -1.28 -1.27 -1.25 -1.23 -1.18 -1.14 -1.11 -1.11 -1.11 -1.18 -1.32 -1.49 -1.72 -2.02 -2.33 -2.48 -2.51 -2.51 -2.57 -2.63 -2.45 -1.95 -1.78 -1.79 -0.79 -0.55 -0.16 0.38 0.12 0.23 0.44 1.03 0.69 1.67 2.57 2.76 3.00 4.24 4.60 2.37 1.72 1.71 1.29 0.91 1.50 2.35 3.39 4.50 4.46 4.50 4.51 4.23 4.09 2.38 2.30 2.38 2.17 0.15 0.00 0.00 0.00 0.00 0.00 0.00 0.00 0.00 0.00 0.00 0.00 0.00 0.00 0.00 0.00 0.00 0.00
-1.27 -1.19 -1.16 -1.18 -1.23 -1.24 -1.25 -1.25 -1.24 -1.23 -1.19 -1.15 -1.13 -1.12 -1.13 -1.19 -1.33 -1.50 -1.88 -2.20 -2.46 -2.51 -2.53 -2.54 -2.56 -2.59 -2.65 -1.95 -1.81 -1.81 -0.85 -0.65 -0.11 0.34 0.18 0.18 0.86 0.95 0.92 2.14 2.39 2.47 2.99 4.24 4.61 2.75 1.77 1.60 1.13 1.39 1.83 2.69 4.01 4.31 4.29 4.58 4.54 4.35 2.77 2.52 2.36 2.29 1.78 0.00 0.00 0.00 0.00 0.00 0.00 0.00 0.00 0.00 0.00 0.00 0.00 0.00 0.00 0.00 0.00 0.00 0.00
-1.21 -1.13 -1.09 -1.08 -1.09 -1.13 -1.20 -1.22 -1.22 -1.22 -1.20 -1.16 -1.14 -1.14 -1.15 -1.21 -1.34 -1.53 -1.77 -2.29 -2.52 -2.60 -2.62 -2.63 -2.64 -2.57 -2.91 -1.98 -1.77 -1.78 -1.22 -0.51 0.02 0.02 0.19 0.17 0.98 0.87 1.33 2.28 2.34 2.51 2.47 3.22 4.61 3.75 1.63 1.55 1.45 1.66 2.18 2.78 4.25 4.33 4.61 4.60 4.15 3.85 2.99 2.04 1.92 0.21 0.00 0.00 0.00 0.00 0.00 0.00 0.00 0.00 0.00 0.00 0.00 0.00 0.00 0.00 0.00 0.00 0.00 0.00 0.00
-1.18 -1.12 -1.09 -1.04 -0.99 -1.00 -1.12 -1.17 -1.20 -1.21 -1.20 -1.17 -1.15 -1.15 -1.17 -1.24 -1.38 -1.57 -2.04 -2.42 -2.61 -2.66 -2.66 -2.67 -2.68 -2.63 -2.93 -2.02 -1.80 -1.70 -1.32 -0.32 0.04 0.01 0.20 0.20 0.81 1.04 1.70 2.50 2.45 3.01 2.53 4.14 4.61 4.14 1.66 1.57 1.54 2.05 2.33 2.73 4.13 4.39 4.61 4.14 2.41 1.10 0.00 0.00 0.00 0.00 0.00 0.00 0.00 0.00 0.00 0.00 0.00 0.00 0.00 0.00 0.00 0.00 0.00 0.00 0.00 0.00 0.00 0.00 0.00
-1.15 -1.11 -1.07 -1.03 -0.95 -0.92 -1.00 -1.09 -1.15 -1.17 -1.19 -1.19 -1.18 -1.18 -1.20 -1.27 -1.40 -1.60 -1.79 -2.50 -2.67 -2.70 -2.70 -2.72 -2.72 -2.67 -2.95 -1.99 -1.81 -1.53 -1.19 -0.02 0.04 0.14 0.16 0.36 0.38 1.10 1.97 2.60 2.99 3.54 3.50 4.22 4.62 4.24 1.55 1.53 1.97 2.32 2.67 3.81 4.34 4.50 3.88 1.71 0.00 0.00 0.00 0.00 0.00 0.00 0.00 0.00 0.00 0.00 0.00 0.00 0.00 0.00 0.00 0.00 0.00 0.00 0.00 0.00 0.00 0.00 0.00 0.00 0.00
-1.14 -1.10 -1.05 -0.99 -0.95 -0.85 -0.84 -0.90 -1.01 -1.11 -1.17 -1.19 -1.19 -1.19 -1.23 -1.29 -1.42 -1.63 -2.21 -2.56 -2.71 -2.73 -2.73 -2.76 -2.78 -2.75 -2.52 -1.91 -1.84 -1.44 -1.04 0.35 0.08 0.19 0.08 0.22 0.35 1.85 2.42 2.68 2.53 3.50 3.27 3.36 4.62 3.40 1.66 2.27 2.72 2.98 4.00 4.34 4.45 4.57 3.00 0.47 0.00 0.00 0.00 0.00 0.00 0.00 0.00 0.00 0.00 0.00 0.00 0.00 0.00 0.00 0.00 0.00 0.00 0.00 0.00 0.00 0.00 0.00 0.00 0.00 0.00
-1.11 -1.07 -1.03 -0.97 -0.88 -0.84 -0.81 -0.80 -0.87 -1.01 -1.12 -1.19 -1.20 -1.22 -1.25 -1.31 -1.44 -1.66 -2.31 -2.62 -2.74 -2.76 -2.76 -2.83 -2.87 -3.13 -2.07 -1.80 -1.73 -1.34 -0.88 0.69 0.04 0.23 0.39 0.36 0.86 2.20 2.51 2.47 2.53 2.49 2.53 2.87 2.12 1.67 2.08 2.53 3.11 3.42 4.13 4.30 4.38 4.38 2.41 0.00 0.00 0.00 0.00 0.00 0.00 0.00 0.00 0.00 0.00 0.00 0.00 0.00 0.00 0.00 0.00 0.00 0.00 0.00 0.00 0.00 0.00 0.00 0.00 0.00 0.00
-1.08 -1.05 -1.00 -0.95 -0.90 -0.83 -0.80 -0.77 -0.77 -0.86 -1.02 -1.14 -1.22 -1.24 -1.28 -1.33 -1.46 -1.67 -2.41 -2.68 -2.76 -2.78 -2.80 -2.87 -3.02 -3.05 -1.84 -1.74 -1.59 -1.17 -0.82 0.98 0.05 0.19 0.47 0.48 1.26 2.27 2.48 2.47 2.41 2.47 2.49 3.23 1.63 2.32 2.36 2.41 2.64 3.08 3.93 4.33 4.37 4.26 2.93 0.00 0.00 0.00 0.00 0.00 0.00 0.00 0.00 0.00 0.00 0.00 0.00 0.00 0.00 0.00 0.00 0.00 0.00 0.00 0.00 0.00 0.00 0.00 0.00 0.00 0.00
-1.06 -1.02 -0.98 -0.92 -0.82 -0.79 -0.79 -0.77 -0.74 -0.74 -0.88 -1.06 -1.22 -1.26 -1.31 -1.36 -1.48 -1.94 -2.31 -2.73 -2.82 -2.83 -2.85 -2.95 -3.46 -2.23 -1.77 -1.74 -1.62 -1.06 0.35 0.93 0.00 0.03 0.45 0.66 1.60 2.22 2.42 2.41 2.40 2.42 2.58 3.43 1.83 2.33 2.38 2.35 2.58 2.78 2.86 3.58 4.31 4.20 3.22 0.00 0.00 0.00 0.00 0.00 0.00 0.00 0.00 0.00 0.00 0.00 0.00 0.00 0.00 0.00 0.00 0.00 0.00 0.00 0.00 0.00 0.00 0.00 0.00 0.00 0.00
-1.04 -1.00 -0.95 -0.89 -0.84 -0.75 -0.73 -0.73 -0.72 -0.72 -0.74 -0.93 -1.21 -1.29 -1.35 -1.41 -1.52 -2.02 -2.46 -2.80 -2.86 -2.88 -2.90 -3.00 -3.23 -2.05 -1.76 -1.75 -1.66 -0.92 0.38 0.75 0.00 0.00 0.28 0.91 1.56 2.00 2.31 2.35 2.33 2.48 2.86 2.95 2.06 2.33 2.36 2.35 2.50 2.74 2.69 2.86 4.22 4.05 3.11 0.00 0.00 0.00 0.00 0.00 0.00 0.00 0.00 0.00 0.00 0.00 0.00 0.00 0.00 0.00 0.00 0.00 0.00 0.00 0.00 0.00 0.00 0.00 0.00 0.00 0.00
-1.02 -0.97 -0.92 -0.86 -0.76 -0.71 -0.68 -0.64 -0.64 -0.66 -0.68 -0.71 -1.11 -1.29 -1.38 -1.44 -1.56 -1.77 -2.55 -2.86 -2.91 -2.94 -2.95 -3.15 -2.78 -1.98 -1.79 -1.75 -1.59 -0.80 0.48 0.64 0.05 0.00 0.31 0.87 1.52 1.61 2.10 2.25 2.31 2.54 3.16 1.53 2.08 2.29 2.39 2.40 2.38 2.51 2.65 2.85 4.25 4.41 3.44 1.67 0.05 0.09 0.00 0.00 0.00 0.00 0.00 0.00 0.00 0.00 0.00 0.00 0.00 0.00 0.00 0.00 0.00 0.00 0.00 0.00 0.00 0.00 0.00 0.00 0.00
-1.00 -0.95 -0.89 -0.83 -0.72 -0.65 -0.62 -0.59 -0.58 -0.59 -0.63 -0.66 -0.95 -1.27 -1.40 -1.47 -1.61 -1.80 -2.65 -2.90 -2.95 -2.97 -2.98 -3.52 -2.39 -1.91 -1.74 -1.70 -1.38 -0.69 -0.01 0.54 0.05 0.09 0.54 0.94 1.54 1.50 1.80 2.11 2.25 2.78 3.51 1.39 1.91 2.18 2.29 2.38 3.26 3.43 3.40 3.73 4.48 4.31 3.68 3.38 2.48 2.34 1.78 0.10 0.00 0.00 0.00 0.00 0.00 0.00 0.00 0.00 0.00 0.00 0.00 0.00 0.00 0.00 0.00 0.00 0.00 0.00 0.00 0.00 0.00
