tsunami_inundation/3600.asc
ncols        89
nrows        96
xllcorner    425855.973699999973
yllcorner    5091051.504999999888
cellsize     55.000000000000
NODATA_value  -9999.00
[rows 0 to 35 of 96, columns 0 to 80 of 89]
-9999.00 -2.39 -2.34 -2.26 -2.19 -2.14 -2.02 -1.94 -1.83 -1.67 -1.38 -1.18 -1.08 -1.02 -0.98 -0.98 -0.95 -0.86 -0.77 -0.70 -0.69 -0.80 -0.86 -0.88 -0.90 -0.91 -0.91 -0.91 -1.08 -1.26 -1.49 -1.63 -1.97 -1.76 -1.28 -0.92 -0.75 -0.58 -0.36 0.17 0.94 0.08 0.01 0.27 0.22 0.01 0.01 0.03 0.04 1.37 3.18 3.46 3.46 3.45 3.45 3.44 3.45 3.45 3.45 1.56 2.26 2.39 2.00 1.43 0.00 0.00 0.28 1.54 2.43 2.64 2.04 1.99 1.53 1.89 1.57 0.00 0.00 0.00 0.00 0.00 0.00
-9999.00 -2.39 -2.35 -2.24 -2.18 -2.12 -2.00 -1.91 -1.79 -1.66 -1.39 -1.20 -1.09 -1.02 -0.96 -0.96 -0.93 -0.88 -0.81 -0.73 -0.70 -0.80 -0.88 -0.91 -0.94 -0.96 -0.96 -0.96 -1.33 -1.47 -1.57 -1.72 -2.04 -1.66 -1.20 -0.87 -0.69 -0.54 -0.37 0.05 0.97 0.00 0.02 0.05 0.26 0.15 0.05 0.00 1.69 3.13 3.47 3.46 3.46 3.45 3.44 3.44 3.44 3.45 3.45 1.63 2.28 2.47 2.30 1.46 0.02 0.01 0.26 1.85 2.58 2.71 2.19 1.56 1.58 1.77 1.64 0.00 0.00 0.00 0.00 0.00 0.00
-9999.00 -2.39 -2.30 -2.23 -2.17 -2.11 -2.04 -1.90 -1.78 -1.65 -1.44 -1.22 -1.11 -1.03 -0.94 -0.93 -0.93 -0.90 -0.83 -0.75 -0.72 -0.80 -0.89 -0.93 -0.97 -1.00 -1.00 -1.00 -1.08 -1.53 -1.63 -1.80 -2.07 -1.52 -1.11 -0.89 -0.63 -0.49 -0.37 -0.06 0.78 0.00 0.00 0.00 0.07 0.26 0.15 1.39 2.97 3.48 3.47 3.47 3.46 3.45 3.44 3.44 3.44 3.44 3.24 1.96 2.20 2.60 2.46 1.40 0.40 0.01 0.48 1.92 2.34 2.80 2.40 1.14 1.21 1.55 0.00 0.00 0.00 0.00 0.00 0.00 0.00
-9999.00 -2.39 -2.30 -2.24 -2.17 -2.10 -2.03 -1.90 -1.78 -1.65 -1.47 -1.24 -1.11 -1.04 -0.93 -0.91 -0.92 -0.91 -0.86 -0.77 -0.73 -0.80 -0.90 -0.96 -1.00 -1.03 -1.05 -1.06 -1.46 -1.59 -1.70 -1.93 -2.03 -1.44 -1.07 -0.86 -0.60 -0.46 -0.36 -0.13 0.40 0.19 0.00 0.01 0.01 0.07 0.08 2.34 3.39 3.49 3.48 3.47 3.46 3.45 3.44 3.44 3.44 3.45 3.34 2.43 2.30 2.62 2.43 1.31 0.44 0.72 1.43 2.29 2.67 2.91 2.55 1.35 1.34 1.24 0.00 0.00 0.00 0.00 0.00 0.00 0.00
-9999.00 -2.39 -2.30 -2.24 -2.17 -2.10 -2.03 -1.89 -1.78 -1.65 -1.49 -1.26 -1.12 -1.03 -0.96 -0.84 -0.85 -0.87 -0.88 -0.81 -0.78 -0.80 -0.92 -0.99 -1.03 -1.07 -1.09 -1.10 -1.21 -1.63 -1.75 -2.00 -1.95 -1.38 -1.04 -0.84 -0.56 -0.43 -0.33 -0.18 0.36 0.48 0.01 0.01 0.01 0.01 1.17 2.89 3.49 3.49 3.48 3.47 3.46 3.45 3.43 3.44 3.44 3.46 3.47 2.97 2.54 3.03 2.36 1.30 0.20 0.73 1.43 2.02 2.63 2.99 2.64 1.38 1.45 0.43 0.00 0.00 0.00 0.00 0.00 0.00 0.00
-9999.00 -2.39 -2.30 -2.24 -2.17 -2.09 -2.02 -1.89 -1.78 -1.66 -1.52 -1.32 -1.13 -1.02 -0.96 -0.81 -0.81 -0.84 -0.87 -0.84 -0.80 -0.79 -0.93 -1.01 -1.10 -1.15 -1.17 -1.14 -1.54 -1.65 -1.78 -2.05 -1.88 -1.33 -1.01 -0.81 -0.52 -0.39 -0.29 -0.15 0.30 0.39 0.01 0.01 0.01 0.01 1.59 3.26 3.51 3.51 3.52 3.49 3.47 3.46 3.43 3.43 3.43 3.46 3.48 3.50 3.53 3.47 3.12 2.22 0.23 0.67 1.53 2.12 2.73 3.09 2.73 1.42 1.41 0.00 0.00 0.00 0.00 0.00 0.00 0.00 0.00
-9999.00 -2.35 -2.30 -2.23 -2.16 -2.08 -2.00 -1.92 -1.78 -1.67 -1.53 -1.37 -1.15 -1.02 -0.95 -0.80 -0.79 -0.81 -0.85 -0.85 -0.81 -0.81 -0.96 -1.07 -1.15 -1.19 -1.21 -1.18 -1.49 -1.66 -1.79 -2.05 -1.83 -1.31 -1.00 -0.78 -0.48 -0.34 -0.24 -0.12 0.34 0.08 0.01 0.02 0.02 0.00 1.05 2.87 3.55 3.55 3.55 3.54 3.53 3.50 3.46 3.42 3.43 3.44 3.47 3.51 3.54 3.57 3.43 3.14 1.85 0.77 1.62 2.17 2.71 3.15 2.85 1.61 1.43 0.00 0.00 0.00 0.00 0.00 0.00 0.00 0.00
-9999.00 -2.34 -2.29 -2.23 -2.15 -2.08 -1.99 -1.91 -1.77 -1.67 -1.55 -1.41 -1.22 -1.04 -0.94 -0.80 -0.78 -0.78 -0.83 -0.84 -0.83 -0.83 -0.98 -1.10 -1.19 -1.23 -1.25 -1.26 -1.57 -1.68 -1.77 -1.94 -1.89 -1.37 -0.99 -0.75 -0.53 -0.28 -0.18 -0.05 0.60 1.05 0.01 0.01 0.03 0.01 1.30 2.80 3.52 3.52 3.53 3.54 3.54 3.54 3.47 3.42 3.41 3.42 2.18 2.55 3.55 3.58 3.61 3.63 3.65 2.54 1.60 2.23 2.76 3.20 3.04 2.20 2.08 0.00 0.00 0.00 0.00 0.00 0.00 0.00 0.00
-9999.00 -2.34 -2.28 -2.22 -2.15 -2.07 -1.98 -1.90 -1.77 -1.67 -1.56 -1.44 -1.29 -1.08 -0.94 -0.81 -0.77 -0.77 -0.81 -0.84 -0.85 -0.85 -0.99 -1.12 -1.22 -1.27 -1.30 -1.44 -1.63 -1.70 -1.76 -1.90 -1.94 -1.42 -0.95 -0.67 -0.37 -0.15 -0.05 0.08 0.60 0.02 0.05 0.00 0.00 0.44 1.76 2.95 3.44 3.45 3.46 3.49 3.50 3.52 3.53 3.45 3.40 3.40 1.20 1.14 2.18 3.60 3.62 3.64 3.67 3.68 1.84 2.32 2.64 3.25 3.32 2.87 2.61 0.00 0.00 0.00 0.00 0.00 0.00 0.00 0.00
-9999.00 -2.38 -2.27 -2.21 -2.14 -2.06 -1.98 -1.89 -1.76 -1.67 -1.57 -1.47 -1.34 -1.16 -0.98 -0.81 -0.77 -0.77 -0.80 -0.85 -0.87 -0.87 -0.90 -1.11 -1.21 -1.27 -1.30 -1.34 -1.65 -1.70 -1.75 -1.89 -1.96 -1.43 -0.91 -0.55 -0.32 -0.10 0.03 0.16 0.65 0.26 0.00 0.00 0.20 1.15 2.61 3.39 3.40 3.41 3.42 3.44 3.45 3.47 3.51 3.50 3.41 2.02 0.76 1.26 1.66 2.17 1.94 2.09 3.64 3.70 2.24 2.20 2.83 3.32 3.20 2.81 2.56 0.00 0.00 0.00 0.00 0.00 0.00 0.00 0.00
-9999.00 -2.40 -2.27 -2.20 -2.13 -2.06 -1.97 -1.89 -1.76 -1.67 -1.58 -1.49 -1.40 -1.27 -1.10 -0.81 -0.77 -0.77 -0.80 -0.85 -0.87 -0.86 -0.88 -1.08 -1.20 -1.27 -1.30 -1.35 -1.68 -1.72 -1.78 -1.92 -1.97 -1.38 -0.84 -0.49 -0.26 -0.03 0.13 0.28 0.71 2.01 2.12 1.32 0.97 2.40 3.26 3.35 3.37 3.39 3.39 3.40 3.42 3.43 3.48 3.50 2.55 0.80 1.15 1.67 1.75 1.81 1.72 1.72 3.26 3.71 2.67 2.35 2.91 3.39 3.37 2.82 2.85 1.30 0.00 0.00 0.00 0.00 0.00 0.00 0.00
-9999.00 -2.39 -2.27 -2.19 -2.12 -2.05 -1.97 -1.88 -1.79 -1.67 -1.59 -1.50 -1.41 -1.32 -0.99 -0.81 -0.76 -0.76 -0.78 -0.83 -0.85 -0.84 -0.85 -1.07 -1.22 -1.29 -1.32 -1.56 -1.72 -1.77 -1.84 -2.02 -1.96 -1.28 -0.76 -0.44 -0.22 -0.05 0.25 0.42 0.72 2.06 2.36 2.59 2.89 3.09 3.18 3.24 3.29 3.31 3.33 3.34 3.36 3.41 3.45 3.49 2.05 0.51 0.80 1.73 1.83 2.02 1.91 1.92 2.99 3.73 3.10 2.70 3.15 3.45 3.29 2.74 2.96 2.59 1.29 0.00 0.00 0.00 0.00 0.00 0.00
-2.38 -2.32 -2.26 -2.18 -2.11 -2.04 -1.96 -1.88 -1.79 -1.67 -1.59 -1.52 -1.43 -1.25 -1.12 -0.83 -0.75 -0.73 -0.75 -0.80 -0.82 -0.82 -0.84 -1.09 -1.25 -1.35 -1.39 -1.64 -1.77 -1.82 -1.96 -2.16 -1.83 -1.15 -0.68 -0.37 -0.18 0.05 0.45 0.65 1.45 2.04 2.37 2.61 2.91 3.06 3.13 3.19 3.24 3.28 3.30 3.33 3.35 3.39 3.42 3.43 1.18 0.51 0.96 1.69 1.78 1.82 1.79 1.83 2.68 3.75 2.30 2.54 3.04 3.51 3.38 2.63 2.74 2.57 2.81 1.71 0.00 0.00 0.00 0.00 0.00
-2.37 -2.31 -2.25 -2.18 -2.10 -2.02 -1.95 -1.88 -1.79 -1.67 -1.60 -1.52 -1.44 -1.36 -1.19 -1.05 -0.75 -0.69 -0.70 -0.77 -0.82 -0.82 -0.84 -1.11 -1.31 -1.42 -1.46 -1.73 -1.87 -1.91 -2.18 -2.36 -1.56 -0.96 -0.56 -0.32 -0.14 0.13 0.57 0.94 1.23 1.95 2.32 2.59 2.84 3.02 3.10 3.15 3.20 3.25 3.28 3.31 3.34 3.38 3.41 2.42 0.87 0.55 1.58 1.73 1.84 1.74 1.73 1.90 2.57 3.76 2.22 2.06 2.77 3.79 3.29 2.67 2.58 2.60 2.88 2.78 2.49 1.83 0.00 0.00 0.00
-2.37 -2.30 -2.25 -2.17 -2.09 -2.02 -1.95 -1.87 -1.79 -1.67 -1.60 -1.53 -1.45 -1.29 -1.22 -1.14 -0.87 -0.70 -0.67 -0.71 -0.80 -0.84 -0.87 -1.00 -1.38 -1.51 -1.58 -1.87 -1.94 -1.96 -2.32 -2.34 -1.42 -0.86 -0.50 -0.29 -0.12 0.24 0.70 1.04 1.26 1.71 2.22 2.56 2.77 2.96 3.07 3.11 3.15 3.22 3.27 3.31 3.35 3.37 3.41 1.77 0.56 0.90 1.66 1.75 1.75 1.80 2.14 1.88 2.58 3.79 1.89 2.49 2.89 3.80 3.11 2.58 2.55 2.47 2.67 2.52 2.19 1.87 1.66 0.14 0.00
-2.37 -2.33 -2.24 -2.17 -2.09 -2.01 -1.94 -1.87 -1.80 -1.68 -1.60 -1.53 -1.45 -1.28 -1.22 -1.17 -1.08 -0.94 -0.73 -0.68 -0.75 -0.83 -0.88 -1.01 -1.42 -1.56 -1.64 -1.96 -2.00 -2.02 -2.12 -2.32 -1.36 -0.81 -0.46 -0.28 -0.04 0.37 0.83 1.00 1.33 1.59 2.08 2.52 2.73 2.88 2.99 3.08 3.12 3.20 3.26 3.30 3.32 3.37 3.32 1.81 0.00 1.14 1.72 1.76 1.69 1.84 1.84 1.73 2.73 2.07 2.29 3.09 3.82 3.81 3.41 2.50 2.38 2.38 2.55 2.52 2.07 1.68 1.82 0.56 0.27
-2.38 -2.33 -2.25 -2.18 -2.10 -2.02 -1.94 -1.87 -1.80 -1.72 -1.60 -1.53 -1.45 -1.27 -1.20 -1.16 -1.11 -1.04 -0.94 -0.78 -0.78 -0.81 -0.88 -1.01 -1.45 -1.60 -1.70 -2.03 -2.07 -2.09 -2.14 -2.32 -1.34 -0.79 -0.45 -0.26 0.07 0.51 0.84 1.13 1.43 1.68 2.04 2.43 2.65 2.79 2.85 2.99 3.07 3.15 3.22 3.28 3.32 3.38 2.81 1.72 0.23 1.58 1.97 1.93 2.15 1.98 2.01 1.89 3.06 2.06 2.24 2.90 3.82 3.83 3.83 2.56 2.44 2.25 2.59 2.52 2.08 1.73 1.56 0.96 0.35
-2.40 -2.35 -2.26 -2.19 -2.12 -2.03 -1.95 -1.88 -1.80 -1.72 -1.60 -1.53 -1.44 -1.35 -1.19 -1.15 -1.11 -1.07 -1.02 -0.98 -0.94 -0.90 -0.90 -0.99 -1.48 -1.65 -1.94 -2.10 -2.12 -2.12 -2.14 -2.33 -1.34 -0.78 -0.46 -0.22 0.19 0.63 0.94 1.23 1.57 1.77 1.99 2.23 2.43 2.57 2.74 2.89 3.05 3.14 3.21 3.28 3.37 3.40 2.47 1.31 0.66 1.76 1.91 2.12 2.21 1.89 1.95 2.09 3.72 2.65 2.40 3.04 3.83 3.84 3.74 2.45 3.05 2.42 2.99 2.78 2.41 1.81 1.55 0.68 0.00
-2.43 -2.36 -2.27 -2.20 -2.13 -2.04 -1.96 -1.88 -1.80 -1.73 -1.60 -1.52 -1.44 -1.27 -1.19 -1.14 -1.12 -1.06 -1.04 -1.04 -1.10 -1.12 -1.06 -1.06 -1.50 -1.69 -1.82 -2.16 -2.18 -2.17 -2.24 -2.34 -1.35 -0.77 -0.48 -0.15 0.33 0.75 1.04 1.49 1.62 1.79 1.95 2.16 2.25 2.30 2.24 2.69 3.08 3.16 3.22 3.27 3.32 3.42 2.89 0.89 0.70 1.59 1.54 2.14 1.99 2.00 2.32 3.23 3.82 2.00 2.72 3.40 3.84 3.85 3.81 2.80 3.21 2.37 2.88 2.43 2.15 1.89 1.45 0.00 0.00
-2.44 -2.38 -2.31 -2.21 -2.14 -2.06 -1.97 -1.88 -1.80 -1.72 -1.60 -1.52 -1.43 -1.27 -1.20 -1.14 -1.11 -1.06 -1.04 -1.05 -1.13 -1.23 -1.26 -1.25 -1.43 -1.88 -2.13 -2.28 -2.34 -2.40 -2.61 -2.32 -1.32 -0.69 -0.44 -0.12 0.40 0.81 1.07 1.39 1.64 1.79 1.93 2.03 2.12 1.87 0.01 1.58 2.98 3.18 3.22 3.25 3.36 3.43 3.49 0.45 0.83 1.53 1.46 1.88 1.98 3.66 3.84 3.84 2.29 1.68 2.47 3.12 3.85 3.86 3.86 3.78 3.17 2.48 2.91 2.46 2.39 2.12 0.00 0.00 0.00
-2.44 -2.38 -2.31 -2.20 -2.13 -2.05 -1.97 -1.88 -1.80 -1.72 -1.64 -1.51 -1.43 -1.29 -1.22 -1.15 -1.11 -1.07 -1.04 -1.05 -1.12 -1.25 -1.35 -1.42 -1.63 -1.99 -2.33 -2.47 -2.54 -2.56 -2.72 -2.95 -1.29 -0.56 -0.41 -0.10 0.47 0.84 1.08 1.58 1.67 1.78 1.89 1.99 1.02 0.00 0.01 1.50 2.56 3.15 3.22 3.24 3.35 3.42 3.47 0.01 0.82 1.42 1.45 1.81 2.09 3.85 3.85 3.85 1.99 2.44 2.45 3.31 3.86 3.86 3.86 3.87 3.21 2.07 2.83 2.67 2.52 1.86 0.00 0.00 0.00
-2.44 -2.38 -2.31 -2.20 -2.12 -2.05 -1.96 -1.87 -1.78 -1.70 -1.63 -1.51 -1.38 -1.31 -1.25 -1.18 -1.12 -1.09 -1.07 -1.07 -1.12 -1.25 -1.36 -1.43 -1.65 -2.26 -2.44 -2.55 -2.61 -2.64 -2.80 -2.87 -1.24 -0.52 -0.42 -0.01 0.57 0.84 1.25 1.57 1.66 1.77 1.88 2.00 0.11 0.13 0.01 1.15 1.78 2.09 2.59 3.29 3.35 3.42 2.68 0.06 0.01 0.80 1.31 1.93 2.07 3.56 3.86 3.86 2.63 2.40 2.43 3.18 3.86 3.86 3.86 3.82 3.19 2.05 2.82 2.76 2.05 0.00 0.00 0.00 0.00
-2.43 -2.37 -2.30 -2.19 -2.11 -2.03 -1.95 -1.87 -1.78 -1.70 -1.62 -1.51 -1.45 -1.34 -1.27 -1.20 -1.17 -1.14 -1.09 -1.08 -1.12 -1.24 -1.36 -1.42 -1.64 -2.30 -2.46 -2.57 -2.64 -2.68 -2.86 -2.75 -1.22 -0.58 -0.51 0.13 0.64 0.86 1.19 1.50 1.61 1.73 1.80 1.75 0.02 0.02 0.02 1.29 1.26 1.15 1.61 3.31 3.36 3.41 1.75 0.00 0.05 0.18 1.25 1.95 2.04 3.68 3.87 3.86 2.36 2.58 2.59 2.65 3.86 3.86 3.86 3.73 3.42 2.26 2.86 1.78 0.00 0.00 0.00 0.00 0.00
-2.42 -2.36 -2.30 -2.18 -2.10 -2.02 -1.94 -1.86 -1.78 -1.69 -1.62 -1.51 -1.40 -1.35 -1.31 -1.25 -1.19 -1.16 -1.14 -1.10 -1.13 -1.24 -1.35 -1.42 -1.63 -2.32 -2.47 -2.57 -2.64 -2.69 -2.90 -2.67 -1.20 -0.68 -0.51 0.22 0.62 0.85 0.94 1.31 1.53 1.66 1.79 0.00 0.00 0.00 0.24 1.39 1.36 1.24 1.80 3.05 3.37 3.39 0.88 0.00 0.00 0.44 1.51 1.93 2.40 3.87 3.87 2.76 1.99 2.79 2.70 2.77 3.85 3.85 3.85 3.71 3.44 2.39 1.49 0.00 0.00 0.00 0.00 0.00 0.00
-2.41 -2.35 -2.29 -2.22 -2.10 -2.02 -1.94 -1.86 -1.77 -1.69 -1.61 -1.51 -1.40 -1.36 -1.32 -1.27 -1.21 -1.18 -1.16 -1.15 -1.15 -1.25 -1.35 -1.41 -1.60 -2.07 -2.48 -2.57 -2.62 -2.68 -2.88 -2.75 -1.20 -0.84 -0.39 0.33 0.53 0.73 0.95 1.25 1.49 1.61 1.77 0.04 0.00 0.12 1.19 1.37 1.35 1.28 1.94 3.34 3.37 3.38 0.12 0.00 0.02 0.93 1.84 2.04 3.15 3.88 3.16 1.96 1.93 2.68 2.47 2.90 3.85 3.85 3.61 3.85 2.73 2.43 0.00 0.00 0.00 0.00 0.00 0.00 0.00
-2.40 -2.34 -2.28 -2.21 -2.09 -2.01 -1.93 -1.85 -1.77 -1.69 -1.61 -1.54 -1.40 -1.36 -1.32 -1.28 -1.23 -1.19 -1.19 -1.18 -1.19 -1.28 -1.37 -1.42 -2.08 -2.41 -2.50 -2.55 -2.60 -2.63 -2.75 -2.92 -1.76 -0.98 -0.27 0.33 0.51 0.64 0.72 1.29 1.47 1.58 1.54 0.04 0.02 0.74 1.28 1.48 1.46 1.28 1.93 3.34 3.36 3.35 0.02 0.07 0.36 1.49 1.88 2.12 3.31 3.89 3.21 2.05 2.24 2.65 2.25 2.94 3.86 3.86 3.61 3.85 2.94 2.68 0.00 0.00 0.00 0.00 0.00 0.00 0.00
-2.39 -2.33 -2.26 -2.20 -2.09 -2.00 -1.92 -1.84 -1.77 -1.68 -1.60 -1.54 -1.40 -1.35 -1.32 -1.28 -1.23 -1.19 -1.20 -1.21 -1.22 -1.31 -1.40 -1.44 -1.57 -2.41 -2.50 -2.55 -2.58 -2.60 -2.60 -2.53 -2.01 -1.31 -0.17 0.28 0.46 0.54 0.73 1.32 1.46 1.55 1.19 0.01 0.10 1.20 1.24 1.50 1.49 1.36 2.13 3.35 3.36 2.06 0.02 0.00 0.46 1.51 1.72 1.92 3.83 3.91 3.33 2.00 2.21 2.38 2.39 3.17 3.86 3.86 3.86 3.86 3.19 2.72 2.03 0.00 0.00 0.00 0.00 0.00 0.00
-2.37 -2.31 -2.25 -2.19 -2.08 -1.99 -1.91 -1.83 -1.75 -1.67 -1.59 -1.44 -1.39 -1.34 -1.30 -1.27 -1.22 -1.18 -1.19 -1.24 -1.26 -1.36 -1.44 -1.46 -2.11 -2.40 -2.50 -2.55 -2.56 -2.57 -2.56 -2.42 -2.35 -1.34 -0.09 0.25 0.35 0.37 0.82 1.28 1.46 1.54 0.35 0.00 0.25 1.35 1.31 1.52 1.54 2.07 3.49 3.46 2.87 0.01 0.06 0.03 0.43 1.24 1.70 2.38 3.93 3.93 3.08 1.97 2.16 1.93 2.13 2.94 3.71 3.75 3.47 3.86 3.86 1.74 0.36 0.00 0.00 0.00 0.00 0.00 0.00
-2.35 -2.29 -2.22 -2.16 -2.06 -1.98 -1.90 -1.82 -1.74 -1.66 -1.58 -1.43 -1.38 -1.33 -1.29 -1.25 -1.20 -1.17 -1.18 -1.25 -1.30 -1.40 -1.49 -1.50 -1.66 -2.32 -2.49 -2.54 -2.55 -2.54 -2.52 -2.41 -2.51 -1.17 -0.08 0.18 0.26 0.25 1.12 1.29 1.45 1.05 0.03 0.03 1.24 1.46 1.34 1.54 1.61 2.50 3.59 3.54 0.94 0.00 0.06 0.00 0.54 1.31 1.80 2.97 3.94 3.94 2.80 1.86 2.40 2.11 2.44 3.17 3.00 2.68 2.79 3.87 3.37 0.00 0.00 0.00 0.00 0.00 0.00 0.00 0.00
-2.33 -2.27 -2.20 -2.14 -2.08 -1.97 -1.89 -1.81 -1.73 -1.65 -1.57 -1.42 -1.37 -1.32 -1.27 -1.23 -1.19 -1.17 -1.18 -1.25 -1.32 -1.45 -1.54 -1.55 -1.76 -2.35 -2.48 -2.51 -2.51 -2.52 -2.55 -2.56 -1.89 -1.53 -0.09 0.13 0.21 0.58 1.11 1.28 0.22 0.06 0.00 0.19 1.26 1.48 1.34 1.47 1.68 2.95 3.66 3.07 0.16 0.03 0.03 0.00 0.79 1.49 1.98 3.43 3.95 3.95 2.87 1.96 2.59 2.13 2.70 3.45 3.20 2.35 2.19 2.59 2.24 0.00 0.00 0.00 0.00 0.00 0.00 0.00 0.00
-2.31 -2.25 -2.19 -2.12 -2.05 -1.95 -1.87 -1.79 -1.71 -1.64 -1.49 -1.44 -1.36 -1.30 -1.25 -1.21 -1.17 -1.15 -1.17 -1.25 -1.33 -1.48 -1.59 -1.61 -2.33 -2.44 -2.49 -2.49 -2.50 -2.52 -2.62 -2.32 -1.54 -1.44 -0.16 0.09 0.16 0.68 1.07 1.22 0.00 0.04 0.00 0.46 1.22 1.53 1.39 1.53 2.42 3.79 3.71 0.61 0.07 0.00 0.04 0.10 1.03 1.55 2.05 3.60 3.96 3.96 3.15 2.42 1.92 2.19 2.92 3.70 2.21 0.00 0.00 0.00 0.00 0.00 0.00 0.00 0.00 0.00 0.00 0.00 0.00
-2.29 -2.23 -2.17 -2.10 -2.03 -1.93 -1.85 -1.77 -1.69 -1.62 -1.48 -1.42 -1.35 -1.29 -1.23 -1.18 -1.15 -1.14 -1.16 -1.25 -1.33 -1.50 -1.61 -1.65 -2.40 -2.49 -2.51 -2.49 -2.50 -2.53 -2.72 -1.98 -1.45 -1.46 -0.19 0.03 0.13 0.77 1.05 1.18 0.03 0.05 0.00 0.31 1.31 1.62 1.50 1.58 2.67 3.86 1.57 0.58 0.25 0.03 0.02 0.82 1.27 1.72 1.96 3.91 3.98 3.88 3.11 2.36 2.10 2.36 2.77 3.59 0.00 0.00 0.00 0.00 0.00 0.00 0.00 0.00 0.00 0.00 0.00 0.00 0.00
-2.27 -2.22 -2.15 -2.08 -2.01 -1.90 -1.83 -1.75 -1.68 -1.61 -1.47 -1.40 -1.32 -1.26 -1.20 -1.17 -1.15 -1.14 -1.16 -1.23 -1.34 -1.51 -1.61 -2.21 -2.46 -2.52 -2.52 -2.50 -2.51 -2.57 -2.69 -1.95 -1.38 -1.42 -0.22 -0.03 0.08 0.79 1.05 1.10 0.00 0.02 0.00 0.32 1.45 1.68 1.66 1.71 2.10 3.97 0.97 0.69 0.27 0.04 0.00 0.79 1.50 1.78 2.15 2.87 4.01 3.84 3.13 2.28 2.02 2.24 2.51 2.26 0.00 0.00 0.00 0.00 0.00 0.00 0.00 0.00 0.00 0.00 0.00 0.00 0.00
-2.26 -2.20 -2.14 -2.06 -1.99 -1.88 -1.80 -1.73 -1.66 -1.58 -1.52 -1.39 -1.30 -1.24 -1.18 -1.15 -1.14 -1.14 -1.17 -1.23 -1.34 -1.52 -1.62 -2.30 -2.48 -2.53 -2.55 -2.50 -2.50 -2.61 -2.45 -2.06 -1.39 -1.34 -0.28 -0.07 0.29 0.83 1.00 0.02 0.16 0.00 0.05 0.79 1.67 1.82 1.78 1.80 2.16 4.03 0.90 0.70 0.09 0.04 0.03 0.17 1.35 1.81 1.33 2.77 4.03 3.30 2.88 2.05 2.22 2.14 2.04 0.00 0.00 0.00 0.00 0.00 0.00 0.00 0.00 0.00 0.00 0.00 0.00 0.00 0.00
-2.25 -2.19 -2.13 -2.06 -1.98 -1.90 -1.79 -1.71 -1.64 -1.57 -1.51 -1.38 -1.28 -1.22 -1.17 -1.14 -1.14 -1.15 -1.17 -1.23 -1.35 -1.53 -1.64 -2.34 -2.48 -2.54 -2.56 -2.49 -2.47 -2.59 -2.33 -2.12 -1.45 -1.25 -0.88 -0.14 -0.11 0.86 0.03 0.00 0.07 0.00 0.16 1.01 1.82 1.93 1.88 1.92 2.33 4.09 0.93 0.71 0.08 0.07 0.02 0.10 1.44 1.55 1.17 3.36 4.06 3.17 2.02 2.03 1.94 1.30 0.00 0.00 0.00 0.00 0.00 0.00 0.00 0.00 0.00 0.00 0.00 0.00 0.00 0.00 0.00
-2.25 -2.18 -2.12 -2.05 -1.98 -1.90 -1.78 -1.70 -1.63 -1.56 -1.44 -1.37 -1.30 -1.20 -1.15 -1.13 -1.13 -1.15 -1.17 -1.23 -1.36 -1.54 -1.68 -1.94 -2.48 -2.55 -2.56 -2.49 -2.43 -2.50 -2.44 -1.92 -1.52 -1.28 -1.01 -0.20 -0.10 0.90 0.76 0.04 0.00 0.04 0.24 1.48 1.99 2.09 2.02 2.10 2.77 4.14 0.96 0.79 0.08 0.08 0.00 0.40 1.12 1.07 1.52 3.66 4.09 2.83 1.90 2.34 2.92 0.00 0.00 0.00 0.00 0.00 0.00 0.00 0.00 0.00 0.00 0.00 0.00 0.00 0.00 0.00 0.00
